Combi,k_eff
"(3, 5)",106.19047184456673
"(24, 48)",88.8223899076549
"(3, 5, 14)",79.89030516345451
"(20, 49)",79.62506396330761
"(3, 5, 20)",79.04651375474785
"(3, 5, 12)",78.16918671726539
"(3, 4, 5)",77.61942092376125
"(11, 14)",76.77135009648522
"(3, 5, 48)",76.47374678843362
"(3, 5, 38)",76.3494169484793
"(3, 5, 31)",76.27958095417686
"(3, 5, 49)",75.54548534792492
"(3, 5, 21)",75.40100384000391
"(3, 5, 34)",75.28117535656997
"(0, 3, 5)",75.17039407359917
"(3, 5, 47)",75.03079707347929
"(3, 5, 19)",74.58838770621597
"(3, 5, 39)",74.42914960839514
"(3, 5, 28)",74.30886433461849
"(3, 5, 11)",74.22384897249827
"(3, 5, 6)",74.22264572039498
"(3, 5, 33)",73.96850292546603
"(3, 5, 16)",73.88285686313998
"(3, 5, 8)",73.35066583389703
"(3, 5, 26)",73.07445297940664
"(3, 5, 37)",72.99073766046746
"(3, 5, 7)",72.9746244130019
"(3, 5, 10)",72.70040981370539
"(3, 5, 32)",72.57860204765907
"(3, 5, 35)",72.52605420013622
"(3, 5, 13)",72.14749660329336
"(3, 5, 23)",71.96831717949951
"(3, 5, 45)",71.9436610076869
"(3, 5, 44)",71.84393094442636
"(3, 5, 43)",71.80641392259689
"(3, 5, 17)",71.31649742913729
"(3, 5, 9)",71.23580216795821
"(1, 3, 5)",71.06875821355548
"(3, 5, 41)",70.71324540142871
"(2, 3, 5)",70.62952249454767
"(3, 5, 22)",70.62952249454767
"(3, 5, 27)",70.62952249454767
"(3, 5, 36)",70.62952249454767
"(14, 24, 48)",68.33842755577416
"(20, 24, 48)",67.4946361470675
"(24, 46)",67.37946049176901
"(12, 24, 48)",66.61730910958504
"(5, 24, 48)",66.29548829235728
"(24, 38, 48)",64.79753934079895
"(24, 48, 49)",63.99360774024456
"(21, 24, 48)",63.84912623232355
"(24, 25, 48)",63.75684402919456
"(24, 34, 48)",63.72929774888963
"(15, 24, 48)",63.65271211210444
"(3, 20, 49)",63.523709983642895
"(24, 47, 48)",63.478919465798946
"(19, 24, 48)",63.03651009853561
"(24, 39, 48)",62.877272000714775
"(24, 28, 48)",62.75698672693814
"(11, 24, 48)",62.671971364817914
"(6, 24, 48)",62.670768112714626
"(16, 24, 48)",62.330979255459624
"(24, 40, 48)",62.08741159739094
"(20, 24, 49)",61.989101107983906
"(3, 11, 14)",61.62564470293901
"(24, 26, 48)",61.52257537172628
"(24, 37, 48)",61.43886005278711
"(7, 24, 48)",61.422746805321545
"(10, 24, 48)",61.14853220602504
"(24, 30, 48)",61.1077175924177
"(24, 32, 48)",61.02672443997873
"(24, 35, 48)",60.97417659245586
"(13, 24, 48)",60.59561899561301
"(12, 20, 49)",60.49997364254991
"(24, 29, 48)",60.45411690266338
"(23, 24, 48)",60.41643957181915
"(26, 31)",60.41074006416724
"(24, 43, 48)",60.254536314916535
"(5, 20, 49)",60.17815282532216
"(11, 14, 24)",60.091035827280024
"(4, 20, 49)",59.950207849045775
"(9, 24, 48)",59.68392456027786
"(1, 24, 48)",59.51688060587513
"(24, 41, 48)",59.161367793748354
"(2, 24, 48)",59.07764488686732
"(22, 24, 48)",59.07764488686732
"(24, 36, 48)",59.07764488686732
"(20, 48, 49)",58.804533713718136
"(20, 38, 49)",58.68020387376382
"(20, 31, 49)",58.610367879461386
"(11, 12, 14)",58.60190836184603
"(5, 11, 14)",58.280087544618276
"(4, 11, 14)",58.05214256834189
"(20, 21, 49)",57.73179076528843
"(20, 25, 49)",57.639508562159435
"(20, 34, 49)",57.6119622818545
"(15, 20, 49)",57.53537664506931
"(0, 20, 49)",57.50118099888368
"(20, 47, 49)",57.36158399876382
"(19, 20, 49)",56.91917463150048
"(11, 14, 48)",56.906468433014254
"(11, 14, 38)",56.78213859305994
"(20, 39, 49)",56.75993653367966
"(11, 14, 31)",56.7123025987575
"(11, 20, 49)",56.55463589778279
"(6, 20, 49)",56.55343264567951
"(0, 40)",56.34839653989321
"(20, 33, 49)",56.299289850750554
"(16, 20, 49)",56.213643788424505
"(11, 14, 49)",55.97820699250556
"(20, 40, 49)",55.97007613035582
"(11, 14, 21)",55.83372548458455
"(4, 7)",55.74908557013777
"(11, 14, 25)",55.74144328145555
"(3, 5, 30)",55.7310696506701
"(11, 14, 15)",55.63731136436543
"(0, 11, 14)",55.6031157181798
"(11, 14, 47)",55.46351871805994
"(20, 26, 49)",55.405239904691165
"(20, 37, 49)",55.32152458575199
"(7, 20, 49)",55.305411338286426
"(3, 5, 42)",55.279844663703834
"(24, 46, 48)",55.24009064061626
"(10, 20, 49)",55.03119673898991
"(11, 14, 19)",55.0211093507966
"(20, 30, 49)",54.990382125382574
"(11, 14, 39)",54.86187125297577
"(20, 35, 49)",54.85684112542074
"(6, 11, 14)",54.65536736497562
"(13, 20, 49)",54.47828352857788
"(20, 29, 49)",54.33678143562826
"(20, 23, 49)",54.29910410478402
"(20, 45, 49)",54.27444793297143
"(20, 44, 49)",54.17471786971088
"(20, 43, 49)",54.13720084788142
"(11, 14, 40)",54.07201084965193
"(14, 24, 46)",54.069305606884676
"(8, 11, 14)",53.783387478477664
"(17, 20, 49)",53.647284354421814
"(9, 20, 49)",53.56658909324273
"(11, 14, 26)",53.50717462398728
"(11, 14, 37)",53.423459305048105
"(7, 11, 14)",53.407346057582544
"(1, 20, 49)",53.399545138840004
"(20, 24, 46)",53.225514198178004
"(10, 11, 14)",53.13313145828603
"(11, 14, 30)",53.09231684467869
"(20, 41, 49)",53.04403232671323
"(2, 20, 49)",52.9603094198322
"(20, 22, 49)",52.9603094198322
"(20, 27, 49)",52.9603094198322
"(20, 36, 49)",52.9603094198322
"(20, 42, 49)",52.9603094198322
"(20, 46, 49)",52.9603094198322
"(11, 13, 14)",52.580218247874
"(11, 14, 29)",52.43871615492438
"(11, 14, 23)",52.40103882408014
"(11, 14, 45)",52.376382652267544
"(12, 24, 46)",52.348187160695545
"(11, 14, 44)",52.276652589007
"(11, 14, 43)",52.239135567177534
"(4, 36)",52.16374475343428
"(4, 24, 46)",51.79842136719141
"(11, 14, 17)",51.749219073717924
"(1, 11, 14)",51.50147985813612
"(2, 11, 14)",51.06224413912832
"(11, 14, 18)",51.06224413912832
"(11, 14, 27)",51.06224413912832
"(11, 14, 42)",51.06224413912832
"(3, 26, 31)",50.737602198983
"(24, 38, 46)",50.52841739190946
"(24, 46, 49)",49.72448579135508
"(21, 24, 46)",49.580004283434064
"(24, 25, 46)",49.48772208030507
"(24, 34, 46)",49.46017580000014
"(14, 26, 31)",49.43498430407915
"(15, 24, 46)",49.38359016321495
"(24, 46, 47)",49.209797516909454
"(24, 26, 31)",49.202993323324016
"(19, 24, 46)",48.767388149646116
"(24, 39, 46)",48.608150051825284
"(20, 26, 31)",48.59119289537247
"(6, 24, 46)",48.401646163825134
"(24, 33, 46)",48.14750336889618
"(3, 5, 18)",48.06200710349127
"(16, 24, 46)",48.06185730657013
"(24, 40, 46)",47.81828964850145
"(12, 26, 31)",47.71386585789002
"(3, 4, 7)",47.64329318440249
"(5, 26, 31)",47.39204504066227
"(24, 26, 46)",47.25345342283679
"(24, 37, 46)",47.16973810389762
"(7, 24, 46)",47.15362485643205
"(24, 30, 46)",46.83859564352821
"(24, 32, 46)",46.75760249108924
"(0, 14, 40)",46.733454614454885
"(24, 35, 46)",46.70505464356637
"(0, 24, 40)",46.50146363369975
"(4, 7, 14)",46.340675289498634
"(24, 29, 46)",46.18499495377389
"(23, 24, 46)",46.147317622929656
"(4, 7, 24)",46.1086843087435
"(24, 44, 46)",46.02293138785652
"(24, 43, 46)",45.985414366027044
"(25, 40)",45.91888583952134
"(26, 31, 38)",45.89409608910393
"(0, 20, 40)",45.889663205748214
"(4, 7, 20)",45.49688388079196
"(17, 24, 46)",45.49549787256744
"(9, 24, 46)",45.41480261138837
"(3, 4, 36)",45.253205680321116
"(1, 24, 46)",45.24775865698564
"(26, 31, 49)",45.09016448854955
"(0, 12, 40)",45.01233616826576
"(21, 26, 31)",44.94568298062853
"(24, 41, 46)",44.89224584485886
"(25, 26, 31)",44.853400777499544
"(26, 31, 34)",44.82585449719461
"(22, 24, 46)",44.80852293797783
"(24, 27, 46)",44.80852293797783
"(15, 26, 31)",44.74926886040942
"(0, 26, 31)",44.71507321422379
"(0, 5, 40)",44.690515351038
"(4, 7, 12)",44.61955684330951
"(0, 4, 40)",44.462570374761626
"(4, 5, 7)",44.29773602608175
"(19, 26, 31)",44.13306684684059
"(26, 28, 31)",43.85354347524312
"(11, 26, 31)",43.7685281131229
"(6, 26, 31)",43.76732486101961
"(4, 24, 36)",43.71859680466213
"(26, 31, 33)",43.513182066090664
"(16, 26, 31)",43.42753600376461
"(15, 44)",43.205310410631355
"(0, 38, 40)",43.19256639947967
"(26, 31, 40)",43.183968345695924
"(0, 31, 40)",43.122730405177236
"(4, 20, 36)",43.10679637671059
"(5, 42)",43.10531919209241
"(0, 44)",42.950117437890746
"(8, 26, 31)",42.895344974521656
"(4, 7, 31)",42.729951080220985
"(26, 31, 37)",42.5354168010921
"(7, 26, 31)",42.51930355362653
"(0, 40, 49)",42.38863479892529
"(10, 26, 31)",42.24508895433002
"(4, 12, 36)",42.22946933922814
"(26, 30, 31)",42.204274340722684
"(26, 31, 32)",42.12328118828371
"(26, 31, 35)",42.070733340760846
"(4, 7, 49)",41.99585547396904
"(4, 5, 36)",41.90764852200038
"(0, 40, 47)",41.87394652447966
"(4, 7, 34)",41.731545482614095
"(4, 7, 15)",41.65495984582891
"(26, 29, 31)",41.55067365096836
"(23, 26, 31)",41.51299632012413
"(26, 31, 45)",41.488340148311536
"(4, 7, 47)",41.48116719952341
"(5, 30)",41.44330084562859
"(0, 19, 40)",41.431537157216326
"(26, 31, 44)",41.38861008505099
"(26, 31, 43)",41.35109306322152
"(0, 39, 40)",41.2722990593955
"(0, 11, 40)",41.06699842349863
"(0, 6, 40)",41.06579517139535
"(4, 7, 39)",40.87951973443925
"(17, 26, 31)",40.861176569761916
"(0, 33, 40)",40.8116523764664
"(9, 26, 31)",40.78048130858284
"(4, 7, 28)",40.759234460662604
"(0, 16, 40)",40.72600631414035
"(4, 7, 11)",40.67421909854238
"(4, 6, 7)",40.6730158464391
"(1, 26, 31)",40.613437354180114
"(4, 7, 33)",40.41887305151015
"(4, 36, 38)",40.40969957044205
"(4, 31, 36)",40.339863576139614
"(4, 7, 16)",40.3332269891841
"(26, 31, 41)",40.25792454205334
"(0, 8, 40)",40.1938152848974
"(18, 26, 31)",40.17420163517231
"(22, 26, 31)",40.17420163517231
"(26, 31, 36)",40.17420163517231
"(26, 31, 42)",40.17420163517231
"(4, 7, 40)",40.08965933111541
"(0, 26, 40)",39.91760243040701
"(0, 37, 40)",39.83388711146783
"(14, 25, 40)",39.80240211923025
"(11, 14, 32)",39.63023834624458
"(4, 36, 49)",39.605767969887665
"(24, 25, 40)",39.570411138475116
"(0, 10, 40)",39.543559264705756
"(4, 7, 37)",39.44110778651158
"(0, 35, 40)",39.36920365113659
"(4, 34, 36)",39.34145797853273
"(4, 15, 36)",39.26487234174754
"(0, 4, 36)",39.23067669556191
"(0, 3, 44)",39.12598192552503
"(4, 7, 30)",39.10996532614217
"(4, 36, 47)",39.09107969544205
"(0, 13, 40)",38.99064605429373
"(4, 7, 35)",38.976424326180336
"(20, 25, 40)",38.95861071052357
"(11, 14, 33)",38.9433883292553
"(0, 25, 40)",38.864541220540026
"(0, 29, 40)",38.849143961344105
"(0, 40, 45)",38.78681045868727
"(0, 40, 43)",38.64956337359726
"(4, 19, 36)",38.64867032817871
"(4, 36, 39)",38.48943223035788
"(4, 7, 23)",38.418687305543614
"(4, 7, 45)",38.39403113373102
"(4, 28, 36)",38.36914695658123
"(4, 11, 36)",38.284131594461016
"(4, 7, 43)",38.25678404864101
"(0, 17, 40)",38.15964688013766
"(12, 25, 40)",38.08128367304112
"(0, 9, 40)",38.078951618958584
"(4, 33, 36)",38.028785547428775
"(14, 15, 44)",37.993071833105816
"(4, 16, 36)",37.943139485102726
"(5, 14, 42)",37.9310396008928
"(0, 1, 40)",37.91190766455585
"(0, 14, 44)",37.823364030621185
"(15, 24, 44)",37.76108085235068
"(5, 25, 40)",37.75946285581337
"(4, 36, 40)",37.69957182703404
"(7, 19)",37.64760470055443
"(0, 24, 44)",37.59137304986605
"(0, 40, 41)",37.55639485242907
"(1, 4, 7)",37.5191283395996
"(0, 18, 40)",37.47267194554804
"(0, 22, 40)",37.47267194554804
"(0, 27, 40)",37.47267194554804
"(0, 36, 40)",37.47267194554804
"(0, 40, 42)",37.47267194554804
"(39, 44)",37.41840800400283
"(4, 7, 36)",37.31727506649402
"(15, 20, 44)",37.149280424399144
"(5, 20, 42)",37.087248192186124
"(2, 4, 7)",37.07989262059179
"(4, 7, 18)",37.07989262059179
"(4, 7, 42)",37.07989262059179
"(4, 7, 46)",37.07989262059179
"(4, 36, 37)",37.05102028243021
"(0, 20, 44)",36.97957262191451
"(5, 14, 30)",36.83274282164202
"(4, 10, 36)",36.76069243566814
"(4, 7, 19)",36.752297778497386
"(5, 24, 30)",36.600751840886886
"(25, 40, 48)",36.385843744209346
"(12, 15, 44)",36.27195338691669
"(5, 12, 42)",36.20992115470367
"(25, 31, 40)",36.191677909952595
"(0, 12, 44)",36.102245584432055
"(4, 23, 36)",36.02859980146225
"(4, 36, 45)",36.00394362964965
"(5, 20, 30)",35.98895141293534
"(5, 15, 44)",35.95013256968893
"(4, 36, 44)",35.9042135663891
"(4, 36, 43)",35.86669654455964
"(0, 5, 44)",35.780424767204295
"(4, 15, 44)",35.722187593412556
"(4, 5, 42)",35.660155361199536
"(3, 7, 19)",35.60361647843372
"(0, 4, 44)",35.55247979092792
"(25, 40, 49)",35.45758230370065
"(3, 39, 44)",35.447298136050726
"(0, 40, 44)",35.376861825211655
"(4, 17, 36)",35.376780051100035
"(21, 25, 40)",35.31310079577964
"(1, 4, 36)",35.12904083551823
"(15, 25, 40)",35.11668667556052
"(5, 12, 30)",35.11162437545289
"(25, 40, 47)",34.94289402925503
"(2, 4, 36)",34.68980511651042
"(4, 18, 36)",34.68980511651042
"(4, 36, 42)",34.68980511651042
"(4, 5, 30)",34.561858581948755
"(5, 42, 48)",34.5144812258719
"(19, 25, 40)",34.50048466199169
"(15, 38, 44)",34.452183618130604
"(5, 38, 42)",34.390151385917584
"(15, 31, 44)",34.38234762382817
"(5, 31, 42)",34.320315391615146
"(7, 14, 19)",34.300998583529875
"(0, 38, 44)",34.28247581564597
"(0, 31, 44)",34.21263982134353
"(14, 39, 44)",34.14468024114688
"(11, 25, 40)",34.135945928274
"(6, 25, 40)",34.13474267617071
"(7, 19, 24)",34.06900760277474
"(4, 9)",34.04125757674214
"(24, 39, 44)",33.912689260391744
"(16, 25, 40)",33.79495381891571
"(15, 44, 49)",33.64825201757622
"(5, 42, 49)",33.5862197853632
"(15, 21, 44)",33.503770509655205
"(0, 44, 49)",33.47854421509158
"(7, 19, 20)",33.457207174823196
"(5, 21, 42)",33.441738277442184
"(5, 30, 48)",33.416184446621116
"(15, 25, 44)",33.41148830652621
"(15, 34, 44)",33.38394202622128
"(5, 25, 42)",33.349456074313196
"(16, 44)",33.341571178299674
"(20, 39, 44)",33.3008888324402
"(5, 30, 38)",33.2918546066668
"(8, 25, 40)",33.262762789672756
"(5, 15, 42)",33.245324157223074
"(0, 25, 44)",33.24178050404158
"(5, 30, 31)",33.222018612364366
"(0, 5, 42)",33.211128511037444
"(3, 4, 9)",33.210829178414635
"(15, 44, 47)",33.133563743130594
"(0, 28, 40)",33.0203476127282
"(25, 26, 40)",32.98654993518237
"(0, 44, 47)",32.963855940645956
"(25, 37, 40)",32.9028346162432
"(7, 25, 40)",32.88672136877763
"(3, 16, 44)",32.73613014679044
"(15, 19, 44)",32.69115437586726
"(5, 19, 42)",32.62912214365424
"(10, 25, 40)",32.61250676948112
"(7, 12, 19)",32.579880137340744
"(0, 19, 44)",32.521446573382626
"(25, 32, 40)",32.49069900343481
"(5, 30, 49)",32.48792300611242
"(5, 39, 42)",32.46988404583341
"(12, 39, 44)",32.42356179495775
"(15, 28, 44)",32.411631004269786
"(5, 28, 42)",32.34959877205677
"(11, 15, 44)",32.32661564214956
"(5, 11, 42)",32.26458340993655
"(5, 6, 42)",32.26338015783326
"(5, 7, 19)",32.25805932011299
"(5, 25, 30)",32.251159295062415
"(0, 28, 44)",32.24192320178515
"(5, 30, 34)",32.223613014757476
"(0, 11, 44)",32.15690783966493
"(5, 15, 30)",32.14702737797229
"(0, 5, 30)",32.11283173178666
"(5, 39, 44)",32.10174097772999
"(15, 33, 44)",32.07126959511733
"(13, 25, 40)",32.05959355906909
"(5, 33, 42)",32.00923736290431
"(5, 30, 47)",31.973234731666796
"(25, 29, 40)",31.918091466119467
"(0, 33, 44)",31.90156179263269
"(4, 39, 44)",31.873796001453613
"(25, 40, 45)",31.855757963462633
"(25, 40, 44)",31.75602790020209
"(15, 40, 44)",31.742055874722592
"(25, 40, 43)",31.718510878372623
"(3,)",31.69020169143209
"(5, 40, 42)",31.680023642509575
"(4, 9, 24)",31.676220302755645
"(13, 24, 46)",31.640280308367664
"(4, 7, 9)",31.53994115379284
"(5, 19, 30)",31.530825364403462
"(8, 15, 44)",31.453432503548324
"(14, 16, 44)",31.433512251886587
"(5, 8, 42)",31.391400271335307
"(0, 8, 44)",31.283724701063687
"(5, 28, 30)",31.25130199280599
"(17, 25, 40)",31.22859438491302
"(16, 24, 44)",31.201521271131448
"(15, 39, 44)",31.196107768478647
"(15, 26, 44)",31.17721964905794
"(5, 11, 30)",31.166286630685764
"(9, 25, 40)",31.147899123733943
"(5, 26, 42)",31.115187416844922
"(0, 39, 44)",31.093520885307562
"(15, 37, 44)",31.093504330118762
"(4, 9, 20)",31.06441987480411
"(5, 37, 42)",31.031472097905745
"(5, 7, 42)",31.015358850440183
"(0, 26, 44)",31.0075118465733
"(1, 25, 40)",30.980855169331214
"(0, 37, 44)",30.923796527634128
"(5, 30, 33)",30.910940583653527
"(7, 19, 48)",30.88444020850897
"(5, 16, 30)",30.82529452132748
"(10, 15, 44)",30.80317648335669
"(15, 30, 44)",30.76236186974935
"(5, 10, 42)",30.741144251143673
"(7, 19, 31)",30.69027437425222
"(15, 32, 44)",30.68136871731038
"(0, 10, 44)",30.633468680872053
"(15, 35, 44)",30.628820869787518
"(25, 40, 41)",30.625342357204435
"(5, 32, 42)",30.619336485097364
"(38, 39, 44)",30.603792026171657
"(0, 30, 44)",30.592654067264714
"(16, 20, 44)",30.58972084317991
"(5, 35, 42)",30.5667886375745
"(18, 25, 40)",30.541619450323406
"(22, 25, 40)",30.541619450323406
"(25, 27, 40)",30.541619450323406
"(25, 36, 40)",30.541619450323406
"(25, 40, 42)",30.541619450323406
"(25, 40, 46)",30.541619450323406
"(31, 39, 44)",30.533956031869224
"(0, 35, 44)",30.45911306730288
"(5, 8, 30)",30.293103492084526
"(13, 15, 44)",30.25026327294466
"(5, 13, 42)",30.188231040731644
"(4, 9, 12)",30.18709283732165
"(0, 13, 44)",30.080555470460023
"(15, 23, 44)",30.0710838491508
"(5, 29, 42)",30.046728947782018
"(15, 44, 45)",30.0464276773382
"(5, 26, 30)",30.016890637594138
"(5, 23, 42)",30.009051616937782
"(28, 40)",29.976346532858667
"(7, 19, 49)",29.956178768000274
"(5, 7, 30)",29.9170620711894
"(15, 43, 44)",29.90918059224819
"(0, 23, 44)",29.901376046666165
"(5, 42, 44)",29.88466538186464
"(0, 44, 45)",29.876719874853563
"(4, 5, 9)",29.865272020093897
"(5, 42, 43)",29.847148360035174
"(7, 19, 21)",29.81169726007926
"(39, 44, 49)",29.799860425617275
"(0, 43, 44)",29.739472789763553
"(3, 14)",29.736274849076317
"(7, 19, 25)",29.719415056950268
"(12, 16, 44)",29.712393805697456
"(7, 19, 34)",29.691868776645336
"(21, 39, 44)",29.65537891769626
"(5, 10, 30)",29.64284747189289
"(7, 15, 19)",29.615283139860146
"(25, 28, 40)",29.590850265489355
"(15, 16, 44)",29.55723041752946
"(34, 39, 44)",29.535550434262337
"(5, 30, 32)",29.52103970584658
"(5, 30, 35)",29.468491858323716
"(0, 16, 44)",29.454643534358382
"(7, 19, 47)",29.441490493554653
"(15, 17, 44)",29.419264098788585
"(5, 16, 44)",29.3905729884697
"(9, 15, 44)",29.33856883760951
"(5, 30, 42)",29.32258107309392
"(39, 44, 47)",29.285172151171654
"(5, 9, 42)",29.276536605396494
"(0, 17, 44)",29.24955629630395
"(4, 9, 36)",29.172135590650335
"(1, 15, 44)",29.17152488320678
"(0, 9, 44)",29.168861035124877
"(4, 16, 44)",29.16262801219332
"(1, 5, 42)",29.109492650993765
"(5, 13, 30)",29.08993426148086
"(0, 1, 44)",29.001817080722144
"(24, 28, 40)",28.97186126186158
"(5, 29, 30)",28.948432168531234
"(5, 23, 30)",28.910754837687
"(5, 30, 45)",28.8860986658744
"(19, 39, 44)",28.842762783908316
"(7, 19, 39)",28.839843028470483
"(15, 41, 44)",28.816012071080003
"(5, 30, 44)",28.78636860261386
"(5, 41, 42)",28.753979838866986
"(5, 30, 43)",28.74885158078439
"(2, 15, 44)",28.732289164198974
"(15, 18, 44)",28.732289164198974
"(15, 22, 44)",28.732289164198974
"(15, 27, 44)",28.732289164198974
"(15, 36, 44)",28.732289164198974
"(15, 42, 44)",28.732289164198974
"(15, 44, 46)",28.732289164198974
"(7, 19, 28)",28.719557754693845
"(2, 5, 42)",28.670256931985957
"(5, 22, 42)",28.670256931985957
"(5, 27, 42)",28.670256931985957
"(5, 36, 42)",28.670256931985957
"(0, 41, 44)",28.64630426859537
"(7, 11, 19)",28.63454239257362
"(6, 7, 19)",28.633339140470337
"(28, 39, 44)",28.563239412310846
"(0, 2, 44)",28.562581361714336
"(0, 18, 44)",28.562581361714336
"(0, 22, 44)",28.562581361714336
"(0, 27, 44)",28.562581361714336
"(0, 36, 44)",28.562581361714336
"(0, 42, 44)",28.562581361714336
"(11, 39, 44)",28.478224050190622
"(3, 20)",28.4705877360163
"(7, 19, 33)",28.379196345541384
"(4, 9, 38)",28.367323068535562
"(20, 28, 40)",28.36006083391004
"(4, 9, 31)",28.297487074233125
"(7, 16, 19)",28.293550283215332
"(5, 17, 30)",28.258935087324787
"(33, 39, 44)",28.222878003158385
"(5, 9, 30)",28.178239826145713
"(7, 19, 40)",28.049982625146647
"(39, 40, 44)",27.893664282763652
"(16, 38, 44)",27.892624036911368
"(16, 31, 44)",27.82278804260893
"(14,)",27.78234800672054
"(7, 8, 19)",27.76135925397238
"(5, 30, 41)",27.655683059616205
"(8, 39, 44)",27.60504091158938
"(2, 5, 30)",27.571960152735173
"(4, 9, 49)",27.56339146798118
"(7, 19, 26)",27.485146399481994
"(12, 28, 40)",27.48273379642759
"(14, 24)",27.434361535587833
"(7, 19, 37)",27.40143108054282
"(3, 12, 14)",27.363847455435256
"(4, 9, 34)",27.29908147662624
"(25, 39, 40)",27.261442100613145
"(37, 39, 44)",27.245112738159822
"(16, 39, 44)",27.23091133932082
"(4, 9, 15)",27.222495839841052
"(0, 4, 9)",27.188300193655426
"(5, 28, 40)",27.16091297919983
"(3, 12)",27.154597179792617
"(3, 11, 32)",27.090645011498424
"(16, 44, 49)",27.088692436356986
"(24,)",27.086375064455126
"(7, 19, 30)",27.070288620173407
"(4, 9, 47)",27.04870319353556
"(7, 19, 32)",26.989295467734436
"(10, 39, 44)",26.954784891397747
"(16, 21, 44)",26.94421092843597
"(7, 19, 35)",26.936747620211573
"(4, 28, 40)",26.932968002923452
"(16, 25, 44)",26.85192872530698
"(32, 39, 44)",26.832977125351437
"(16, 34, 44)",26.824382445002044
"(3, 4, 14)",26.81408166193112
"(35, 39, 44)",26.780429277828574
"(4, 9, 19)",26.60629382627222
"(16, 44, 47)",26.574004161911365
"(25, 33, 40)",26.570472262743884
"(7, 13, 19)",26.558190023368716
"(3, 12, 20)",26.52005604672858
"(4, 9, 39)",26.447055728451392
"(7, 19, 29)",26.41668793041909
"(13, 39, 44)",26.401871680985717
"(7, 19, 23)",26.379010599574855
"(7, 19, 45)",26.354354427762257
"(3, 4)",26.329948489536413
"(4, 9, 28)",26.32677045467475
"(4, 9, 11)",26.241755092554527
"(4, 6, 9)",26.240551840451243
"(23, 39, 44)",26.22269225719186
"(7, 19, 43)",26.217107342672247
"(39, 44, 45)",26.198036085379258
"(20, 24)",26.16867442252782
"(14, 25, 39)",26.139684351508926
"(16, 19, 44)",26.131594794648027
"(4, 30, 36)",26.04486326411619
"(3, 4, 20)",25.970290253224444
"(24, 25, 39)",25.90769337075379
"(4, 9, 16)",25.90076298319624
"(16, 28, 44)",25.852071423050553
"(12, 14, 24)",25.829238579776266
"(28, 40, 48)",25.787293867595814
"(3, 14, 48)",25.66840752660348
"(4, 9, 40)",25.657195325127557
"(7, 9, 19)",25.646495588033567
"(28, 31, 40)",25.593128033339063
"(17, 39, 44)",25.570872506829645
"(11, 24, 32)",25.556036135839435
"(3, 14, 38)",25.544077686649167
"(5, 14, 24)",25.507417762548513
"(9, 39, 44)",25.490177245650568
"(1, 7, 19)",25.479451633630838
"(3, 14, 31)",25.47424169234673
"(25, 39)",25.357483384734483
"(1, 39, 44)",25.32313329124784
"(20, 25, 39)",25.29589294280225
"(4, 14, 24)",25.27947278627213
"(20,)",25.25097378060051
"(14, 25, 33)",25.22266944441435
"(12, 14)",25.200670337436843
"(16, 40, 44)",25.18249629350336
"(7, 19, 41)",25.12393882150406
"(3, 4, 12)",25.09296321574199
"(2, 7, 19)",25.04021591462303
"(7, 18, 19)",25.04021591462303
"(7, 19, 27)",25.04021591462303
"(7, 19, 36)",25.04021591462303
"(7, 19, 42)",25.04021591462303
"(7, 19, 46)",25.04021591462303
"(24, 25, 33)",24.990678463659215
"(12, 20, 24)",24.985447171069595
"(39, 41, 44)",24.96762047912106
"(11, 20, 32)",24.9442357078879
"(8, 16, 44)",24.89387292232909
"(2, 39, 44)",24.88389757224003
"(18, 39, 44)",24.88389757224003
"(22, 39, 44)",24.88389757224003
"(27, 39, 44)",24.88389757224003
"(36, 39, 44)",24.88389757224003
"(39, 42, 44)",24.88389757224003
"(39, 44, 46)",24.88389757224003
"(12, 24)",24.852683866304137
"(11, 32)",24.8420337183325
"(3, 20, 48)",24.824616117896806
"(3, 14, 49)",24.740146086094786
"(4, 9, 10)",24.71831593376165
"(5, 14)",24.717939111595207
"(21, 28, 40)",24.7145509191661
"(3, 20, 38)",24.700286277942492
"(4, 9, 30)",24.677501320154313
"(5, 20, 24)",24.663626353841835
"(3, 20, 31)",24.630450283640055
"(16, 26, 44)",24.617660067838706
"(3, 48)",24.611437286544955
"(3, 14, 21)",24.59566457817377
"(28, 34, 40)",24.594722435732177
"(4, 9, 35)",24.54396032019248
"(16, 37, 44)",24.53394474889953
"(15, 28, 40)",24.51813679894699
"(4, 7, 22)",24.510039539076892
"(4, 20, 24)",24.43568137756546
"(3, 38)",24.424942526613485
"(12, 25, 39)",24.418565905319795
"(20, 25, 33)",24.37887803570768
"(4, 14)",24.37602164718064
"(5, 24)",24.3699526404625
"(3, 11, 33)",24.36561824280609
"(0, 3, 14)",24.365054811769028
"(28, 40, 47)",24.344344152641494
"(3, 31)",24.32018853515983
"(10, 16, 44)",24.243616902137457
"(3, 14, 47)",24.225457811649164
"(16, 30, 44)",24.202802288530116
"(16, 32, 44)",24.121809136091148
"(5, 25, 39)",24.09674508809204
"(16, 35, 44)",24.069261288568285
"(11, 12, 32)",24.066908670405443
"(4, 24)",24.028035176047933
"(5, 12, 14)",24.01829029711452
"(14, 24, 38)",24.00946881099018
"(4, 9, 23)",23.986223299555764
"(25, 33)",23.979835081102696
"(25, 39, 44)",23.960707407254883
"(3, 12, 48)",23.94728908041435
"(14, 24, 31)",23.939632816687745
"(12, 20)",23.93498322437683
"(19, 28, 40)",23.90193478537816
"(4, 9, 44)",23.86183706448262
"(4, 9, 43)",23.824320042653152
"(3, 12, 38)",23.822959240460037
"(4, 12, 14)",23.790345320838142
"(5, 12, 24)",23.786299316359383
"(3, 14, 19)",23.783048444385827
"(3, 12, 31)",23.7531232461576
"(3, 20, 21)",23.751873169467096
"(5, 11, 32)",23.745087853177687
"(28, 39, 40)",23.742696687557327
"(13, 16, 44)",23.690703691725428
"(3, 20, 34)",23.63204468603317
"(5, 14, 18)",23.629430583228803
"(3, 14, 39)",23.623810346564994
"(4, 12, 24)",23.558354340083003
"(11, 28, 40)",23.537396051660465
"(0, 3, 20)",23.521263403062353
"(16, 23, 44)",23.511524267931566
"(12, 25, 33)",23.501550998225223
"(16, 44, 45)",23.486868096118968
"(4, 5, 14)",23.468524503610382
"(5, 20)",23.452251998535193
"(3, 6, 14)",23.417306458564845
"(3, 20, 47)",23.38166640294249
"(16, 43, 44)",23.349621011028958
"(4, 9, 17)",23.33440354919355
"(28, 33, 40)",23.28205000462823
"(3, 4, 38)",23.2731934469559
"(4, 5, 24)",23.236533522855247
"(3, 49)",23.219045125781914
"(14, 24, 49)",23.2055372104358
"(3, 4, 31)",23.203357452653464
"(16, 28, 40)",23.196403942302176
"(5, 25, 33)",23.179730180997467
"(5, 12, 20)",23.174498888407843
"(20, 24, 38)",23.165677402283503
"(3, 14, 33)",23.163163663635896
"(4, 20)",23.110334534120625
"(20, 24, 31)",23.095841407981066
"(3, 14, 16)",23.077517601309843
"(14, 21, 24)",23.061055702514786
"(3, 12, 49)",23.019027639905655
"(3, 21)",23.00232286390039
"(14, 24, 25)",22.968773499385794
"(4, 12, 20)",22.946553912131463
"(3, 19, 20)",22.93925703567915
"(5, 16, 42)",22.92459998136182
"(3, 12, 21)",22.87454613198464
"(14, 15, 24)",22.86464158229567
"(16, 17, 44)",22.85970451756935
"(11, 24, 33)",22.831009367147104
"(0, 14, 24)",22.83044593611004
"(3, 34)",22.8225801387495
"(5, 18, 20)",22.78563917452213
"(3, 20, 39)",22.780018937858323
"(9, 16, 44)",22.779009256390278
"(3, 12, 34)",22.754717648550717
"(25, 39, 48)",22.72312597648802
"(14, 24, 47)",22.69084893599018
"(8, 28, 40)",22.664212913059224
"(3, 20, 28)",22.659733664081678
"(14, 48)",22.65751044418918
"(0, 3)",22.65640821429328
"(4, 9, 18)",22.647428614603935
"(4, 9, 22)",22.647428614603935
"(4, 9, 42)",22.647428614603935
"(4, 9, 46)",22.647428614603935
"(12, 14, 48)",22.6446711855105
"(0, 3, 12)",22.643936365579897
"(4, 5, 20)",22.624733094903707
"(12,)",22.618992668153147
"(1, 16, 44)",22.61196530198755
"(3, 11, 20)",22.574718301961457
"(3, 6, 20)",22.573515049858173
"(3, 8, 14)",22.54532657206689
"(25, 31, 39)",22.52896014223127
"(12, 14, 38)",22.520341345556186
"(3, 12, 47)",22.504339365460034
"(14, 38)",22.471015684257708
"(3, 4, 49)",22.46926184640152
"(12, 14, 31)",22.45050535125375
"(3, 47)",22.44701271411348
"(26, 28, 40)",22.388000058568835
"(11, 32, 48)",22.37146874157367
"(14, 31)",22.366261692804056
"(5, 14, 48)",22.322850368282744
"(3, 20, 33)",22.31937225492922
"(28, 37, 40)",22.30428473962966
"(12, 24, 38)",22.28835036480105
"(7, 28, 40)",22.288171492164096
"(3, 14, 26)",22.269113717576506
"(16, 41, 44)",22.25645248986077
"(14, 19, 24)",22.248439568726837
"(11, 32, 38)",22.247138901619355
"(3, 16, 20)",22.23372619260317
"(11, 20, 33)",22.219208939195564
"(12, 24, 31)",22.218514370498614
"(20, 21, 24)",22.217264293808107
"(3, 4, 34)",22.20495185504658
"(5, 14, 38)",22.19852052832843
"(3, 14, 37)",22.185398398637332
"(11, 31, 32)",22.177302907316918
"(2, 16, 44)",22.17272958297974
"(16, 18, 44)",22.17272958297974
"(16, 22, 44)",22.17272958297974
"(16, 36, 44)",22.17272958297974
"(16, 44, 46)",22.17272958297974
"(3, 7, 14)",22.169285151171767
"(5, 12)",22.13626144231151
"(5, 14, 31)",22.128684534025993
"(3, 38, 48)",22.127519311628262
"(20, 24, 25)",22.124982090679115
"(24, 38)",22.123029213125
"(5, 18, 30)",22.104743512881356
"(20, 24, 34)",22.09743581037418
"(0, 3, 4)",22.09417057207576
"(14, 24, 39)",22.089201470906012
"(3, 12, 19)",22.061929998196696
"(15, 20, 24)",22.020850173588997
"(24, 31)",22.01827522167135
"(10, 28, 40)",22.01395689286759
"(0, 20, 24)",21.986654527403367
"(4, 14, 38)",21.97057555205205
"(5, 24, 38)",21.96652954757329
"(3, 4, 47)",21.954573571955898
"(3, 31, 38)",21.93335347737151
"(5, 12, 18)",21.908312137039676
"(3, 12, 39)",21.902691900375864
"(4, 14, 31)",21.900739557749613
"(5, 24, 31)",21.896693553270854
"(3, 10, 14)",21.895070551875257
"(6, 14, 24)",21.88269758290586
"(3, 14, 30)",21.85425593826792
"(20, 24, 47)",21.8470575272835
"(28, 35, 40)",21.839601279298414
"(12, 20, 48)",21.800879776803825
"(25, 39, 49)",21.794864535979325
"(4, 12)",21.794343977896943
"(3, 19)",21.783398663218474
"(3, 12, 28)",21.782406626599226
"(3, 14, 32)",21.773262785828948
"(4, 5, 12)",21.74740605742125
"(4, 24, 38)",21.738584571296915
"(3, 14, 35)",21.720714938306084
"(12, 14, 49)",21.716409745001805
"(3, 8, 20)",21.701535163360216
"(3, 11, 12)",21.697391264479002
"(3, 6, 12)",21.696188012375718
"(12, 20, 38)",21.67654993684951
"(4, 24, 31)",21.668748576994478
"(5,)",21.653530216469875
"(5, 18, 42)",21.653518525915086
"(21, 25, 39)",21.65038302805831
"(14, 24, 33)",21.62855478797691
"(25, 31, 33)",21.611945235136698
"(12, 20, 31)",21.606713942547074
"(5, 18)",21.586283136187426
"(12, 14, 21)",21.57192823708079
"(3, 39)",21.54454151648723
"(14, 16, 24)",21.542908725650857
"(5, 27, 30)",21.54093132505834
"(5, 30, 36)",21.54093132505834
"(2, 3, 28)",21.53307907134115
"(3, 4, 19)",21.51216420469256
"(12, 24, 49)",21.48441876424667
"(12, 14, 25)",21.4796460339518
"(5, 20, 48)",21.47905895957607
"(13, 28, 40)",21.46104368245556
"(15, 25, 39)",21.453968907839197
"(3, 12, 33)",21.442045217446765
"(3, 20, 26)",21.42532230886983
"(0, 25, 39)",21.419773261653567
"(19, 20, 24)",21.404648160020166
"(5, 14, 49)",21.39458892777405
"(20, 48)",21.391823331129167
"(12, 14, 15)",21.375514116861677
"(3, 28)",21.364113605822265
"(4, 5, 18)",21.35854634353554
"(3, 12, 16)",21.356399155120712
"(5, 20, 38)",21.354729119621755
"(3, 4, 39)",21.352926106871728
"(3, 13, 14)",21.342157341463228
"(11, 12, 33)",21.34188190171311
"(3, 20, 37)",21.341606989930654
"(0, 12, 14)",21.34131847067605
"(12, 21, 24)",21.339937256325655
"(15, 29, 44)",21.335768031562658
"(3, 7, 20)",21.325493742465092
"(3, 48, 49)",21.32358771107388
"(28, 29, 40)",21.31954158950593
"(4, 5)",21.311612752055307
"(14, 24, 40)",21.299341067582176
"(11, 21, 32)",21.29872579314396
"(5, 20, 31)",21.284893125319318
"(25, 39, 47)",21.280176261533704
"(14, 49)",21.265118283426137
"(28, 40, 45)",21.2572080868491
"(5, 14, 21)",21.250107419853034
"(12, 24, 25)",21.247655053196663
"(20, 24, 39)",21.245410062199333
"(3, 11)",21.236590562641933
"(3, 6)",21.234785684487004
"(0, 29, 44)",21.233181148391576
"(3, 4, 28)",21.23264083309509
"(12, 24, 34)",21.220108772891727
"(11, 25, 32)",21.206443590014967
"(20, 38)",21.205328571197697
"(12, 14, 47)",21.201721470556183
"(3, 38, 49)",21.199257871119567
"(3, 21, 48)",21.179106203152866
"(11, 32, 34)",21.17889730971003
"(4, 14, 49)",21.16664395149767
"(3, 14, 23)",21.162977917669366
"(5, 24, 49)",21.16259794701891
"(5, 14, 25)",21.157825216724042
"(28, 40, 44)",21.157478023588556
"(3, 4, 11)",21.147625470974866
"(3, 4, 6)",21.14642221887158
"(12, 15, 24)",21.14352313610654
"(3, 14, 45)",21.138321745856768
"(3, 31, 49)",21.12942187681713
"(4, 20, 38)",21.126784143345375
"(20, 24, 28)",21.12512478842269
"(28, 40, 43)",21.119961001759087
"(0, 12, 24)",21.10932748992091
"(11, 15, 32)",21.102311672924845
"(20, 31)",21.10057457974404
"(3, 34, 48)",21.059277719718942
"(4, 20, 31)",21.056948149042938
"(3, 21, 38)",21.054776363198553
"(5, 14, 15)",21.05369329963392
"(3, 10, 20)",21.051279143168582
"(14, 21)",21.048396021544615
"(11, 20, 24)",21.04010942630247
"(6, 20, 24)",21.038906174199184
"(3, 14, 44)",21.038591682596223
"(5, 11, 33)",21.020061084485352
"(0, 5, 14)",21.01949765344829
"(5, 21, 24)",21.018116439097895
"(3, 20, 30)",21.01046452956124
"(3, 14, 43)",21.001074660766758
"(3, 21, 31)",20.984940368896115
"(12, 24, 47)",20.969730489801048
"(4,)",20.96969528764074
"(4, 22, 36)",20.969683966282552
"(3, 34, 38)",20.93494787976463
"(4, 24, 49)",20.934652970742533
"(3, 20, 32)",20.929471377122272
"(11, 32, 47)",20.92851902661935
"(5, 24, 25)",20.925834235968903
"(24, 49)",20.91713181229343
"(14, 25)",20.90997271685113
"(5, 24, 34)",20.898287955663967
"(3, 4, 33)",20.89227942394263
"(5, 14, 47)",20.879900653328427
"(25, 33, 49)",20.877849628884753
"(3, 20, 35)",20.87692352959941
"(3, 31, 34)",20.86511188546219
"(3, 33)",20.85357149209358
"(19, 25, 39)",20.837766894270366
"(4, 14, 15)",20.82574832335754
"(14, 38, 48)",20.824901416724412
"(3, 8, 12)",20.82420812587776
"(0, 3, 38)",20.82416659679381
"(5, 15, 24)",20.821702318878785
"(3, 47, 48)",20.80889943662826
"(3, 4, 16)",20.806633361616576
"(4, 11, 33)",20.792116108208972
"(0, 4, 14)",20.791552677171914
"(0, 5, 24)",20.787506672693155
"(20, 24, 33)",20.78476337927023
"(12, 14, 19)",20.759312103292846
"(0, 3, 31)",20.754330602491372
"(14, 15)",20.753774841215947
"(11, 33)",20.735324611101074
"(14, 24, 26)",20.73450484191752
"(12, 20, 21)",20.728136828374115
"(3, 16)",20.725102398604502
"(0, 14)",20.702481371937502
"(21, 24)",20.70040955041191
"(16, 20, 24)",20.699117316944182
"(3, 38, 47)",20.684569596673946
"(4, 24, 34)",20.67034297938759
"(4, 14, 47)",20.651955677052047
"(14, 24, 37)",20.650789522978343
"(5, 24, 47)",20.647909672573288
"(12, 20, 25)",20.635854625245123
"(7, 14, 24)",20.63467627551278
"(14, 31, 38)",20.63073558246766
"(17, 28, 40)",20.630044508299484
"(3, 31, 47)",20.61473360237151
"(12, 20, 34)",20.60830834494019
"(5, 12, 48)",20.601731922093613
"(12, 14, 39)",20.600074005472017
"(4, 15, 24)",20.593757342602405
"(24, 25)",20.561986245718423
"(0, 4, 24)",20.559561696416775
"(25, 28, 39)",20.558243522672893
"(9, 28, 40)",20.54934924712041
"(3, 12, 26)",20.547995271387375
"(15, 25, 33)",20.536954000744625
"(12, 15, 20)",20.531722708155
"(12, 19, 24)",20.527321122537707
"(24, 34)",20.52066682526102
"(3, 14, 17)",20.51115816730715
"(0, 25, 33)",20.502758354558996
"(3, 13, 20)",20.498365932756553
"(0, 12, 20)",20.49752706196937
"(14, 47)",20.493085871757703
"(11, 19, 32)",20.486109659356014
"(5, 12, 38)",20.4774020821393
"(11, 25, 39)",20.473228160552672
"(6, 25, 39)",20.472024908449384
"(3, 12, 37)",20.4642799524482
"(20, 24, 40)",20.455549658875498
"(3, 7, 12)",20.448166704982636
"(5, 14, 19)",20.43749128606509
"(4, 24, 47)",20.419964696296912
"(5, 12, 31)",20.407566087836862
"(5, 20, 21)",20.40631601114636
"(15, 24)",20.40578837008324
"(24, 31, 38)",20.398744601712526
"(6, 12, 14)",20.393570117471867
"(1, 28, 40)",20.382305292717678
"(12, 24, 39)",20.36808302471688
"(3, 19, 48)",20.36649006936492
"(25, 33, 47)",20.36316135443913
"(10, 14, 24)",20.360461676216268
"(12, 20, 47)",20.35793006184951
"(0, 24)",20.354494900804795
"(11, 32, 39)",20.326871561535185
"(14, 24, 30)",20.31964706260893
"(3, 20, 23)",20.31918650896269
"(5, 20, 25)",20.314033808017367
"(3, 20, 45)",20.294530337150093
"(5, 20, 34)",20.28648752771243
"(5, 14, 39)",20.278253188244257
"(1, 3, 14)",20.26341895172535
"(3, 21, 49)",20.25084476264417
"(4, 12, 38)",20.249457105862923
"(12, 24, 28)",20.247797750940236
"(3, 19, 38)",20.242160229410608
"(14, 24, 32)",20.238653910169962
"(5, 18, 48)",20.2128722082079
"(5, 15, 20)",20.209901890927245
"(4, 14, 19)",20.20954630978871
"(3, 39, 48)",20.207251971544093
"(5, 19, 24)",20.205500305309954
"(3, 20, 44)",20.19480027388955
"(14, 24, 35)",20.1861060626471
"(4, 12, 31)",20.179621111560486
"(0, 5, 20)",20.175706244741615
"(3, 10, 12)",20.173952105686126
"(3, 19, 31)",20.17232423510817
"(11, 12, 24)",20.162782388820013
"(6, 12, 24)",20.161579136716732
"(3, 20, 43)",20.157283252060083
"(24, 47)",20.145099400624996
"(12, 14, 33)",20.139427322542915
"(3, 12, 30)",20.133137492078788
"(16, 25, 39)",20.132236051194383
"(3, 34, 49)",20.131016279210243
"(6, 11, 32)",20.120367673535036
"(5, 18, 38)",20.088542368253584
"(3, 28, 48)",20.08696669776745
"(3, 38, 39)",20.082922131589775
"(12, 48)",20.075832774905486
"(5, 6, 14)",20.071749300244107
"(25, 33, 39)",20.06630292185948
"(4, 20, 34)",20.058542551436055
"(12, 14, 16)",20.053781260216866
"(3, 12, 32)",20.052144339639817
"(4, 14, 39)",20.05030821196788
"(5, 24, 39)",20.04626220748912
"(5, 20, 47)",20.036109244621752
"(28, 40, 41)",20.026792480590903
"(14, 48, 49)",20.02096981617003
"(0, 3, 49)",20.020234996239427
"(5, 18, 31)",20.01870637395115
"(5, 42, 45)",20.015806983398576
"(3, 31, 39)",20.01308613728734
"(3, 11, 48)",20.001951335647227
"(3, 6, 48)",20.000748083543943
"(3, 12, 35)",19.999596492116954
"(2, 24, 28)",19.99847019568216
"(3, 21, 34)",19.98653477128923
"(4, 15, 20)",19.981956914650866
"(20, 38, 48)",19.981110008017737
"(4, 19, 24)",19.97755532903357
"(0, 4, 20)",19.947761268465236
"(18, 28, 40)",19.943069573709874
"(27, 28, 40)",19.943069573709874
"(28, 36, 40)",19.943069573709874
"(28, 40, 42)",19.943069573709874
"(4, 5, 38)",19.927636288635163
"(3, 8)",19.92681585474007
"(5, 24, 28)",19.925976933712477
"(19, 25, 33)",19.920751987175795
"(12, 19, 20)",19.91552069458617
"(3, 4, 37)",19.914514158944066
"(3, 14, 41)",19.90790613959857
"(12, 24, 33)",19.90743634178778
"(14, 38, 49)",19.896639976215717
"(3, 28, 31)",19.8928008635107
"(20, 24, 26)",19.89071343321084
"(12, 38)",19.889338014974015
"(3, 47, 49)",19.880637996119564
"(3, 11, 38)",19.877621495692914
"(14, 21, 48)",19.876488308249016
"(3, 6, 38)",19.876418243589626
"(4, 5, 31)",19.857800294332726
"(4, 6, 14)",19.84380432396773
"(5, 11, 24)",19.84096157159226
"(5, 6, 24)",19.839758319488972
"(14, 19)",19.8294718208627
"(14, 31, 49)",19.82680398191328
"(2, 3, 14)",19.82418323271754
"(3, 14, 18)",19.82418323271754
"(3, 14, 22)",19.82418323271754
"(3, 14, 27)",19.82418323271754
"(3, 14, 42)",19.82418323271754
"(3, 14, 46)",19.82418323271754
"(12, 16, 24)",19.82179027946173
"(4, 24, 39)",19.818317231212745
"(5, 14, 33)",19.817606505315158
"(12, 14, 40)",19.81021360214818
"(4, 20, 47)",19.808164268345372
"(3, 11, 31)",19.807785501390477
"(13, 14, 24)",19.80754846580424
"(20, 24, 37)",19.806998114271664
"(3, 6, 31)",19.806582249287192
"(7, 20, 24)",19.790884866806103
"(20, 31, 38)",19.786944173760986
"(12, 31)",19.78458402352036
"(14, 25, 48)",19.784206105120024
"(20, 21)",19.7827089084846
"(12, 20, 39)",19.756282596765338
"(3, 8, 35)",19.755861964815487
"(14, 21, 38)",19.752158468294702
"(3, 21, 47)",19.73615648819855
"(5, 14, 16)",19.731960442989106
"(4, 24, 28)",19.6980319574361
"(14, 21, 31)",19.682322473992265
"(14, 15, 48)",19.680074188029902
"(5, 12, 49)",19.673470481584918
"(3, 17, 20)",19.66736675860048
"(14, 24, 29)",19.666046372854616
"(24, 38, 49)",19.66464899546058
"(3, 16, 48)",19.66095922628894
"(20, 25)",19.64428560379111
"(25, 28, 33)",19.64122861557832
"(12, 20, 28)",19.6359973229887
"(14, 23, 24)",19.62836904201038
"(3, 4, 10)",19.62418631218199
"(3, 33, 38)",19.622275448660677
"(3, 12, 13)",19.621038895274097
"(3, 34, 47)",19.616328004764622
"(4, 11, 24)",19.613016595315877
"(4, 6, 24)",19.611813343212596
"(20, 34)",19.602966183333713
"(8, 25, 39)",19.60004502195143
"(24, 31, 49)",19.594813001158144
"(5, 19, 20)",19.593699877358414
"(5, 48)",19.59310154906385
"(14, 39)",19.59061467413145
"(14, 25, 31)",19.590040270863273
"(4, 14, 33)",19.58966152903878
"(3, 9, 20)",19.586671497421406
"(5, 24, 33)",19.58561552456002
"(3, 4, 30)",19.583371698574652
"(12, 24, 40)",19.578222621393046
"(14, 15, 38)",19.55574434807559
"(6, 25, 33)",19.555010001354812
"(3, 31, 33)",19.55243945435824
"(11, 12, 20)",19.550981960868477
"(6, 12, 20)",19.549778708765192
"(11, 32, 40)",19.53701115821135
"(3, 16, 38)",19.536629386334624
"(5, 12, 21)",19.528988973663903
"(11, 33, 38)",19.52211213292702
"(8, 12, 14)",19.521590230973914
"(0, 14, 38)",19.52154870188996
"(21, 24, 38)",19.520167487539567
"(10, 20, 24)",19.516670267509596
"(3, 26)",19.51249657300449
"(14, 47, 48)",19.50628154172441
"(0, 3, 47)",19.505546721793806
"(4, 14, 16)",19.50401546671273
"(14, 24, 44)",19.503982806937238
"(5, 16, 24)",19.49996946223397
"(5, 14, 40)",19.48839278492042
"(15, 20)",19.488087728155932
"(14, 15, 31)",19.48590835377315
"(19, 24)",19.481485349729994
"(20, 24, 30)",19.47585565390225
"(3, 16, 31)",19.46679339203219
"(14, 24, 43)",19.466465785107772
"(11, 31, 33)",19.452276138624583
"(0, 14, 31)",19.45171270758752
"(21, 24, 31)",19.45033149323713
"(3, 4, 35)",19.449830698612818
"(4, 12, 49)",19.445525505308538
"(3, 12, 23)",19.441859471480235
"(3, 19, 49)",19.438228628856226
"(0, 20)",19.436794258877487
"(5, 12, 25)",19.43670677053491
"(5, 20, 39)",19.434461779537585
"(1, 3, 20)",19.41962754301867
"(3, 12, 45)",19.417203299667637
"(5, 12, 34)",19.40916049022998
"(5, 38)",19.406606789132375
"(24, 34, 38)",19.40033900410564
"(20, 24, 32)",19.394862501463283
"(3, 37)",19.38692359459573
"(2, 20, 28)",19.386669767730623
"(14, 38, 47)",19.381951701770095
"(4, 19, 20)",19.365754901082035
"(3, 7)",19.362753723397383
"(24, 25, 31)",19.358049290108138
"(4, 24, 33)",19.357670548283643
"(20, 24, 35)",19.34231465394042
"(5, 12, 15)",19.33257485344479
"(24, 31, 34)",19.330503009803202
"(15, 24, 38)",19.323753367320453
"(3, 12, 44)",19.317473236407093
"(5, 20, 28)",19.31417650576094
"(14, 31, 47)",19.312115707467658
"(5, 31)",19.301852797678723
"(0, 5, 12)",19.29837920725916
"(12, 20, 33)",19.29563591383624
"(3, 19, 21)",19.293747120935212
"(0, 24, 38)",19.289557721134823
"(6, 14)",19.28085884213123
"(3, 12, 43)",19.279956214577627
"(3, 39, 49)",19.278990531035397
"(4, 16, 24)",19.272024485957594
"(4, 14, 40)",19.260447808644045
"(5, 24, 40)",19.256401804165286
"(15, 24, 31)",19.253917373018016
"(8, 11, 32)",19.24838778703708
"(12, 14, 26)",19.245377376483525
"(24, 39)",19.242628202998745
"(25, 37, 39)",19.24011684852187
"(5, 11, 20)",19.22916114364072
"(5, 6, 20)",19.227957891537436
"(20, 47)",19.22739875869769
"(7, 25, 39)",19.224003601056307
"(0, 24, 31)",19.219721726832386
"(12, 16, 20)",19.20998985151019
"(4, 20, 39)",19.206516803261202
"(5, 8, 14)",19.199769413746154
"(4, 12, 34)",19.1812155139536
"(3, 19, 34)",19.173918637501288
"(12, 14, 37)",19.161662057544348
"(5, 12, 47)",19.158782207139296
"(24, 38, 47)",19.149960721014956
"(7, 12, 14)",19.145548810078786
"(5, 18, 21)",19.140129259778192
"(3, 21, 39)",19.134509023114383
"(3, 8, 48)",19.128768197045986
"(4, 5, 49)",19.12370468808078
"(4, 12, 15)",19.104629877168414
"(12, 38, 48)",19.10378297053528
"(11, 25, 33)",19.088243238119205
"(4, 20, 28)",19.086231529484564
"(24, 31, 47)",19.080124726712523
"(3, 11, 49)",19.073689895138532
"(3, 6, 49)",19.072486643035248
"(0, 4, 12)",19.070434230982784
"(4, 38)",19.06468932471781
"(3, 20, 41)",19.064114730891895
"(14, 19, 48)",19.06387217446107
"(0, 3, 19)",19.06313735453047
"(24, 28)",19.062200292333785
"(5, 18, 25)",19.047847056649196
"(20, 21, 48)",19.03269689954234
"(4, 24, 40)",19.02845682788891
"(5, 18, 34)",19.020300776344264
"(3, 34, 39)",19.014680539680455
"(3, 21, 28)",19.014223749337738
"(12, 24, 26)",19.01338639572839
"(29, 39, 44)",19.009448953354017
"(3, 8, 38)",19.004438357091672
"(4, 11, 20)",19.00121616736434
"(4, 6, 20)",19.000012915261056
"(2, 3, 20)",18.980391824010866
"(3, 18, 20)",18.980391824010866
"(3, 20, 22)",18.980391824010866
"(3, 20, 27)",18.980391824010866
"(3, 20, 36)",18.980391824010866
"(3, 20, 42)",18.980391824010866
"(3, 20, 46)",18.980391824010866
"(14, 17, 24)",18.976549291648166
"(5, 20, 33)",18.973815096608483
"(11, 26, 32)",18.972174932546693
"(12, 20, 40)",18.966422193441502
"(13, 20, 24)",18.963757057097567
"(4, 31)",18.959935333264156
"(3, 10)",18.95143182445262
"(10, 25, 39)",18.949789001759797
"(14, 21, 49)",18.94822686774032
"(5, 15, 18)",18.943715139559078
"(20, 25, 48)",18.94041469641335
"(14, 19, 38)",18.939542334506758
"(11, 24)",18.934677249153452
"(3, 8, 31)",18.934602362789235
"(6, 24)",18.932872370998524
"(4, 12, 47)",18.930837230862917
"(12, 24, 37)",18.929671076789212
"(3, 11, 21)",18.929208387217518
"(3, 6, 21)",18.928005135114233
"(5, 14, 26)",18.92355655925577
"(3, 19, 47)",18.923540354410605
"(7, 12, 24)",18.91355782932365
"(20, 34, 48)",18.912868416108417
"(12, 31, 38)",18.909617136278534
"(0, 5, 18)",18.90951949337345
"(20, 21, 38)",18.908367059588027
"(14, 39, 48)",18.904634076640242
"(0, 3, 39)",18.903899256709636
"(14, 33)",18.8996446497378
"(3, 28, 34)",18.894395265903814
"(3, 4, 23)",18.8920936779761
"(3, 30)",18.89020990404161
"(11, 32, 37)",18.888459613607516
"(5, 16, 20)",18.888169034282434
"(7, 11, 32)",18.872346366141954
"(10, 12, 14)",18.871334210782276
"(14, 19, 31)",18.86970634020432
"(3, 4, 45)",18.8674375061635
"(4, 5, 34)",18.859394696725843
"(14, 25, 49)",18.85594466461133
"(3, 26, 48)",18.8525553425556
"(5, 14, 37)",18.839841240316595
"(20, 21, 31)",18.83853106528559
"(15, 20, 48)",18.836282779323227
"(12, 14, 30)",18.830519597174934
"(25, 32, 39)",18.827981235713487
"(5, 7, 14)",18.82372799285103
"(20, 24, 29)",18.822254964147938
"(3, 33, 49)",18.818343848106295
"(3, 11, 34)",18.809379903783594
"(3, 6, 34)",18.808176651680306
"(3, 12, 17)",18.79003972111802
"(20, 34, 38)",18.788538576154103
"(20, 23, 24)",18.784577633303705
"(0, 3, 28)",18.783613982932998
"(4, 5, 15)",18.782809059940654
"(5, 38, 48)",18.781962153307525
"(14, 38, 39)",18.78030423668593
"(14, 16)",18.771175556248725
"(5, 18, 47)",18.76992249325358
"(3, 37, 48)",18.768840023616427
"(3, 32)",18.768720175383155
"(3, 4, 44)",18.767707442902957
"(3, 39, 47)",18.764302256589772
"(3, 7, 48)",18.752726776150862
"(14, 15, 49)",18.751812747521207
"(12, 14, 32)",18.749526444735967
"(0, 4, 5)",18.748613413755024
"(20, 25, 31)",18.746248862156598
"(4, 20, 33)",18.745870120332103
"(3, 16, 49)",18.732697785780246
"(3, 4, 43)",18.73019042107349
"(1, 14, 24)",18.72881007606636
"(3, 26, 38)",18.728225502601287
"(20, 31, 34)",18.718702581851666
"(11, 33, 49)",18.71818053237264
"(0, 14, 49)",18.717617101335577
"(5, 12, 19)",18.71637283987596
"(21, 24, 49)",18.71623588698518
"(15, 20, 38)",18.711952939368913
"(14, 21, 25)",18.711463156690314
"(14, 31, 39)",18.71046824238349
"(3, 9, 12)",18.70934445993895
"(19, 24, 38)",18.70755135375162
"(0, 3, 11)",18.698598620812774
"(6, 14, 48)",18.698130188640093
"(0, 3, 6)",18.69739536870949
"(12, 14, 35)",18.696978597213104
"(5, 24, 26)",18.69156557850063
"(3, 35)",18.68989840409886
"(12, 49)",18.68344061414244
"(8, 25, 33)",18.68303011485686
"(8, 12, 20)",18.677798822267235
"(0, 20, 38)",18.677757293183284
"(2, 3, 8)",18.676282949589705
"(20, 47, 48)",18.662490133017734
"(4, 16, 20)",18.660224058006055
"(20, 24, 44)",18.66019139823056
"(5, 20, 40)",18.64460137621375
"(3, 37, 38)",18.644510183662113
"(3, 28, 47)",18.64401698281313
"(15, 20, 31)",18.642116945066476
"(10, 12, 24)",18.639343230027137
"(19, 24, 31)",18.637715359449185
"(3, 27, 30)",18.627125805407324
"(3, 30, 36)",18.627125805407324
"(24, 25, 49)",18.623953683856193
"(20, 24, 43)",18.622674376401093
"(4, 14, 37)",18.61189626404021
"(4, 5, 47)",18.60901641363516
"(0, 20, 31)",18.607921298880846
"(5, 24, 37)",18.607850259561452
"(14, 15, 21)",18.607331239600192
"(12, 24, 30)",18.5985286164198
"(10, 11, 32)",18.598131766845444
"(24, 34, 49)",18.596407403551257
"(5, 7, 24)",18.59173701209589
"(3, 16, 21)",18.58821627785923
"(5, 31, 38)",18.587796319050774
"(14, 47, 49)",18.578020101215714
"(3, 31, 37)",18.574674189359676
"(6, 14, 38)",18.57380034868578
"(19, 20)",18.563784707802682
"(3, 11, 47)",18.55900162069291
"(3, 7, 31)",18.55856094189411
"(3, 6, 47)",18.557798368589623
"(11, 30, 32)",18.557317153238102
"(5, 12, 39)",18.557134742055126
"(3, 33, 34)",18.554033856751353
"(24, 33)",18.551658178605095
"(5, 10, 14)",18.54951339355452
"(24, 38, 39)",18.54831325593079
"(1, 3, 12)",18.54230050553622
"(20, 38, 47)",18.53816029306342
"(15, 24, 49)",18.51982176676607
"(12, 24, 32)",18.51753546398083
"(14, 15, 25)",18.5150490364712
"(2, 12, 28)",18.509342730248168
"(6, 14, 31)",18.503964354383342
"(4, 12, 19)",18.488427863599583
"(0, 24, 49)",18.48562612058044
"(0, 14, 25)",18.48085339028557
"(21, 24, 25)",18.47947217593518
"(3, 10, 48)",18.478512176854352
"(24, 31, 39)",18.478477261628356
"(3, 16, 34)",18.468387794425304
"(20, 31, 47)",18.468324298760983
"(12, 21)",18.46671835226092
"(12, 24, 35)",18.464987616457968
"(11, 33, 34)",18.4538705410177
"(8, 14, 35)",18.453244069911637
"(21, 24, 34)",18.451925895630243
"(0, 3, 33)",18.443252573780537
"(3, 30, 48)",18.437697563247013
"(5, 12, 28)",18.43684946827849
"(14, 21, 47)",18.4335385932947
"(5, 14, 32)",18.42770562750821
"(4, 9, 45)",18.426905198044455
"(16, 24)",18.423189085116018
"(4, 20, 40)",18.416656399937366
"(25, 26, 33)",18.40681726036647
"(14, 40)",18.405824069145698
"(12, 20, 26)",18.40158596777685
"(13, 25, 39)",18.396875791347767
"(4, 24, 37)",18.379905283285076
"(11, 15, 33)",18.37728490423251
"(15, 21, 24)",18.375340258845057
"(5, 14, 35)",18.375157779985347
"(14, 24, 41)",18.373297263939584
"(4, 31, 38)",18.359851342774398
"(14, 16, 48)",18.35834133138509
"(24, 28, 31)",18.35819198785171
"(0, 3, 16)",18.357606511454485
"(3, 32, 48)",18.356704410808042
"(5, 8, 20)",18.35597800503948
"(3, 10, 38)",18.35418233690004
"(5, 11, 12)",18.351834106158265
"(5, 6, 12)",18.35063085405498
"(24, 47, 49)",18.346029120460575
"(0, 11, 33)",18.34308925804688
"(11, 24, 38)",18.343012620033925
"(6, 24, 38)",18.34180936793064
"(14, 25, 47)",18.341256390165707
"(4, 12, 39)",18.32918976577875
"(12, 25)",18.32829504756743
"(5, 18, 19)",18.327513125990244
"(20, 39)",18.324927561071437
"(25, 33, 37)",18.323101941427296
"(3, 19, 39)",18.321892889326435
"(4, 10, 14)",18.32156841727814
"(14, 33, 38)",18.319657553756826
"(12, 13, 14)",18.318421000370247
"(12, 20, 37)",18.317870648837676
"(5, 10, 24)",18.317522412799384
"(3, 30, 38)",18.3133677232927
"(7, 25, 33)",18.30698869396173
"(3, 35, 48)",18.30415656328518
"(3, 33, 47)",18.303655573660674
"(7, 12, 20)",18.30175740137211
"(12, 48, 49)",18.2998513699809
"(2, 14, 24)",18.289574357058555
"(14, 22, 24)",18.289574357058555
"(14, 24, 27)",18.289574357058555
"(12, 34)",18.28697562711003
"(3, 10, 31)",18.2843463425976
"(15, 24, 25)",18.283058055716065
"(4, 14, 30)",18.280753803670798
"(11, 24, 31)",18.27317662573149
"(6, 24, 31)",18.271973373628203
"(15, 24, 34)",18.25551177541113
"(25, 29, 39)",18.25537369839814
"(14, 31, 33)",18.24982155945439
"(0, 24, 25)",18.248862409530435
"(3, 30, 31)",18.243531728990263
"(3, 4, 17)",18.240273927613885
"(14, 15, 47)",18.237124473075585
"(14, 16, 38)",18.234011491430778
"(3, 32, 38)",18.23237457085373
"(19, 20, 48)",18.220080765754396
"(3, 16, 47)",18.21800951133462
"(23, 25, 39)",18.217696367553906
"(4, 12, 28)",18.20890449200211
"(11, 33, 47)",18.203492257927017
"(0, 14, 47)",18.202928826889956
"(3, 19, 28)",18.201607615549797
"(21, 24, 47)",18.20154761253956
"(5, 49)",18.200709388300805
"(5, 24, 32)",18.19571464675307
"(25, 39, 45)",18.193040195741307
"(2, 5, 28)",18.18752191302041
"(3, 12, 41)",18.18678769340944
"(3, 35, 38)",18.179826723330866
"(12, 14, 29)",18.17691890742062
"(12, 38, 49)",18.175521530026586
"(12, 15)",18.17209717193225
"(5, 18, 39)",18.168275028169415
"(4, 5, 19)",18.166607046371823
"(14, 16, 31)",18.16417549712834
"(3, 31, 32)",18.16253857655129
"(12, 21, 48)",18.155369862059885
"(4, 14, 35)",18.147212803708967
"(20, 28)",18.144499650406477
"(5, 24, 35)",18.143166799230208
"(12, 14, 23)",18.139241576576385
"(14, 19, 49)",18.135610733952376
"(17, 20, 24)",18.13275788294149
"(4, 11, 12)",18.123889129881885
"(4, 6, 12)",18.1226858777786
"(3, 13)",18.122062008834575
"(0, 12)",18.120803702653806
"(3, 11, 19)",18.116592253429573
"(3, 6, 19)",18.115389001326285
"(14, 40, 48)",18.114773673316407
"(12, 14, 45)",18.114585404763787
"(3, 31, 35)",18.10999072902843
"(24, 25, 47)",18.10926540941057
"(12, 31, 49)",18.10568553572415
"(2, 3, 12)",18.10306478652841
"(3, 12, 18)",18.10306478652841
"(3, 12, 27)",18.10306478652841
"(3, 12, 36)",18.10306478652841
"(3, 12, 42)",18.10306478652841
"(3, 12, 46)",18.10306478652841
"(3, 13, 46)",18.096875697614742
"(5, 12, 33)",18.096488059126028
"(19, 20, 38)",18.095750925800083
"(4, 10, 24)",18.089577436523
"(24, 33, 38)",18.08766657300169
"(12, 13, 24)",18.086430019615108
"(24, 34, 47)",18.081719129105636
"(5, 20, 26)",18.079765150549093
"(12, 25, 48)",18.063087658930893
"(20, 39, 48)",18.060842667933567
"(24, 40)",18.05783759801299
"(3, 8, 21)",18.056025248616276
"(9, 20, 24)",18.052062621762417
"(4, 24, 30)",18.048762822915663
"(5, 18, 28)",18.047989754392773
"(11, 13, 32)",18.045218556433415
"(3, 28, 39)",18.042369517728964
"(12, 34, 48)",18.03554137862596
"(10, 25, 33)",18.03277409466522
"(12, 21, 38)",18.03104002210557
"(10, 12, 20)",18.0275428020756
"(19, 20, 31)",18.025914931497645
"(4, 8, 36)",18.01966063982757
"(24, 31, 33)",18.017830578699254
"(11, 20)",18.01697660722614
"(6, 20)",18.015171729071213
"(12, 14, 44)",18.014855341503242
"(5, 12, 16)",18.010841996799975
"(4, 5, 39)",18.00736894855099
"(15, 24, 47)",18.00513349232045
"(16, 24, 38)",18.00202051067564
"(5, 13, 14)",17.99660018314249
"(5, 20, 37)",17.996049831609916
"(1, 3, 4)",17.992534712032082
"(25, 30, 33)",17.991959481057883
"(14, 19, 21)",17.99112922603136
"(14, 38, 40)",17.990443833362093
"(12, 20, 30)",17.986728188468263
"(5, 21)",17.983987126419283
"(5, 7, 20)",17.979936584144355
"(5, 48, 49)",17.978030552753143
"(12, 14, 43)",17.977338319673777
"(14, 39, 49)",17.976372636131543
"(8, 14)",17.972889012384297
"(0, 24, 47)",17.97093784613482
"(3, 17, 43)",17.9669315773952
"(5, 11, 18)",17.96297439227255
"(5, 6, 18)",17.961771140169265
"(12, 21, 31)",17.961204027803134
"(2, 4, 28)",17.959576936744032
"(12, 15, 48)",17.958955741840775
"(3, 11, 39)",17.95735415560874
"(3, 6, 39)",17.956150903505456
"(12, 24, 29)",17.944927926665486
"(20, 28, 48)",17.940557394156926
"(20, 38, 39)",17.93651282797925
"(3, 8, 34)",17.936196765182352
"(16, 24, 31)",17.9321845163732
"(3, 13, 48)",17.925598966442323
"(3, 26, 49)",17.924293902046905
"(14, 31, 40)",17.920607839059656
"(4, 24, 35)",17.915221822953832
"(12, 47)",17.911408202474007
"(12, 34, 38)",17.911211538671648
"(25, 32, 33)",17.910966328618912
"(4, 29, 36)",17.909981453118434
"(12, 23, 24)",17.90725059582125
"(12, 20, 32)",17.90573503602929
"(11, 29, 32)",17.90371646348379
"(19, 24, 49)",17.90361975319724
"(14, 19, 25)",17.89884702290237
"(11, 32, 33)",17.89243865079635
"(4, 5, 28)",17.887083674774352
"(1, 20, 24)",17.885018667359684
"(12, 25, 31)",17.868921824674143
"(4, 12, 33)",17.868543082849648
"(20, 21, 25)",17.86767174798364
"(20, 31, 39)",17.866676833676813
"(11, 23, 32)",17.866039132639553
"(3, 19, 33)",17.861246206397336
"(4, 49)",17.858791923886237
"(11, 20, 48)",17.855542032036702
"(5, 14, 29)",17.855098090192865
"(6, 20, 48)",17.854338779933418
"(5, 38, 49)",17.85370071279883
"(3, 23)",17.853292873143786
"(12, 20, 35)",17.85318718850643
"(5, 25)",17.845563821725797
"(11, 32, 45)",17.841382960826955
"(12, 31, 34)",17.84137554436921
"(3, 37, 49)",17.840578583107728
"(20, 21, 34)",17.840125467678703
"(3, 11, 28)",17.837068881832103
"(12, 15, 38)",17.83462590188646
"(5, 21, 48)",17.83354904483213
"(14, 21, 39)",17.83189112821053
"(8, 14, 48)",17.826150302142135
"(0, 3, 8)",17.825415482211532
"(3, 7, 49)",17.824465335642167
"(5, 14, 23)",17.81742075934863
"(3, 45)",17.816308615424887
"(5, 34)",17.804244401268395
"(4, 5, 11)",17.80206831265413
"(3, 13, 38)",17.80126912648801
"(4, 5, 6)",17.800865060550844
"(0, 12, 38)",17.80043025570083
"(14, 15, 19)",17.794715105812248
"(5, 14, 45)",17.79276458753603
"(12, 47, 48)",17.785163095535278
"(5, 31, 49)",17.783864718496392
"(4, 12, 16)",17.7828970205236
"(12, 24, 44)",17.782864360748107
"(3, 21, 26)",17.77981239412589
"(3, 16, 19)",17.775600144071284
"(6, 14, 49)",17.769868748131394
"(4, 20, 37)",17.76810485533354
"(5, 12, 40)",17.76727433873129
"(12, 15, 31)",17.764789907584024
"(5, 13, 24)",17.764609202387355
"(15, 20, 21)",17.763539830893517
"(11, 19, 33)",17.76108289066368
"(0, 14, 19)",17.760519459626618
"(19, 21, 24)",17.759138245276226
"(24, 38, 40)",17.758452852606954
"(3, 6, 11)",17.75085026760859
"(3, 23, 48)",17.746419542648464
"(20, 28, 31)",17.746391559900175
"(12, 24, 43)",17.74534733891864
"(24, 39, 49)",17.744381655376408
"(11, 32, 44)",17.74165289756641
"(5, 25, 48)",17.741266841703137
"(3, 13, 31)",17.731433132185572
"(11, 20, 38)",17.73121219208239
"(0, 12, 31)",17.730594261398394
"(6, 20, 38)",17.7300089399791
"(3, 45, 48)",17.721763370835863
"(5, 34, 48)",17.713720561398205
"(5, 21, 38)",17.709219204877815
"(5, 10, 20)",17.705721984847845
"(11, 32, 43)",17.704135875736945
"(3, 33, 39)",17.702008108576507
"(8, 14, 38)",17.701820462187822
"(3, 21, 37)",17.696097075186714
"(5, 14, 44)",17.693034524275486
"(5, 15)",17.689365946090614
"(24, 31, 40)",17.68861685830452
"(3, 8, 47)",17.68581848209167
"(3, 7, 21)",17.679983827721152
"(15, 20, 25)",17.671257627764525
"(19, 24, 25)",17.66685604214723
"(3, 44)",17.66671352053407
"(11, 20, 31)",17.66137619777995
"(12, 38, 47)",17.660833255580965
"(6, 20, 31)",17.660172945676667
"(3, 26, 34)",17.659983910691963
"(5, 14, 43)",17.65551750244602
"(15, 20, 34)",17.643711347459593
"(5, 21, 31)",17.639383210575378
"(19, 24, 34)",17.6393097618423
"(0, 5)",17.63807247681217
"(5, 15, 48)",17.637134924613015
"(0, 20, 25)",17.637061981578896
"(14, 15, 39)",17.63547700799142
"(20, 33)",17.633957536677787
"(8, 14, 31)",17.631984467885385
"(4, 38, 49)",17.62575573652245
"(6, 14, 21)",17.62538724021038
"(5, 24, 29)",17.623107109437726
"(3, 23, 38)",17.622089702694147
"(5, 16, 18)",17.621982282914264
"(14, 19, 47)",17.620922459506755
"(3, 16, 39)",17.616362046250455
"(3, 43)",17.61043798778987
"(8, 20, 35)",17.609452661204962
"(11, 33, 39)",17.601844792842847
"(0, 14, 39)",17.60128136180579
"(21, 24, 39)",17.599900147455394
"(3, 38, 45)",17.59743353088155
"(12, 31, 47)",17.590997261278527
"(20, 21, 47)",17.589747184588024
"(4, 14, 23)",17.58947578307225
"(5, 34, 38)",17.58939072144389
"(5, 23, 24)",17.585429778593493
"(3, 43, 48)",17.584516285745853
"(5, 20, 32)",17.583914218801535
"(3, 28, 33)",17.581722834799862
"(3, 34, 37)",17.57626859175279
"(17, 25, 39)",17.56587661719169
"(4, 14, 45)",17.56481961125965
"(15, 19, 24)",17.56272412505711
"(3, 7, 34)",17.560155344287224
"(14, 26)",17.558569730648717
"(4, 31, 49)",17.555919742220013
"(2, 3, 4)",17.553298993024274
"(3, 4, 18)",17.553298993024274
"(3, 4, 22)",17.553298993024274
"(3, 4, 42)",17.553298993024274
"(3, 4, 46)",17.553298993024274
"(3, 23, 31)",17.552253708391714
"(3, 10, 49)",17.550250736345657
"(14, 26, 48)",17.54993744765175
"(0, 3, 26)",17.549202627721147
"(5, 25, 31)",17.547101007446386
"(4, 5, 33)",17.54672226562189
"(4, 12, 40)",17.539329362454914
"(11, 24, 49)",17.539081019479546
"(6, 24, 49)",17.53787776737626
"(6, 14, 25)",17.53310503708139
"(48,)",17.532672881657824
"(5, 20, 35)",17.531366371278672
"(20, 24, 41)",17.529505855232905
"(0, 19, 24)",17.52852847887148
"(3, 31, 45)",17.527597536579112
"(5, 31, 34)",17.519554727141454
"(14, 33, 49)",17.515725953202445
"(16, 20, 48)",17.514549922678416
"(5, 15, 38)",17.5128050846587
"(3, 30, 49)",17.509436122738315
"(16, 20)",17.50548844318871
"(3, 38, 44)",17.497703467621005
"(20, 25, 47)",17.497464981459032
"(3, 16, 28)",17.496076772473813
"(3, 6, 33)",17.495504220576358
"(12, 14, 17)",17.48742182621417
"(9, 25, 39)",17.485181356012617
"(11, 28, 33)",17.481559519066206
"(24, 34, 39)",17.480071664021466
"(13, 25, 33)",17.479860884253196
"(21, 24, 28)",17.479614873678752
"(5, 8, 12)",17.478650967557023
"(0, 5, 38)",17.47860943847307
"(4, 10, 20)",17.477777008571465
"(20, 33, 38)",17.47586614505015
"(12, 13, 20)",17.47462959166357
"(20, 34, 47)",17.469918701154096
"(14, 37, 48)",17.466222128712577
"(0, 3, 37)",17.465487308781974
"(4, 14, 44)",17.465089547999106
"(5, 47, 48)",17.463342278307522
"(4, 34)",17.462326936853827
"(14, 39, 47)",17.461684361685922
"(4, 5, 16)",17.46107620329584
"(5, 24, 44)",17.461043543520347
"(3, 38, 43)",17.46018644579154
"(7, 14, 48)",17.45010888124701
"(2, 20, 24)",17.445782948351876
"(20, 22, 24)",17.445782948351876
"(20, 24, 27)",17.445782948351876
"(20, 24, 36)",17.445782948351876
"(5, 15, 31)",17.442969090356264
"(4, 20, 30)",17.436962394964127
"(14, 37)",17.432996752239955
"(14, 16, 49)",17.430079890876392
"(6, 14, 15)",17.42897311999127
"(5, 47)",17.42867697663237
"(3, 31, 44)",17.427867473318567
"(4, 14, 43)",17.42757252616964
"(14, 26, 38)",17.425607607697437
"(5, 24, 43)",17.42352652169088
"(3, 6, 16)",17.409858158250305
"(7, 14)",17.40882688104161
"(0, 5, 31)",17.408773444170635
"(20, 31, 33)",17.406030150747714
"(3, 10, 21)",17.405769228424642
"(15, 24, 39)",17.403486027236283
"(6, 11, 33)",17.395340904842698
"(0, 6, 14)",17.39477747380564
"(11, 21, 24)",17.394599511558532
"(6, 21, 24)",17.393396259455244
"(15, 20, 47)",17.39333306436891
"(3, 31, 43)",17.390350451489102
"(16, 20, 38)",17.3902200827241
"(19, 24, 47)",17.388931478751616
"(24, 25, 28)",17.38733267054976
"(5, 18, 40)",17.37841462484558
"(3, 35, 49)",17.375895122776484
"(2, 8, 14)",17.37366505468585
"(0, 24, 39)",17.369290381050654
"(4, 34, 38)",17.36144574516751
"(24, 28, 34)",17.359786390244828
"(0, 20, 47)",17.35913741818328
"(4, 23, 24)",17.357484802317114
"(3, 25, 40)",17.35643555209516
"(4, 15)",17.347448481676047
"(38, 48)",17.346178121726354
"(12, 19, 48)",17.34275372827194
"(14, 37, 38)",17.34189228875826
"(5, 38, 47)",17.33901243835321
"(25, 29, 33)",17.338358791303566
"(12, 20, 29)",17.333127498713946
"(3, 37, 47)",17.325890308662107
"(14, 27, 30)",17.324507910503478
"(16, 20, 31)",17.320384088421665
"(1, 25, 39)",17.31813740160989
"(3, 7, 47)",17.309777061196545
"(4, 20, 35)",17.303421395002292
"(11, 24, 25)",17.302317308429537
"(6, 24, 25)",17.301114056326252
"(23, 25, 33)",17.300681460459334
"(0, 4)",17.296155012397602
"(12, 20, 23)",17.29545016786971
"(4, 31, 34)",17.291609750865074
"(3, 10, 34)",17.285940744990718
"(14, 16, 21)",17.285598382955378
"(4, 15, 38)",17.284860108382325
"(3, 21, 32)",17.283961462378333
"(24, 33, 49)",17.283734972447306
"(15, 24, 28)",17.28320075345964
"(11, 24, 34)",17.274771028124604
"(6, 24, 34)",17.273567776021316
"(14, 31, 37)",17.272056294455822
"(20, 40, 48)",17.27098226460973
"(12, 20, 45)",17.27079399605711
"(5, 31, 47)",17.26917644405077
"(7, 14, 31)",17.25594304699026
"(12, 17, 24)",17.255430845459035
"(6, 14, 47)",17.255180473685773
"(0, 4, 38)",17.250664462196696
"(0, 24, 28)",17.24900510727401
"(12, 19)",17.247794151579
"(3, 30, 34)",17.245126131383376
"(3, 8, 19)",17.24340911482833
"(1, 12, 14)",17.239682610632368
"(4, 24, 44)",17.23309856724397
"(24, 39, 47)",17.229693380930787
"(12, 21, 49)",17.22710842155119
"(12, 19, 38)",17.218423888317627
"(4, 5, 40)",17.217508545227155
"(4, 15, 31)",17.21502411407989
"(11, 17, 32)",17.21421938227734
"(24, 26)",17.21058325951601
"(5, 12, 26)",17.202438113066638
"(11, 15, 24)",17.198185391339415
"(16, 24, 49)",17.198088910121257
"(6, 15, 24)",17.196982139236134
"(4, 24, 43)",17.195581545414505
"(24, 26, 38)",17.1936166269423
"(14, 16, 25)",17.19331617982639
"(14, 40, 49)",17.186512232807708
"(12, 39, 48)",17.18351563045111
"(0, 4, 31)",17.18082846789426
"(25, 33, 44)",17.17629522538619
"(10, 14, 48)",17.1758942819505
"(0, 3, 10)",17.1751594620199
"(14, 15, 33)",17.174830325062317
"(9, 12, 24)",17.17473558427996
"(12, 20, 44)",17.171063932796567
"(5, 14, 17)",17.165601008986414
"(3, 32, 34)",17.16413297894441
"(0, 11, 24)",17.163989745153785
"(0, 6, 24)",17.162786493050504
"(38,)",17.15968336179488
"(5, 13, 20)",17.152808774435815
"(12, 19, 31)",17.14858789401519
"(19, 20, 21)",17.147337817324686
"(20, 38, 40)",17.146652424655414
"(0, 14, 33)",17.140634678876687
"(20, 40)",17.140136956085684
"(25, 33, 43)",17.138778203556722
"(14, 30, 48)",17.135079668343163
"(12, 25, 49)",17.134826218422198
"(0, 3, 30)",17.13434484841256
"(12, 20, 43)",17.1335469109671
"(9, 11, 32)",17.133524121098265
"(5, 12, 37)",17.118722794127464
"(3, 34, 35)",17.111585131421542
"(4, 38, 47)",17.11106746207683
"(24, 37, 38)",17.109901308003124
"(24, 28, 47)",17.109408107154145
"(12, 34, 49)",17.107279938117266
"(5, 7, 12)",17.1026095466619
"(24, 27, 30)",17.09251692974834
"(24, 30, 36)",17.09251692974834
"(5, 8, 18)",17.08979125367131
"(14, 15, 16)",17.089184262736268
"(4, 47)",17.086759512217803
"(24, 37)",17.085010281107248
"(3, 8, 39)",17.0841710170075
"(20, 31, 40)",17.076816430352977
"(12, 28, 48)",17.06323035667447
"(7, 24)",17.060840409908902
"(12, 38, 39)",17.059185790496798
"(19, 20, 25)",17.055055614195695
"(0, 14, 16)",17.054988616550638
"(31, 38)",17.054929370341227
"(14, 32, 48)",17.054086515904192
"(16, 21, 24)",17.053607402200242
"(10, 14, 38)",17.051564441996188
"(14, 21, 40)",17.042030724886693
"(4, 31, 47)",17.04123146777439
"(24, 31, 37)",17.040065313700687
"(3, 16, 42)",17.039852526499484
"(3, 10, 47)",17.035562461900035
"(12, 15, 49)",17.030694301332076
"(19, 20, 34)",17.027509333890762
"(11, 24, 47)",17.02439274503392
"(7, 24, 31)",17.023952066235122
"(6, 24, 47)",17.023189492930637
"(5, 19, 48)",17.020932911044184
"(24, 33, 34)",17.019424981092367
"(14, 19, 39)",17.019274994422588
"(3, 9, 48)",17.013904531107176
"(5, 20, 29)",17.01130668148619
"(14, 30, 38)",17.010749828388846
"(12, 39)",17.008937004847756
"(1, 12, 24)",17.00769162987723
"(14, 35, 48)",17.00153866838133
"(14, 33, 47)",17.001037678756823
"(0, 3, 35)",17.000803848450726
"(10, 14)",16.997504982096842
"(3, 13, 49)",16.997337525933627
"(0, 12, 49)",16.996498655146446
"(3, 30, 47)",16.994747848292693
"(12, 21, 25)",16.990344710501184
"(12, 31, 39)",16.98934979619436
"(20, 21, 39)",16.988099719503857
"(14, 29, 44)",16.985296181178306
"(8, 20, 48)",16.98235889343546
"(10, 14, 31)",16.98172844769375
"(11, 12, 48)",16.978214994554246
"(6, 12, 48)",16.977011742450962
"(5, 20, 23)",16.973629350641954
"(3, 17, 38)",16.970269952331932
"(3, 19, 26)",16.967196260337946
"(1, 11, 32)",16.966480166695536
"(3, 8, 28)",16.96388574323086
"(12, 21, 34)",16.96279843019625
"(25, 39, 41)",16.96262458948311
"(16, 24, 25)",16.96132519907125
"(24, 40, 49)",16.954521252052572
"(15, 19, 20)",16.950923697105573
"(31,)",16.95017537888757
"(5, 20, 45)",16.948973178829355
"(15, 24, 33)",16.94283934430718
"(14, 30, 31)",16.940913834086412
"(4, 14, 17)",16.937656032710034
"(14, 30)",16.936283061685835
"(16, 24, 34)",16.933778918766315
"(5, 17, 24)",16.93361002823128
"(14, 32, 38)",16.92975667594988
"(1, 5, 14)",16.91786179340461
"(0, 19, 20)",16.916728050919943
"(14, 16, 47)",16.91539161643077
"(3, 32, 47)",16.913754695853726
"(0, 24, 33)",16.90864369812155
"(5, 21, 49)",16.905287604323433
"(3, 17, 31)",16.9004339580295
"(5, 19, 38)",16.89660307108987
"(4, 12, 37)",16.890777817851085
"(3, 9, 38)",16.88957469115286
"(12, 15, 21)",16.88621279341106
"(12, 14, 41)",16.88416979850559
"(3, 19, 37)",16.883480941398773
"(2, 25, 39)",16.87890168260208
"(18, 25, 39)",16.87890168260208
"(22, 25, 39)",16.87890168260208
"(25, 27, 39)",16.87890168260208
"(25, 36, 39)",16.87890168260208
"(25, 39, 42)",16.87890168260208
"(25, 39, 46)",16.87890168260208
"(3, 8, 11)",16.878870381110637
"(3, 6, 8)",16.877667129007353
"(14, 35, 38)",16.877208828427015
"(3, 17)",16.875563247600464
"(12, 28, 31)",16.86906452241772
"(20, 34, 39)",16.86827123606993
"(20, 21, 28)",16.867814445727213
"(5, 39, 48)",16.861694813223355
"(14, 31, 32)",16.85992068164744
"(8, 20, 38)",16.858029053481147
"(15, 16, 24)",16.85719328198113
"(12, 47, 49)",16.856901655026583
"(11, 12, 38)",16.853885154599933
"(5, 9, 24)",16.852914767052205
"(3, 13, 21)",16.852856018012613
"(6, 12, 38)",16.85268190249665
"(5, 20, 44)",16.84924311556881
"(1, 3, 48)",16.846860576704444
"(14, 15, 40)",16.845616604667583
"(12, 28)",16.828509094182795
"(5, 10, 12)",16.82839494736539
"(5, 19, 31)",16.826767076787434
"(0, 16, 24)",16.8229976357955
"(3, 9, 31)",16.819738696850425
"(10, 24, 38)",16.81957346124105
"(3, 23, 49)",16.81815810213977
"(14, 32)",16.814793333027378
"(2, 28, 48)",16.813902801416393
"(5, 18, 26)",16.813578399180923
"(5, 25, 49)",16.81300540119444
"(6, 14, 19)",16.81277110642244
"(11, 33, 40)",16.81198438951901
"(5, 20, 43)",16.811726093739345
"(21, 24, 40)",16.810039744131558
"(14, 31, 35)",16.80737283412458
"(2, 12, 14)",16.80044689162456
"(12, 14, 18)",16.80044689162456
"(12, 14, 27)",16.80044689162456
"(12, 14, 42)",16.80044689162456
"(12, 14, 46)",16.80044689162456
"(13, 14, 46)",16.794257802710895
"(12, 15, 25)",16.793930590282073
"(3, 45, 49)",16.793501930327167
"(15, 20, 39)",16.79168559928474
"(8, 20, 31)",16.78819305917871
"(19, 24, 39)",16.78728401366745
"(5, 34, 49)",16.785459120889506
"(11, 12, 31)",16.784049160297496
"(6, 12, 31)",16.78284590819421
"(11, 20, 21)",16.782799083606992
"(6, 20, 21)",16.781595831503708
"(24, 30, 38)",16.77875884763371
"(19, 20, 47)",16.77713105080008
"(20, 25, 28)",16.775532242598224
"(24, 33, 47)",16.769046698001684
"(12, 15, 34)",16.766384309977138
"(5, 19)",16.765062925737368
"(0, 12, 25)",16.759734944096444
"(0, 20, 39)",16.75748995309911
"(3, 9)",16.75452035583185
"(8, 14, 21)",16.753407353712426
"(24, 29, 44)",16.75330520042317
"(10, 24, 31)",16.749737466938615
"(20, 28, 34)",16.74798596229329
"(4, 20, 23)",16.745684374365574
"(5, 28, 48)",16.741409539446714
"(5, 38, 39)",16.737364973269038
"(14, 35)",16.735971561743085
"(3, 13, 34)",16.73302753457869
"(8, 12, 35)",16.73212562372251
"(5, 18, 37)",16.72986308024175
"(3, 37, 39)",16.72424284357794
"(1, 3, 38)",16.72253073675013
"(4, 20, 45)",16.721028202552976
"(5, 7, 18)",16.713749832776184
"(12, 21, 47)",16.71242014710557
"(24, 30, 31)",16.708922853331273
"(5, 15, 49)",16.70887348410432
"(3, 7, 39)",16.70812959611238
"(8, 20)",16.707201899324282
"(5, 12, 32)",16.70658718131908
"(20, 26, 48)",16.706146038945075
"(4, 17, 24)",16.7056650519549
"(11, 12)",16.70098605100246
"(6, 12)",16.69918117284753
"(24, 32, 38)",16.69776569519474
"(3, 44, 49)",16.693771867066623
"(11, 20, 25)",16.690516880478
"(24, 34, 40)",16.69021126069763
"(1, 4, 14)",16.689916817128232
"(6, 20, 25)",16.689313628374713
"(3, 26, 28)",16.687672888740472
"(1, 5, 24)",16.685870812649473
"(16, 24, 47)",16.683400635675635
"(0, 5, 49)",16.67467783791869
"(3, 21, 23)",16.67367659421875
"(14, 40, 47)",16.671823958362086
"(15, 20, 28)",16.671400325508102
"(4, 19, 38)",16.66865809481349
"(5, 21, 25)",16.668523893273427
"(5, 31, 39)",16.6675289789666
"(19, 24, 28)",16.666998739890808
"(14, 17, 43)",16.66431368249135
"(11, 20, 34)",16.662970600173068
"(6, 20, 34)",16.66176734806978
"(8, 14, 25)",16.661125150583434
"(5, 11, 48)",16.65639417732649
"(3, 43, 49)",16.656254845237157
"(5, 6, 48)",16.655190925223206
"(5, 12, 35)",16.654039333796216
"(6, 14, 39)",16.653533008601606
"(1, 3, 31)",16.652694742447693
"(12, 24, 41)",16.652178817750453
"(10, 24)",16.649518510964135
"(3, 21, 45)",16.649020422406153
"(17, 25, 33)",16.64886171009712
"(24, 35, 38)",16.645217847671876
"(12, 17, 20)",16.643630417507495
"(5, 21, 34)",16.64097761296849
"(12, 16, 48)",16.63722288519596
"(0, 20, 28)",16.637204679322473
"(24, 31, 32)",16.627929700892306
"(3, 8, 33)",16.6235243340784
"(13, 14, 48)",16.622981071538472
"(20, 37, 48)",16.6224307200059
"(0, 3, 13)",16.62224625160787
"(14, 26, 49)",16.621676007143055
"(4, 20, 44)",16.62129813929243
"(12, 25, 47)",16.620137943976577
"(20, 39, 47)",16.617892952979247
"(15, 24, 40)",16.613625623912448
"(7, 20, 48)",16.606317472540336
"(3, 28, 37)",16.6039575698013
"(3, 11, 26)",16.602657526620252
"(3, 6, 26)",16.601454274516964
"(4, 10, 12)",16.60044997108901
"(4, 19, 31)",16.598822100511054
"(12, 33, 38)",16.598539107567696
"(3, 10, 19)",16.593153094636698
"(12, 34, 47)",16.592591663671644
"(24, 30)",16.588296590553128
"(3, 7, 28)",16.587844322335734
"(11, 15, 20)",16.58638496338788
"(6, 15, 20)",16.585181711284594
"(4, 20, 43)",16.583781117462966
"(11, 19, 24)",16.581983377770584
"(20, 26, 38)",16.58181619899076
"(6, 19, 24)",16.5807801256673
"(24, 31, 35)",16.575381853369443
"(4, 5, 37)",16.568957000623328
"(2, 12, 24)",16.568455910869424
"(12, 24, 27)",16.568455910869424
"(12, 24, 36)",16.568455910869424
"(5, 15, 21)",16.564391976183305
"(9, 12, 20)",16.56293515632842
"(5, 14, 41)",16.562348981277832
"(4, 12, 30)",16.55963535748167
"(14, 19, 33)",16.558628311493486
"(4, 34, 49)",16.55751414461313
"(8, 14, 15)",16.556993233493312
"(3, 23, 34)",16.553848110784827
"(3, 19, 30)",16.55233848102936
"(0, 11, 20)",16.55218931720225
"(0, 6, 20)",16.550986065098964
"(3, 21, 44)",16.54929035914561
"(5, 28, 31)",16.547243705189963
"(14, 37, 49)",16.53796068820388
"(3, 8, 16)",16.537878271752348
"(5, 47, 49)",16.535080837798827
"(5, 11, 38)",16.532064337372177
"(5, 6, 38)",16.53086108526889
"(2, 8, 20)",16.52987364597918
"(3, 34, 45)",16.529191938972225
"(12, 31, 33)",16.52870311326526
"(2, 11, 32)",16.52724444768773
"(11, 18, 32)",16.52724444768773
"(11, 27, 32)",16.52724444768773
"(11, 32, 36)",16.52724444768773
"(11, 32, 42)",16.52724444768773
"(5, 39)",16.52620577900612
"(8, 11, 33)",16.523361018344744
"(0, 8, 14)",16.522797587307686
"(7, 14, 49)",16.521847440738316
"(3, 11, 37)",16.51894220768108
"(3, 6, 37)",16.51773895557779
"(12, 15, 47)",16.516006026886455
"(12, 16, 38)",16.512893045241647
"(3, 21, 43)",16.511773337316143
"(4, 38, 39)",16.509419996992662
"(24, 28, 39)",16.507760642069975
"(1, 3)",16.503954424227757
"(3, 7, 11)",16.502828960215513
"(3, 6, 7)",16.501625708112226
"(13, 14, 38)",16.49865123158416
"(20, 37, 38)",16.498100880051588
"(20, 28, 47)",16.497607679202606
"(3, 41, 48)",16.491347764577668
"(2, 28)",16.48847902176849
"(3, 13, 47)",16.482649251488006
"(0, 12, 47)",16.481810380700825
"(14, 29, 48)",16.481478978588846
"(4, 15, 49)",16.48092850782794
"(20, 27, 30)",16.4807165017968
"(20, 30, 36)",16.4807165017968
"(38, 48, 49)",16.48008160119481
"(2, 5, 14)",16.478626074396804
"(5, 14, 22)",16.478626074396804
"(5, 14, 27)",16.478626074396804
"(14, 21, 26)",16.47719449922204
"(14, 16, 19)",16.472982249167437
"(5, 15, 25)",16.472109773054314
"(3, 19, 32)",16.471345328590388
"(3, 35, 41)",16.467379429070856
"(24, 32)",16.46680686189467
"(5, 11, 31)",16.46222834306974
"(5, 6, 31)",16.461025090966455
"(1, 4, 24)",16.457925836373093
"(0, 4, 49)",16.44673286164231
"(5, 15, 34)",16.44456349274938
"(14, 23, 48)",16.443801647744614
"(0, 3, 23)",16.443066827814008
"(12, 16, 31)",16.44305705093921
"(16, 20, 21)",16.441806974248706
"(24, 40, 47)",16.43983297760695
"(4, 31, 39)",16.439584002690225
"(5, 10, 18)",16.439535233479674
"(0, 5, 25)",16.437914126868684
"(3, 10, 39)",16.433914996815865
"(17, 24, 43)",16.43232270173621
"(3, 34, 44)",16.429461875711684
"(13, 14, 31)",16.42881523728172
"(20, 31, 37)",16.42826488574915
"(4, 12, 35)",16.426094357519837
"(4, 19)",16.423145461322797
"(11, 24, 39)",16.422745279949755
"(6, 24, 39)",16.42154202784647
"(14, 45, 48)",16.419145475932012
"(3, 19, 35)",16.418797481067525
"(0, 3, 45)",16.41841065600141
"(12, 19, 49)",16.414492287763245
"(11, 20, 47)",16.412592317082385
"(7, 20, 31)",16.412151638283586
"(6, 20, 47)",16.411389064979097
"(5, 8, 35)",16.41030480649475
"(2, 3, 48)",16.407624857696636
"(3, 18, 48)",16.407624857696636
"(3, 22, 48)",16.407624857696636
"(3, 36, 48)",16.407624857696636
"(3, 42, 48)",16.407624857696636
"(3, 46, 48)",16.407624857696636
"(20, 33, 34)",16.407624553140828
"(1, 25, 33)",16.401122494515313
"(14, 33, 39)",16.399390213672653
"(1, 12, 20)",16.395891201925693
"(12, 40, 48)",16.393655227127276
"(14, 21, 37)",16.393479180282867
"(3, 34, 43)",16.391944853882215
"(5, 21, 47)",16.390599329877812
"(24, 26, 49)",16.389685026387916
"(24, 35)",16.38798509061038
"(14, 25, 26)",16.38491229609305
"(8, 14, 47)",16.38320058718782
"(7, 14, 21)",16.377365932817302
"(14, 29, 38)",16.357149138634533
"(16, 20, 25)",16.34952477111971
"(3, 26, 33)",16.347311479588015
"(5, 28)",16.34577786834116
"(21, 38, 48)",16.335600093273797
"(10, 20, 48)",16.332102873243826
"(15, 20, 33)",16.33103891635564
"(5, 24, 41)",16.330358000522693
"(19, 24, 33)",16.32663733073835
"(16, 20, 34)",16.32197849081478
"(5, 17, 20)",16.321809600279742
"(14, 23, 38)",16.3194718077903
"(4, 28, 31)",16.319298728913584
"(12, 33)",16.317966980454106
"(5, 18, 32)",16.317727467433365
"(5, 16, 48)",16.315402067968204
"(14, 16, 39)",16.313744151346604
"(3, 10, 28)",16.313629723039227
"(3, 32, 39)",16.312107230769556
"(4, 47, 49)",16.307135861522447
"(24, 37, 49)",16.305969707448742
"(4, 11, 38)",16.304119361095797
"(3, 23, 47)",16.303469827694144
"(4, 6, 38)",16.302916108992513
"(11, 24, 28)",16.302460006173114
"(14, 25, 37)",16.30119697715387
"(5, 25, 47)",16.29831712674882
"(3, 31, 41)",16.297181930320914
"(0, 20, 33)",16.29684327017001
"(14, 38, 45)",16.2948156359777
"(20, 26)",16.292882617588702
"(20, 30, 48)",16.291288259636488
"(7, 24, 49)",16.289856459983177
"(3, 9, 45)",16.288981665581908
"(14, 29, 31)",16.287313144332096
"(31, 38, 49)",16.28591576693806
"(7, 14, 25)",16.28508372968831
"(2, 3, 38)",16.283295017742322
"(3, 18, 38)",16.283295017742322
"(3, 22, 38)",16.283295017742322
"(3, 27, 38)",16.283295017742322
"(3, 36, 38)",16.283295017742322
"(3, 38, 42)",16.283295017742322
"(3, 38, 46)",16.283295017742322
"(14, 43, 48)",16.281898390842002
"(0, 3, 43)",16.2811635709114
"(14, 15, 26)",16.280780379002927
"(3, 45, 47)",16.278813655881546
"(4, 5, 10)",16.278629153861253
"(5, 33, 38)",16.27671829033994
"(5, 12, 13)",16.27548173695336
"(3, 28, 30)",16.272815109431885
"(5, 34, 47)",16.270770846443884
"(12, 19, 21)",16.27001077984223
"(12, 38, 40)",16.269325387172962
"(13, 24, 38)",16.26666025082902
"(5, 18, 35)",16.2651796199105
"(3, 33, 37)",16.263596160648838
"(3, 16, 26)",16.261665417261963
"(3, 35, 39)",16.259559383246696
"(12, 39, 49)",16.255254189942416
"(2, 4, 14)",16.250681098120424
"(4, 14, 18)",16.250681098120424
"(4, 14, 22)",16.250681098120424
"(4, 14, 42)",16.250681098120424
"(4, 14, 46)",16.250681098120424
"(14, 23, 31)",16.249635813487863
"(10, 14, 49)",16.247632841441806
"(3, 7, 33)",16.247482913183276
"(11, 26, 33)",16.24714816385436
"(2, 5, 24)",16.246635093641665
"(5, 22, 24)",16.246635093641665
"(5, 24, 27)",16.246635093641665
"(5, 24, 36)",16.246635093641665
"(0, 14, 26)",16.246584732817297
"(15, 16, 20)",16.245392854029593
"(21, 24, 26)",16.2452035184669
"(5, 9, 20)",16.241114339100665
"(16, 19, 24)",16.240991268412298
"(4, 11, 31)",16.23428336679336
"(4, 6, 31)",16.233080114690075
"(14, 19, 40)",16.229414591098752
"(3, 10, 11)",16.228614360919003
"(3, 6, 10)",16.227411108815716
"(14, 31, 45)",16.22497964167526
"(5, 11)",16.218254825160827
"(4, 15, 34)",16.216618516473
"(5, 6)",16.2164499470059
"(6, 11, 24)",16.216241391949605
"(34, 38, 48)",16.215771609839873
"(3, 18, 31)",16.213459023439885
"(3, 22, 31)",16.213459023439885
"(3, 31, 36)",16.213459023439885
"(3, 31, 42)",16.213459023439885
"(0, 16, 20)",16.211197207843963
"(20, 32, 48)",16.210295107197517
"(10, 20, 38)",16.207773033289513
"(5, 31, 33)",16.206882296037502
"(14, 30, 49)",16.206818227834468
"(12, 31, 40)",16.199489392870525
"(20, 21, 40)",16.19823931618002
"(14, 15, 37)",16.19706506006375
"(13, 24, 31)",16.196824256526586
"(14, 38, 44)",16.195085572717154
"(5, 15, 47)",16.1941852096587
"(6, 14, 33)",16.192886325672504
"(5, 16, 38)",16.191072228013887
"(12, 16)",16.18949788696503
"(3, 11, 30)",16.187799747311665
"(4, 39)",16.18428831459155
"(7, 14, 15)",16.180951812598188
"(3, 44, 47)",16.179083592621
"(3, 16, 37)",16.17795009832279
"(12, 19, 25)",16.17772857671324
"(19, 20, 39)",16.17548358571591
"(13, 14)",16.1681351664788
"(24, 33, 39)",16.167399232917518
"(20, 37)",16.16730963917994
"(20, 30, 38)",16.166958419682175
"(3, 17, 49)",16.166338351777554
"(11, 33, 37)",16.163432844915185
"(0, 14, 37)",16.16286941387812
"(3, 7, 16)",16.161836850857227
"(21, 24, 37)",16.161488199527728
"(0, 5, 47)",16.15998956347307
"(20, 35, 48)",16.157747259674654
"(14, 38, 43)",16.15756855088769
"(20, 33, 47)",16.15724627005015
"(24, 25, 26)",16.15292131533791
"(12, 19, 34)",16.150182296408303
"(7, 11, 33)",16.14731959744962
"(7, 21, 24)",16.145374952062163
"(7, 20)",16.143139767981594
"(3, 43, 47)",16.141566570791536
"(20, 29, 44)",16.14150477247163
"(21, 31, 38)",16.141434259017046
"(48, 49)",16.14028072089478
"(3, 28, 35)",16.13927410947005
"(15, 38, 48)",16.139185973054683
"(10, 20, 31)",16.137937038987076
"(5, 12, 29)",16.133979644003734
"(24, 26, 34)",16.125375035032977
"(14, 31, 44)",16.125249578414717
"(24, 29, 38)",16.125158157879397
"(5, 16, 31)",16.121236233711453
"(12, 21, 39)",16.1107726820214
"(6, 14, 16)",16.107240263346455
"(3, 6, 32)",16.105603342769406
"(8, 12, 48)",16.10503185595301
"(4, 5, 35)",16.10427354029208
"(10, 14, 21)",16.103151333520792
"(20, 30, 31)",16.097122425379737
"(5, 12, 23)",16.096302313159498
"(4, 17, 20)",16.093864624003363
"(5, 19, 49)",16.09267147053549
"(14, 31, 43)",16.08773255658525
"(23, 24, 38)",16.08748082703516
"(20, 32, 38)",16.085965267243203
"(3, 9, 49)",16.08564309059848
"(16, 24, 39)",16.08175317059147
"(20, 34, 40)",16.078410832746094
"(1, 5, 20)",16.074070384697936
"(12, 15, 19)",16.07359665962312
"(14, 35, 49)",16.073277227872634
"(5, 40, 48)",16.07183440989952
"(5, 12, 45)",16.0716461413469
"(16, 20, 47)",16.071600207724096
"(14, 39, 40)",16.07017649327792
"(24, 25, 37)",16.069205996398736
"(24, 29, 31)",16.05532216357696
"(19, 20, 28)",16.05519831193927
"(7, 24, 25)",16.05309274893317
"(3, 6, 35)",16.053055495246543
"(11, 12, 49)",16.04995355404555
"(15, 24, 26)",16.04878939824779
"(4, 33, 38)",16.04877331406356
"(6, 12, 49)",16.048750301942267
"(24, 28, 33)",16.047113959140876
"(25, 33, 41)",16.045609682388537
"(4, 34, 47)",16.04282587016751
"(24, 34, 37)",16.041659716093804
"(12, 20, 41)",16.040378389798914
"(3, 13, 19)",16.04023988422467
"(0, 12, 19)",16.03940101343749
"(20, 35, 38)",16.03341741972034
"(7, 24, 34)",16.025546468628235
"(14, 37, 47)",16.023272413758257
"(3, 17, 21)",16.02185684385654
"(31, 34, 38)",16.021605775583122
"(2, 4, 24)",16.01869011736529
"(4, 22, 24)",16.01869011736529
"(23, 24, 31)",16.017644832732724
"(20, 31, 32)",16.016129272940766
"(10, 24, 49)",16.01564186068667
"(0, 24, 26)",16.01459375206216
"(10, 14, 25)",16.0108691303918
"(7, 14, 47)",16.007159166292695
"(4, 28)",16.00386040392659
"(15, 20, 40)",16.001825195960905
"(19, 24, 40)",15.997423610343613
"(12, 34, 39)",15.990944198587476
"(12, 21, 28)",15.990487408244759
"(14, 21, 32)",15.981343567474482
"(8, 12, 38)",15.980702015998693
"(4, 31, 33)",15.978937319761124
"(24, 30, 49)",15.974827247079329
"(3, 10, 33)",15.973268313886766
"(5, 12, 44)",15.971916078086357
"(3, 41)",15.97068520603759
"(11, 19, 20)",15.970182949819048
"(14, 25, 30)",15.97005451678446
"(6, 19, 20)",15.968979697715762
"(4, 15, 47)",15.966240233382319
"(38, 47, 48)",15.96539332674919
"(15, 24, 37)",15.965074079308616
"(20, 31, 35)",15.963581425417903
"(4, 16, 38)",15.963127251737511
"(24, 38, 44)",15.963094591962019
"(2, 25, 33)",15.961886775507507
"(22, 25, 33)",15.961886775507507
"(25, 33, 36)",15.961886775507507
"(25, 33, 42)",15.961886775507507
"(25, 33, 46)",15.961886775507507
"(16, 24, 28)",15.961467896814826
"(6, 24, 33)",15.960895344917368
"(2, 12, 20)",15.956655482917885
"(12, 18, 20)",15.956655482917885
"(12, 20, 27)",15.956655482917885
"(12, 20, 36)",15.956655482917885
"(12, 20, 42)",15.956655482917885
"(12, 20, 46)",15.956655482917885
"(14, 29)",15.955882027054361
"(38, 49)",15.953785960963309
"(13, 20, 46)",15.950466394004218
"(7, 15, 24)",15.948960831843051
"(5, 19, 21)",15.948189962614475
"(5, 38, 40)",15.947504569945204
"(15, 31, 38)",15.945020138797934
"(3, 9, 21)",15.941161582677465
"(8, 14, 19)",15.940791219924481
"(5, 12, 43)",15.93439905625689
"(5, 39, 49)",15.933433372714658
"(3, 30, 33)",15.932453700279426
"(0, 4, 47)",15.932044587196689
"(0, 24, 37)",15.930878433122986
"(24, 38, 43)",15.92557757013255
"(21, 48)",15.923558459013258
"(1, 3, 49)",15.918599136195747
"(12, 15, 39)",15.914358561802288
"(8, 12, 31)",15.910866021696258
"(0, 31, 38)",15.910824492612305
"(8, 20, 21)",15.90961594500575
"(10, 14, 15)",15.906737213301678
"(11, 12, 21)",15.905472046124537
"(6, 12, 21)",15.904268794021252
"(3, 17, 34)",15.902028360422612
"(12, 19, 47)",15.899804013317624
"(14, 23)",15.89936603078801
"(12, 25, 28)",15.898205205115767
"(20, 28, 39)",15.895960214118439
"(4, 16, 31)",15.893291257435074
"(24, 31, 44)",15.893258597659583
"(14, 25, 32)",15.88906136434549
"(3, 10, 16)",15.887622251560716
"(5, 13, 18)",15.886622023067646
"(3, 13, 39)",15.881001786403838
"(0, 12, 39)",15.880162915616658
"(5, 31, 40)",15.877668575642767
"(4, 11)",15.876337360746257
"(6, 16, 24)",15.875249282591318
"(4, 6)",15.874532482591329
"(10, 11, 33)",15.87310499815311
"(0, 10, 14)",15.872541567116048
"(10, 21, 24)",15.871160352765655
"(12, 28, 34)",15.870658924810835
"(4, 12, 23)",15.868357336883122
"(14, 15, 30)",15.865922599694338
"(4, 19, 49)",15.86472649425911
"(6, 14, 40)",15.86367260527777
"(14, 45)",15.86238177306911
"(3, 19, 23)",15.861060460430808
"(5, 19, 25)",15.855907759485483
"(24, 31, 43)",15.855741575830116
"(3, 32, 33)",15.851460547840457
"(31, 49)",15.849031969509653
"(3, 16, 30)",15.846807637953376
"(1, 4, 20)",15.846125408421557
"(2, 3)",15.845100845716045
"(3, 18)",15.845100845716045
"(3, 22)",15.845100845716045
"(3, 27)",15.845100845716045
"(3, 36)",15.845100845716045
"(3, 42)",15.845100845716045
"(3, 46)",15.845100845716045
"(4, 12, 45)",15.843701165070522
"(24, 35, 49)",15.841286247117495
"(24, 39, 40)",15.838185512522783
"(3, 19, 45)",15.836404288618208
"(5, 33)",15.83523575461247
"(11, 30, 33)",15.83229038454577
"(0, 14, 30)",15.831726953508708
"(12, 26, 48)",15.82881900146262
"(5, 19, 34)",15.828361479180549
"(20, 40, 47)",15.828032549655411
"(12, 40)",15.824146399862002
"(3, 9, 34)",15.821333099243539
"(17, 20, 43)",15.820522273784675
"(13, 24)",15.820148695346093
"(8, 20, 25)",15.817333741876759
"(11, 12, 25)",15.813189842995545
"(6, 12, 25)",15.81198659089226
"(11, 20, 39)",15.810944851998217
"(6, 20, 39)",15.80974159989493
"(3, 33, 35)",15.798912700317594
"(12, 33, 49)",15.794607507013314
"(12, 15, 28)",15.794073288025647
"(24, 37, 47)",15.791281433003121
"(0, 3, 17)",15.791247077451795
"(8, 20, 34)",15.789787461571825
"(5, 21, 39)",15.788951864793644
"(11, 12, 34)",15.78564356269061
"(25, 48)",15.78513515431977
"(14, 15, 32)",15.784929447255369
"(6, 12, 34)",15.784440310587327
"(5, 8, 48)",15.783211038725248
"(8, 14, 39)",15.78155312210365
"(13, 20, 48)",15.779189662831797
"(10, 24, 25)",15.778878149636663
"(7, 24, 47)",15.775168185537556
"(1, 3, 21)",15.774117628274732
"(31, 38, 47)",15.77122749249244
"(3, 16, 32)",15.765814485514406
"(3, 13, 28)",15.760716512627196
"(0, 12, 28)",15.759877641840017
"(5, 15, 19)",15.75177584239536
"(10, 24, 34)",15.751331869331729
"(21, 24, 32)",15.749352586719345
"(5, 18, 29)",15.745119930118019
"(12, 37, 48)",15.745103682523446
"(4, 12, 44)",15.74397110180998
"(34, 48)",15.74381573386237
"(2, 21, 28)",15.741159852986684
"(12, 39, 47)",15.740565915496795
"(24, 25, 30)",15.738063536029323
"(14, 16, 42)",15.737234631595634
"(21, 38)",15.737063699081785
"(3, 19, 44)",15.736674225357666
"(10, 14, 47)",15.732944566996185
"(14, 15, 35)",15.732381599732506
"(10, 20)",15.73181786903683
"(3, 8, 26)",15.72947438801901
"(7, 12, 48)",15.72899043505788
"(5, 11, 49)",15.728132736817795
"(5, 6, 49)",15.726929484714509
"(4, 38, 40)",15.719559593668825
"(5, 20, 41)",15.718557572571159
"(0, 5, 19)",15.717580196209731
"(19, 20, 33)",15.71483690278681
"(3, 16, 35)",15.713266637991541
"(8, 15, 20)",15.713201824786639
"(14, 44)",15.712786678178295
"(0, 3, 9)",15.710551816272721
"(24, 30, 34)",15.710517255724389
"(11, 12, 15)",15.709057925905423
"(12, 16, 49)",15.708961444687265
"(6, 12, 15)",15.707854673802139
"(5, 18, 23)",15.707442599273786
"(5, 16)",15.706766661123392
"(4, 12, 43)",15.70645407998051
"(4, 39, 49)",15.70548839643828
"(12, 26, 38)",15.704489161508306
"(3, 23, 39)",15.701822362609978
"(3, 19, 43)",15.699157203528198
"(0, 14, 35)",15.698185953546876
"(13, 14, 49)",15.694719631029777
"(14, 30, 47)",15.692129953388843
"(11, 20, 28)",15.690659578221576
"(5, 18, 45)",15.682786427461187
"(0, 8, 20)",15.679006178601009
"(3, 39, 45)",15.677166190797378
"(3, 11, 13)",15.675701150506974
"(0, 11, 12)",15.674862279719793
"(10, 15, 24)",15.674746232546543
"(3, 6, 13)",15.674497898403688
"(0, 6, 12)",15.673659027616509
"(20, 30)",15.67059594862582
"(5, 34, 39)",15.669123381359718
"(5, 21, 28)",15.668666591017002
"(14, 17, 38)",15.667652057428084
"(14, 19, 26)",15.664578365434096
"(5, 8, 38)",15.658881198770935
"(24, 25, 32)",15.657070383590353
"(14, 43)",15.656511145434093
"(13, 20, 38)",15.654859822877484
"(1, 3, 34)",15.654289144840806
"(2, 8, 12)",15.652546608496724
"(3, 17, 47)",15.65165007733193
"(4, 31, 40)",15.64972359936639
"(2, 25, 28)",15.648877649857692
"(3, 8, 37)",15.645759069079835
"(0, 10, 24)",15.640550586360913
"(20, 29, 48)",15.637687569882171
"(2, 5, 20)",15.634834665690128
"(5, 20, 22)",15.634834665690128
"(5, 20, 27)",15.634834665690128
"(5, 20, 36)",15.634834665690128
"(15, 24, 30)",15.633931618939203
"(20, 21, 26)",15.633403090515365
"(11, 24, 40)",15.63288487662592
"(21, 31)",15.632309707628131
"(6, 24, 40)",15.631681624522633
"(3, 7, 8)",15.629645821614272
"(24, 32, 34)",15.62952410328542
"(16, 19, 20)",15.62919084046076
"(15, 48)",15.628937278684589
"(2, 28, 34)",15.621331369552758
"(12, 37, 38)",15.620773842569132
"(12, 28, 47)",15.620280641720154
"(14, 32, 47)",15.611136800949875
"(14, 33, 40)",15.60952981034882
"(24, 29)",15.607895555921655
"(6, 11, 20)",15.604440963998067
"(12, 27, 30)",15.603389464314347
"(12, 30, 36)",15.603389464314347
"(4, 19, 34)",15.600416502904169
"(20, 23, 48)",15.600010239037939
"(0, 24, 30)",15.599735972753573
"(14, 17, 31)",15.597816063125649
"(5, 15, 39)",15.59253774457453
"(5, 8, 31)",15.589045204468498
"(13, 20, 31)",15.585023828575046
"(5, 11, 21)",15.58365122889678
"(5, 18, 44)",15.583056364200642
"(5, 6, 21)",15.582447976793494
"(3, 23, 28)",15.581537088833336
"(14, 19, 37)",15.58086304649492
"(5, 19, 47)",15.577983196089868
"(24, 34, 35)",15.576976255762556
"(5, 25, 28)",15.57638438788801
"(20, 45, 48)",15.575354067225337
"(6, 8, 14)",15.575049234103503
"(3, 9, 47)",15.570954816152856
"(12, 16, 21)",15.56447993676625
"(3, 41, 49)",15.563086324068971
"(0, 5, 39)",15.5583420983889
"(34, 38)",15.557320973930896
"(3, 28, 45)",15.556880917020736
"(20, 33, 39)",15.55559880496598
"(14, 29, 49)",15.553217538080151
"(15, 24, 32)",15.552938466500233
"(23, 24)",15.551379559655302
"(12, 31, 37)",15.550937848266695
"(13, 14, 21)",15.550238123108763
"(20, 21, 37)",15.54968777157619
"(20, 32)",15.549106219967364
"(5, 28, 34)",15.548838107583077
"(4, 5, 23)",15.546536519655364
"(5, 18, 43)",15.545539342371175
"(2, 15, 28)",15.54474573276757
"(1, 14, 48)",15.544242681800593
"(0, 1, 3)",15.54350786186999
"(20, 25, 26)",15.541120887386374
"(8, 20, 47)",15.539409178481144
"(11, 12, 47)",15.53526527959993
"(7, 12, 31)",15.53482460080113
"(6, 12, 47)",15.534062027496645
"(7, 20, 21)",15.533574524110627
"(21, 48, 49)",15.531668492719415
"(12, 33, 34)",15.530297515658374
"(14, 16, 40)",15.523883748022769
"(4, 15, 19)",15.523830866118983
"(19, 38, 48)",15.522983959485853
"(4, 5, 45)",15.521880347842764
"(14, 23, 49)",15.515540207235917
"(20, 26, 34)",15.51357460708144
"(20, 29, 38)",15.513357729927858
"(0, 2, 28)",15.51055008658194
"(5, 26, 48)",15.506998184234863
"(10, 24, 47)",15.500953586241046
"(15, 24, 35)",15.50039061897737
"(4, 11, 49)",15.500187760541415
"(4, 6, 49)",15.49898450843813
"(3, 11, 23)",15.496521726713114
"(3, 6, 23)",15.495318474609828
"(25, 31)",15.493886402934644
"(4, 33)",15.493318290197902
"(5, 11, 25)",15.491369025767789
"(14, 45, 49)",15.490884035423317
"(5, 6, 25)",15.490165773664502
"(0, 4, 19)",15.489635219933353
"(2, 3, 49)",15.47936341718794
"(3, 22, 49)",15.47936341718794
"(3, 27, 49)",15.47936341718794
"(3, 36, 49)",15.47936341718794
"(3, 42, 49)",15.47936341718794
"(3, 46, 49)",15.47936341718794
"(20, 23, 38)",15.475680399083624
"(5, 33, 49)",15.472786689785558
"(5, 15, 28)",15.472252470797889
"(12, 16, 25)",15.472197733637259
"(3, 11, 45)",15.471865554900514
"(3, 6, 45)",15.470662302797228
"(20, 35)",15.470284448683069
"(16, 20, 39)",15.46995274263993
"(0, 24, 35)",15.46619497279174
"(12, 40, 49)",15.46539378661858
"(5, 11, 34)",15.463822745462855
"(13, 24, 49)",15.46272865027464
"(5, 6, 34)",15.462619493359568
"(24, 30, 47)",15.460138972633708
"(13, 14, 25)",15.45795591997977
"(20, 25, 37)",15.457405568447198
"(3, 28, 44)",15.457150853760194
"(10, 12, 48)",15.454775835761371
"(12, 15, 33)",15.453711878873188
"(31, 34)",15.452566982477244
"(20, 38, 45)",15.451024227271024
"(12, 16, 34)",15.444651453332325
"(5, 12, 17)",15.444482562797285
"(20, 29, 31)",15.44352173562542
"(15, 38)",15.442442518753117
"(7, 20, 25)",15.441292320981635
"(4, 34, 39)",15.44117840508334
"(25, 48, 49)",15.439386289590423
"(20, 43, 48)",15.438106982135327
"(0, 5, 28)",15.438056824612259
"(15, 20, 26)",15.436988970296252
"(17, 24, 38)",15.435661076672947
"(20, 28, 33)",15.435313531189339
"(19, 24, 26)",15.432587384678959
"(20, 34, 37)",15.429859288142264
"(5, 37, 48)",15.42328286529569
"(4, 5, 44)",15.422150284582221
"(14, 37, 39)",15.42162494867409
"(3, 13, 33)",15.420355103474737
"(1, 14, 38)",15.419912841846278
"(3, 28, 43)",15.419633831930724
"(0, 12, 33)",15.419516232687558
"(5, 39, 47)",15.418745098269035
"(3, 21, 41)",15.418604816147957
"(12, 30, 48)",15.413961222154033
"(7, 20, 34)",15.4137460406767
"(34, 48, 49)",15.411840009285491
"(14, 21, 29)",15.408736030159137
"(21, 38, 49)",15.407338652765102
"(5, 7, 48)",15.407169617830125
"(2, 4, 20)",15.406889689413749
"(4, 18, 20)",15.406889689413749
"(4, 20, 22)",15.406889689413749
"(4, 20, 42)",15.406889689413749
"(4, 20, 46)",15.406889689413749
"(20, 23, 31)",15.405844404781188
"(7, 14, 39)",15.405511701208527
"(0, 20, 26)",15.402793324110622
"(8, 12)",15.3912113431006
"(14, 44, 49)",15.391153972162774
"(0, 38)",15.391149049474672
"(5, 11, 15)",15.387237108677667
"(5, 16, 49)",15.387140627459507
"(5, 6, 15)",15.386033856574382
"(19, 20, 40)",15.385623182392075
"(4, 5, 43)",15.384633262752754
"(5, 26, 38)",15.38266834428055
"(20, 31, 45)",15.381188232968587
"(24, 32, 47)",15.379145820194736
"(24, 33, 40)",15.377538829593682
"(3, 11, 44)",15.372135491639972
"(14, 21, 23)",15.371058699314903
"(2, 28, 47)",15.370953086462077
"(3, 26, 37)",15.36954621458945
"(47, 48)",15.368248309226345
"(12, 15, 16)",15.368065816547137
"(17, 24, 31)",15.36582508237051
"(4, 16)",15.364849196708825
"(24, 44)",15.364800207045588
"(4, 15, 39)",15.364592768298152
"(5, 9, 12)",15.363787301618212
"(38, 39, 48)",15.363745861665024
"(3, 8, 10)",15.355431222317762
"(9, 24, 38)",15.354965815493873
"(13, 14, 15)",15.353824002889649
"(14, 43, 49)",15.353636950333307
"(3, 7, 26)",15.353432967123886
"(15, 20, 37)",15.353273651357076
"(0, 5, 11)",15.353041462492037
"(0, 5, 6)",15.35183821038875
"(20, 38, 44)",15.351294164010481
"(1, 14, 31)",15.350076847543843
"(4, 19, 47)",15.350038219813488
"(16, 20, 28)",15.349667468863288
"(6, 20, 33)",15.34909491696583
"(19, 24, 37)",15.348872065739783
"(14, 21, 45)",15.346402527502303
"(5, 40)",15.341415174020366
"(15, 31)",15.337688527299463
"(21, 31, 49)",15.337502658462665
"(7, 15, 20)",15.337160403891513
"(15, 48, 49)",15.335254372500303
"(2, 3, 21)",15.334881909266926
"(3, 18, 21)",15.334881909266926
"(3, 21, 22)",15.334881909266926
"(3, 21, 27)",15.334881909266926
"(3, 21, 36)",15.334881909266926
"(3, 21, 42)",15.334881909266926
"(3, 21, 46)",15.334881909266926
"(3, 13, 16)",15.334709041148686
"(3, 11, 43)",15.334618469810504
"(0, 12, 16)",15.333870170361507
"(3, 6, 43)",15.333415217707216
"(12, 32, 48)",15.332968069715061
"(2, 5, 8)",15.330725791268968
"(10, 12, 38)",15.330445995807057
"(0, 4, 39)",15.330397122112522
"(19, 31, 38)",15.328818125229102
"(24, 29, 49)",15.321226557325014
"(12, 21, 40)",15.320912278697564
"(8, 14, 33)",15.32090643917455
"(4, 28, 34)",15.320893131306699
"(11, 13, 33)",15.32019178774108
"(0, 13, 14)",15.319628356704019
"(0, 20, 37)",15.319078005171447
"(13, 21, 24)",15.318247142353625
"(14, 25, 29)",15.316453827030145
"(3, 8, 30)",15.314616608710422
"(20, 38, 43)",15.313777142181014
"(24, 43)",15.308524674301387
"(5, 37, 38)",15.298953025341374
"(6, 14, 26)",15.298836379613116
"(3, 34, 41)",15.29877633271403
"(5, 28, 47)",15.298459824492394
"(12, 19, 39)",15.298156548233456
"(21, 25, 48)",15.294904781669409
"(16, 24, 40)",15.291892767267631
"(10, 14, 19)",15.290535199732847
"(12, 30, 38)",15.289631382199719
"(34, 38, 49)",15.287510169331176
"(0, 31)",15.286395058021018
"(9, 24, 31)",15.285129821191436
"(23, 24, 49)",15.28354922648078
"(20, 31, 44)",15.281458169708044
"(12, 35, 48)",15.280420222192198
"(12, 33, 47)",15.279919232567693
"(14, 23, 25)",15.27877649618591
"(3, 7, 37)",15.269717648184711
"(21, 34, 48)",15.267358501364477
"(12, 29, 44)",15.264177734989175
"(6, 16, 20)",15.26344885463978
"(10, 12, 31)",15.26061000150462
"(10, 20, 21)",15.259359924814117
"(14, 25, 45)",15.25412032437331
"(14, 19, 30)",15.249720586125507
"(14, 21, 44)",15.24667246424176
"(25, 31, 49)",15.245220455333673
"(4, 33, 49)",15.244841713509178
"(4, 15, 28)",15.244307494521511
"(20, 31, 43)",15.243941147878576
"(5, 16, 21)",15.242659119538493
"(3, 23, 33)",15.241175679680877
"(4, 11, 34)",15.235877769186475
"(8, 14, 16)",15.2352603768485
"(4, 6, 34)",15.23467451708319
"(3, 8, 32)",15.233623456271452
"(3, 7, 22)",15.231823234748704
"(5, 31, 37)",15.229117031038937
"(20, 39, 40)",15.226385084571245
"(13, 24, 25)",15.225964939224633
"(12, 30, 31)",15.219795387897282
"(31, 34, 49)",15.21767417502874
"(4, 12, 17)",15.216537586520907
"(6, 14, 37)",15.21512106067394
"(2, 3, 34)",15.215053425833
"(3, 18, 34)",15.215053425833
"(3, 22, 34)",15.215053425833
"(3, 27, 34)",15.215053425833
"(3, 34, 36)",15.215053425833
"(3, 34, 46)",15.215053425833
"(5, 11, 47)",15.213444462372173
"(5, 7, 31)",15.213003783573374
"(14, 15, 29)",15.212321909940023
"(5, 6, 47)",15.212241210268886
"(15, 38, 49)",15.210924532545988
"(0, 4, 28)",15.210111848335881
"(3, 17, 19)",15.209240710068594
"(14, 21, 43)",15.209155442412293
"(12, 32, 38)",15.208638229760748
"(5, 33, 34)",15.208476698430617
"(12, 34, 40)",15.20108379526364
"(6, 7, 14)",15.199007813208377
"(13, 24, 34)",15.1984186589197
"(1, 5, 12)",15.196743347215481
"(12, 16, 47)",15.194273170241644
"(4, 39, 47)",15.190800121992659
"(15, 21, 48)",15.190772864579287
"(24, 37, 39)",15.189633967918953
"(14, 41, 48)",15.188729869673818
"(0, 3, 41)",15.187995049743213
"(1, 24, 38)",15.18792186109114
"(38, 47)",15.181753549294875
"(13, 14, 47)",15.180031356584156
"(20, 37, 47)",15.179481005051581
"(11, 29, 33)",15.178689694791455
"(0, 14, 29)",15.178126263754393
"(12, 19, 28)",15.177871274456814
"(21, 24, 29)",15.176745049404
"(0, 38, 49)",15.176728886360358
"(14, 15, 23)",15.174644579095789
"(7, 24, 39)",15.173520720453388
"(31, 38, 39)",15.169580027408271
"(14, 19, 32)",15.168727433686538
"(10, 20, 25)",15.167077721685125
"(14, 35, 41)",15.164761534167006
"(7, 20, 47)",15.16336775758602
"(47, 48, 49)",15.161461726194808
"(4, 11, 15)",15.159292132401287
"(4, 16, 49)",15.15919565118313
"(24, 44, 49)",15.159162991407637
"(11, 38, 48)",15.158445225768158
"(4, 6, 15)",15.158088880298003
"(6, 38, 48)",15.157241973664874
"(12, 35, 38)",15.156090382237885
"(3, 16, 23)",15.155529617354826
"(14, 25, 44)",15.154390261112768
"(24, 26, 28)",15.153064013081487
"(5, 16, 25)",15.1503769164095
"(14, 15, 45)",15.149988407283189
"(5, 40, 49)",15.143572969390823
"(21, 34, 38)",15.143028661410161
"(15, 31, 49)",15.141088538243553
"(11, 23, 33)",15.14101236394722
"(0, 14, 23)",15.140448932910159
"(10, 20, 34)",15.139531441380191
"(21, 23, 24)",15.139067718559765
"(12, 31, 32)",15.138802235458312
"(20, 21, 32)",15.137552158767807
"(5, 10, 48)",15.132955018533615
"(5, 15, 33)",15.13189106164543
"(10, 14, 39)",15.131297101912017
"(3, 16, 45)",15.130873445542226
"(3, 9, 19)",15.12854544888952
"(20, 25, 30)",15.126263108077785
"(0, 4, 11)",15.125096486215659
"(12, 15, 40)",15.124498158478453
"(0, 4, 6)",15.123893234112373
"(5, 16, 34)",15.122830636104567
"(13, 15, 24)",15.121833022134513
"(24, 43, 49)",15.121645969578168
"(1, 24, 31)",15.118085866788704
"(14, 25, 43)",15.1168732392833
"(3, 33, 44)",15.116789444607734
"(14, 19, 35)",15.116179586163675
"(0, 14, 45)",15.115792761097559
"(0, 7, 44)",15.112640389281989
"(0, 31, 49)",15.106892892057923
"(2, 14, 48)",15.105006962792785
"(14, 18, 48)",15.105006962792785
"(14, 22, 48)",15.105006962792785
"(14, 42, 48)",15.105006962792785
"(14, 46, 48)",15.105006962792785
"(0, 2, 3)",15.104272142862182
"(0, 3, 18)",15.104272142862182
"(0, 3, 22)",15.104272142862182
"(0, 3, 27)",15.104272142862182
"(0, 3, 36)",15.104272142862182
"(0, 3, 42)",15.104272142862182
"(21, 25, 31)",15.100738947412658
"(20, 30, 34)",15.09871682777285
"(15, 25, 48)",15.098490661450295
"(0, 5, 33)",15.0976954154598
"(8, 19, 20)",15.096999811217806
"(11, 12, 19)",15.092855912336592
"(6, 12, 19)",15.091652660233308
"(0, 13, 24)",15.087637375948884
"(12, 31, 35)",15.086254387935448
"(24, 25, 29)",15.084462846275008
"(3, 33, 43)",15.079272422778267
"(3, 10, 26)",15.079218367827377
"(31, 47)",15.07699955784122
"(21, 31, 34)",15.073192667107724
"(12, 13, 46)",15.073139356521763
"(4, 37, 38)",15.071008049064996
"(15, 34, 48)",15.070944381145363
"(4, 28, 47)",15.070514848216018
"(24, 28, 37)",15.069348694142311
"(11, 24, 26)",15.068048650961265
"(6, 24, 26)",15.066845398857978
"(15, 21, 38)",15.066443024624974
"(10, 15, 20)",15.062945804595003
"(10, 19, 24)",15.05854421897771
"(24, 29, 34)",15.056916565970074
"(5, 17, 18)",15.055622848911572
"(7, 24, 28)",15.053235446676746
"(3, 17, 39)",15.050002612247763
"(3, 41, 47)",15.048398049623348
"(23, 24, 25)",15.046785515430773
"(5, 15, 16)",15.046244999319379
"(20, 25, 32)",15.045269955638815
"(14, 26, 33)",15.044693584684165
"(0, 44, 48)",15.044599634048968
"(14, 29, 47)",15.03852926363453
"(3, 26, 30)",15.038403754220036
"(38, 47, 49)",15.037131886240495
"(8, 35, 48)",15.036685694890734
"(8, 12, 21)",15.032288907523297
"(16, 42, 44)",15.02988708608587
"(0, 10, 20)",15.028750158409373
"(15, 20, 30)",15.022131190987663
"(11, 20, 40)",15.021084448674381
"(6, 20, 40)",15.019881196571095
"(23, 24, 34)",15.01923923512584
"(12, 28, 39)",15.018633176635985
"(19, 24, 30)",15.01772960537037
"(20, 32, 34)",15.017723675333881
"(21, 47, 48)",15.016980218273794
"(11, 33, 44)",15.016626128874076
"(21, 24, 44)",15.014681483486623
"(14, 15, 43)",15.012741322193179
"(0, 5, 16)",15.012049353133749
"(5, 32, 48)",15.011147252487305
"(14, 32, 39)",15.009489335865707
"(5, 10, 38)",15.008625178579301
"(4, 31, 37)",15.00117205476256
"(14, 23, 47)",15.000851932790294
"(4, 40)",14.999497709605798
"(5, 21, 40)",14.999091461469808
"(15, 21, 31)",14.996607030322537
"(3, 10, 37)",14.995503048888201
"(14, 31, 41)",14.994564035417065
"(3, 16, 43)",14.993626360452215
"(8, 14, 40)",14.991692718779815
"(0, 20, 30)",14.987935544802033
"(4, 11, 47)",14.985499486095794
"(11, 24, 37)",14.98433333202209
"(4, 6, 47)",14.98429623399251
"(6, 24, 37)",14.983130079918803
"(2, 14, 38)",14.980677122838472
"(14, 18, 38)",14.980677122838472
"(14, 22, 38)",14.980677122838472
"(14, 27, 38)",14.980677122838472
"(14, 38, 42)",14.980677122838472
"(14, 38, 46)",14.980677122838472
"(4, 33, 34)",14.980531722154238
"(15, 24, 29)",14.980330929184888
"(11, 33, 43)",14.979109107044609
"(0, 14, 43)",14.978545676007549
"(21, 24, 43)",14.977164461657154
"(12, 26)",14.976892061365021
"(5, 19, 39)",14.9763357310057
"(14, 45, 47)",14.976195760977696
"(5, 9, 18)",14.974927587732497
"(3, 9, 39)",14.96930735106869
"(1, 4, 12)",14.968798370939101
"(7, 11, 24)",14.968220084556524
"(31, 47, 49)",14.967295891938058
"(6, 7, 24)",14.96701683245324
"(20, 34, 35)",14.965175827811017
"(2, 3, 47)",14.964675142742319
"(3, 18, 47)",14.964675142742319
"(3, 22, 47)",14.964675142742319
"(3, 27, 47)",14.964675142742319
"(3, 36, 47)",14.964675142742319
"(3, 46, 47)",14.964675142742319
"(11, 31, 38)",14.964279391511408
"(6, 31, 38)",14.963076139408123
"(1, 3, 19)",14.961501494486788
"(14, 33, 37)",14.96097826574499
"(14, 16, 26)",14.959047522358114
"(5, 35, 48)",14.958599404964442
"(5, 33, 47)",14.958098415339936
"(3, 26, 32)",14.957410601781067
"(14, 35, 39)",14.956941488342844
"(12, 40, 47)",14.95070551217296
"(13, 24, 47)",14.948040375829017
"(15, 34, 38)",14.94661454119105
"(0, 24, 29)",14.946135282999258
"(7, 14, 33)",14.944865018279426
"(12, 17, 43)",14.94319523630222
"(15, 23, 24)",14.942653598340652
"(5, 29, 44)",14.942356917761419
"(15, 20, 32)",14.941138038548694
"(8, 12, 25)",14.940006704394305
"(5, 10, 31)",14.938789184276864
"(3, 7, 30)",14.938575187815298
"(8, 20, 39)",14.937761713396975
"(19, 24, 32)",14.9367364529314
"(11, 12, 39)",14.933617814515761
"(24, 35, 41)",14.93277055341187
"(6, 12, 39)",14.932414562412477
"(3, 17, 28)",14.929717338471121
"(2, 19, 28)",14.92854371919874
"(6, 10, 14)",14.924793213911867
"(25, 47, 48)",14.924698015144802
"(24, 25, 44)",14.92239928035763
"(14, 17)",14.921636405244687
"(4, 40, 49)",14.915627993114445
"(8, 12, 34)",14.912460424089371
"(8, 35, 38)",14.912355854936418
"(14, 18, 31)",14.910841128536035
"(14, 22, 31)",14.910841128536035
"(14, 31, 42)",14.910841128536035
"(5, 8)",14.908480117258964
"(0, 23, 24)",14.908457952155022
"(3, 26, 35)",14.904862754258204
"(15, 25, 31)",14.904324827193545
"(4, 15, 33)",14.903946085369052
"(13, 20)",14.902448053418786
"(12, 13, 48)",14.901862625349342
"(12, 26, 49)",14.900557560953924
"(10, 24, 39)",14.89930612115688
"(34, 47, 48)",14.897151734839866
"(4, 16, 34)",14.894885659828189
"(24, 34, 44)",14.894853000052697
"(4, 5, 17)",14.894716769293149
"(16, 20, 42)",14.893443222888958
"(21, 38, 47)",14.89265037831948
"(10, 20, 47)",14.88915315828951
"(15, 20, 35)",14.88859019102583
"(5, 32, 38)",14.886817412532992
"(24, 25, 43)",14.884882258528162
"(19, 24, 35)",14.884188605408536
"(5, 34, 40)",14.879262978035882
"(15, 31, 34)",14.876778546888612
"(14, 44, 47)",14.876465697717151
"(14, 16, 37)",14.875332203418939
"(3, 32, 37)",14.873695282841892
"(5, 16, 47)",14.872452353013884
"(0, 25, 31)",14.870129181007915
"(0, 4, 33)",14.869750439183422
"(9, 20, 48)",14.86749522749665
"(14, 17, 49)",14.863720456873702
"(7, 14, 16)",14.859218955953375
"(3, 7, 32)",14.857582035376328
"(24, 34, 43)",14.85733597822323
"(5, 19, 28)",14.856050457229058
"(0, 20, 35)",14.8543945448402
"(12, 37)",14.851319082956259
"(3, 9, 28)",14.849022077292048
"(20, 30, 47)",14.848338544682168
"(3, 11, 17)",14.8447019763509
"(3, 6, 17)",14.843498724247613
"(8, 31, 35)",14.842519860633983
"(5, 12, 41)",14.841230535088703
"(14, 43, 47)",14.838948675887686
"(12, 19, 33)",14.837509865304355
"(8, 12, 15)",14.835874787304185
"(5, 35, 38)",14.834269565010128
"(7, 12)",14.827149211757911
"(17, 20, 38)",14.823860648721409
"(21, 31, 47)",14.822814384017043
"(3, 35, 37)",14.821147435319029
"(19, 20, 26)",14.82078695672742
"(15, 47, 48)",14.82056609805468
"(4, 15, 16)",14.818300023043001
"(8, 20, 28)",14.817476439620334
"(16, 38, 48)",14.817453116409872
"(5, 31, 32)",14.816981418230554
"(12, 37, 49)",14.81684224201475
"(11, 12, 28)",14.81333254073912
"(24, 26, 33)",14.812702603929027
"(24, 29, 47)",14.80653828287939
"(3, 7, 35)",14.805034187853465
"(6, 14, 32)",14.802985447865558
"(5, 15, 40)",14.802677341250694
"(1, 3, 39)",14.802263396665957
"(0, 8, 12)",14.801679141118555
"(7, 12, 49)",14.800728994549186
"(0, 4, 16)",14.784104376857371
"(15, 24, 43)",14.780750341438043
"(4, 10, 38)",14.780680202302921
"(10, 24, 28)",14.779020847380238
"(12, 13, 38)",14.777532785395028
"(24, 32, 39)",14.77749835511057
"(34, 38, 47)",14.772821894885553
"(5, 11, 19)",14.771035095108836
"(5, 6, 19)",14.76983184300555
"(2, 28, 39)",14.769305621377908
"(23, 24, 47)",14.768860952035158
"(20, 32, 47)",14.7673453922432
"(20, 33, 40)",14.765738401642144
"(5, 31, 35)",14.764433570707691
"(3, 9, 11)",14.764006715171826
"(3, 6, 9)",14.76280346306854
"(24, 31, 41)",14.76257305466193
"(12, 29, 48)",14.760360532399716
"(2, 5, 12)",14.757507628207673
"(5, 12, 27)",14.757507628207673
"(5, 12, 36)",14.757507628207673
"(12, 21, 26)",14.75607605303291
"(17, 20, 31)",14.754024654418973
"(12, 16, 19)",14.751863802978306
"(6, 14, 35)",14.750437600342693
"(2, 24, 38)",14.748686142083335
"(22, 24, 38)",14.748686142083335
"(24, 27, 38)",14.748686142083335
"(24, 36, 38)",14.748686142083335
"(4, 19, 39)",14.74839075472932
"(49,)",14.747888560131736
"(0, 24, 43)",14.746554695252414
"(9, 20, 38)",14.743165387542335
"(4, 30, 38)",14.739865588695583
"(24, 28, 30)",14.738206233772898
"(13, 14, 19)",14.737621989320818
"(19, 20, 37)",14.737071637788246
"(8, 11, 20)",14.732461077500112
"(6, 8, 20)",14.731257825396828
"(25, 31, 47)",14.730532180888051
"(4, 33, 47)",14.730153439063557
"(24, 33, 37)",14.728987284989852
"(6, 11, 12)",14.727113926515614
"(16, 24, 26)",14.727056541602977
"(24, 35, 39)",14.724950507587705
"(12, 23, 48)",14.722683201555483
"(14, 17, 21)",14.719238948952688
"(19, 48, 49)",14.71905235893147
"(14, 26, 40)",14.71547986428943
"(7, 24, 33)",14.712874037524287
"(4, 10, 31)",14.710844208000484
"(5, 8, 21)",14.710468090295539
"(31, 33, 38)",14.70893334447917
"(12, 13, 31)",14.70769679109259
"(13, 20, 21)",14.706446714402087
"(19, 48)",14.70463425833134
"(31, 34, 47)",14.70298590058312
"(1, 20, 48)",14.700451273093918
"(12, 45, 48)",14.698027029742882
"(5, 28, 39)",14.696812359408227
"(15, 38, 47)",14.696236258100367
"(10, 11, 24)",14.694005485260016
"(6, 10, 24)",14.69280223315673
"(20, 29)",14.690194913994347
"(1, 3, 28)",14.681978122889316
"(16, 20, 40)",14.680092339316094
"(22, 24, 31)",14.6788501477809
"(24, 31, 36)",14.6788501477809
"(12, 33, 39)",14.678271767483524
"(9, 20, 31)",14.6733293932399
"(12, 21, 37)",14.672360734093735
"(10, 14, 33)",14.670650418982916
"(4, 30, 31)",14.670029594393146
"(3, 10, 30)",14.664360588518788
"(12, 25, 26)",14.663793849903918
"(8, 12, 47)",14.662082140998688
"(0, 38, 47)",14.662040611914737
"(7, 12, 21)",14.656247486628171
"(11, 24, 30)",14.653190871652676
"(4, 34, 40)",14.651318001759504
"(1, 4, 5)",14.646977553711345
"(4, 16, 47)",14.644507376737508
"(24, 44, 47)",14.644474716962016
"(16, 24, 37)",14.643341222663802
"(12, 26, 34)",14.636247569598984
"(12, 29, 38)",14.636030692445402
"(20, 23)",14.633678917727995
"(14, 37, 40)",14.631764545350254
"(17, 24, 49)",14.631729476118565
"(14, 30, 33)",14.629835805375576
"(5, 40, 47)",14.6288846949452
"(4, 19, 28)",14.628105480952678
"(7, 16, 24)",14.627227975198238
"(14, 17, 25)",14.626956745823696
"(15, 31, 47)",14.62640026379793
"(3, 8, 23)",14.623338588111872
"(16, 31, 38)",14.623287282153122
"(5, 17, 43)",14.621374419074463
"(5, 8, 25)",14.618185887166547
"(1, 14, 49)",14.615981241291896
"(7, 14, 40)",14.61565129788469
"(13, 20, 25)",14.614164511273096
"(5, 11, 39)",14.611796997288005
"(5, 6, 39)",14.610593745184719
"(24, 43, 47)",14.606957695132547
"(4, 35, 38)",14.606324588733749
"(3, 19, 41)",14.605988682360012
"(24, 28, 35)",14.604665233811065
"(3, 8, 45)",14.598682416299273
"(12, 23, 38)",14.598353361601168
"(1, 3, 11)",14.596962760769093
"(20, 45)",14.596694660009096
"(14, 19, 29)",14.596119896371192
"(1, 3, 6)",14.595759508665807
"(19, 38, 49)",14.594722518977157
"(12, 16, 39)",14.592625705157475
"(0, 31, 47)",14.5922046176123
"(5, 8, 34)",14.590639606861613
"(3, 17, 33)",14.589355929318662
"(13, 20, 34)",14.586618230968162
"(10, 14, 16)",14.585004356656865
"(3, 10, 32)",14.583367436079818
"(12, 25, 37)",14.580078530964743
"(5, 13, 48)",14.580041808121585
"(5, 26, 49)",14.578736743726168
"(13, 14, 39)",14.578383891499987
"(20, 37, 39)",14.577833539967415
"(1, 20, 38)",14.576121433139603
"(4, 15, 40)",14.574732364974317
"(19, 21, 48)",14.574570851010456
"(38, 40, 48)",14.573885458341188
"(12, 38, 45)",14.573697189788568
"(17, 24)",14.57364993411198
"(6, 24, 32)",14.57099446711042
"(12, 29, 31)",14.566194698142965
"(20, 21, 29)",14.564944621452462
"(2, 11, 28)",14.564004985481045
"(7, 12, 25)",14.56396528349918
"(7, 20, 39)",14.561720292501851
"(12, 43, 48)",14.560779944652872
"(39, 48, 49)",14.559814261110642
"(12, 15, 26)",14.559661932813798
"(14, 19, 23)",14.558442565526958
"(12, 28, 33)",14.557986493706885
"(12, 34, 37)",14.55253225065981
"(9, 24, 49)",14.551034214939492
"(1, 14)",14.55002758187198
"(14, 32, 33)",14.548842652936607
"(14, 16, 30)",14.544189743049525
"(4, 11, 19)",14.543090118832456
"(3, 30, 32)",14.542552822472478
"(4, 6, 19)",14.541886866729172
"(20, 26, 28)",14.541263585129949
"(4, 31, 35)",14.536488594431312
"(7, 12, 34)",14.536419003194245
"(14, 19, 45)",14.533786393714358
"(21, 49)",14.531166298250213
"(3, 10, 35)",14.530819588556955
"(2, 4, 12)",14.529562651931295
"(4, 12, 18)",14.529562651931295
"(4, 12, 42)",14.529562651931295
"(4, 12, 46)",14.529562651931295
"(12, 23, 31)",14.528517367298733
"(20, 21, 23)",14.527267290608227
"(10, 12, 49)",14.526514395252676
"(0, 12, 26)",14.525466286628168
"(19, 31, 49)",14.52488652467472
"(14, 15, 17)",14.522824828733574
"(2, 3, 19)",14.522265775478981
"(3, 18, 19)",14.522265775478981
"(3, 19, 27)",14.522265775478981
"(3, 19, 36)",14.522265775478981
"(3, 19, 42)",14.522265775478981
"(3, 19, 46)",14.522265775478981
"(6, 24, 35)",14.518446619587557
"(19, 38)",14.518139498399869
"(5, 19, 33)",14.515689048076599
"(5, 8, 15)",14.514053970076425
"(13, 15, 20)",14.510032594182974
"(12, 19, 40)",14.50829614490962
"(1, 20, 31)",14.506285438837168
"(13, 19, 24)",14.50563100856568
"(12, 31, 45)",14.503861195486133
"(3, 16, 17)",14.503709866992612
"(20, 21, 45)",14.502611118795627
"(3, 8, 44)",14.49895235303873
"(14, 33, 35)",14.496294805413743
"(5, 37, 49)",14.495021424786993
"(5, 26)",14.494160835523385
"(5, 11, 28)",14.491511723511364
"(3, 30, 35)",14.490004974949613
"(11, 17, 33)",14.489192613585006
"(0, 14, 17)",14.488629182547944
"(17, 21, 24)",14.48724796819755
"(12, 30, 49)",14.485699781645337
"(24, 26, 40)",14.483488883534292
"(19, 25, 48)",14.482288647881465
"(0, 5, 8)",14.479858323890795
"(5, 7, 49)",14.47890817732143
"(8, 20, 33)",14.477115030467875
"(12, 15, 37)",14.475946613874623
"(0, 13, 20)",14.475836947997344
"(12, 38, 44)",14.473967126528025
"(20, 25, 29)",14.47266241832347
"(12, 16, 28)",14.472340431380834
"(6, 12, 33)",14.471767879483377
"(1, 14, 21)",14.471499733370882
"(4, 28, 39)",14.46886738313185
"(39, 48)",14.465777111600094
"(14, 16, 32)",14.463196590610556
"(3, 8, 43)",14.461435331209263
"(7, 12, 15)",14.459833366409057
"(20, 28, 37)",14.457548266190773
"(11, 20, 26)",14.456248223009727
"(5, 13, 38)",14.455711968167272
"(6, 20, 26)",14.45504497090644
"(19, 34, 48)",14.454742367576532
"(9, 24)",14.45260704234337
"(5, 18, 41)",14.452370821202988
"(19, 21, 38)",14.450241011056143
"(20, 44)",14.44709956511828
"(3, 39, 41)",14.446750584539181
"(10, 19, 20)",14.446743791026172
"(20, 29, 34)",14.445116138018536
"(3, 13, 37)",14.442589838476172
"(0, 12, 37)",14.441750967688993
"(7, 20, 28)",14.44143501872521
"(10, 24, 33)",14.438659438227779
"(5, 29, 48)",14.43853971517196
"(14, 29, 39)",14.436881798550361
"(12, 38, 43)",14.436450104698558
"(38, 39, 49)",14.435484421156326
"(20, 23, 25)",14.434985087479236
"(5, 21, 26)",14.434255235805153
"(14, 19, 44)",14.434056330453815
"(5, 16, 19)",14.430042985750548
"(8, 14, 26)",14.42685649311516
"(3, 7, 13)",14.426476591010609
"(3, 9, 16)",14.423014605813538
"(10, 12)",14.415827312813148
"(21, 39, 48)",14.415332753189627
"(19, 31)",14.413385506946215
"(14, 16, 35)",14.410648743087691
"(20, 25, 45)",14.410328915666636
"(3, 32, 35)",14.409011822510646
"(20, 23, 34)",14.407438807174302
"(9, 21, 24)",14.406552707018477
"(19, 20, 30)",14.405929177418832
"(5, 6, 11)",14.405293109287856
"(12, 31, 44)",14.40413113222559
"(20, 21, 44)",14.402881055535085
"(4, 40, 47)",14.400939718668823
"(5, 23, 48)",14.400862384327727
"(24, 37, 40)",14.399773564595117
"(14, 23, 39)",14.399204467706127
"(24, 30, 33)",14.397844824620439
"(14, 19, 43)",14.396539308624348
"(17, 24, 25)",14.394965765068559
"(4, 17, 43)",14.393429442798084
"(25, 49)",14.392742993556727
"(8, 16, 20)",14.391468968141826
"(20, 43)",14.390824032374079
"(6, 12, 16)",14.386121817157326
"(5, 13, 31)",14.385875973864835
"(1, 24, 49)",14.383990260536759
"(4, 11, 39)",14.383852021011625
"(7, 24, 40)",14.383660317129552
"(20, 34, 45)",14.382782635361702
"(4, 6, 39)",14.382648768908341
"(10, 12, 21)",14.382032887331661
"(19, 21, 31)",14.380405016753706
"(31, 38, 40)",14.379719624084435
"(1, 14, 25)",14.37921753024189
"(15, 19, 48)",14.378156730791343
"(5, 45, 48)",14.376206212515125
"(14, 39, 45)",14.374548295893527
"(11, 20, 37)",14.372532904070551
"(6, 13, 14)",14.371880003499838
"(6, 20, 37)",14.371329651967265
"(2, 5, 18)",14.36864791432196
"(5, 18, 22)",14.36864791432196
"(5, 18, 36)",14.36864791432196
"(5, 37)",14.368587857114623
"(15, 20, 29)",14.368530501233348
"(17, 24, 34)",14.367419484763625
"(21, 25, 49)",14.366643341160714
"(12, 31, 43)",14.366614110396121
"(31, 39, 49)",14.365648426853891
"(20, 21, 43)",14.365364033705617
"(19, 24, 29)",14.364128915616055
"(2, 3, 39)",14.36302767765815
"(3, 18, 39)",14.36302767765815
"(3, 22, 39)",14.36302767765815
"(3, 27, 39)",14.36302767765815
"(3, 36, 39)",14.36302767765815
"(3, 39, 42)",14.36302767765815
"(3, 39, 46)",14.36302767765815
"(5, 33, 39)",14.356450950255768
"(7, 11, 20)",14.356419656604988
"(6, 7, 20)",14.355216404501702
"(12, 30)",14.354605392402139
"(11, 48, 49)",14.354513625213777
"(6, 48, 49)",14.353310373110492
"(10, 16, 24)",14.353013375901728
"(12, 35, 49)",14.352158781683503
"(34, 49)",14.351423573099325
"(5, 21, 37)",14.350539916865978
"(12, 39, 40)",14.349058047088791
"(14, 17, 47)",14.349032182428079
"(3, 23, 26)",14.347125733621487
"(13, 24, 39)",14.34639291074485
"(20, 41, 48)",14.344938460967143
"(5, 7)",14.344417985916275
"(8, 14, 37)",14.343141174175985
"(5, 25, 26)",14.341973032676162
"(1, 3, 33)",14.341616713736856
"(10, 14, 40)",14.341436698588181
"(5, 8, 47)",14.340261323770932
"(21, 34, 49)",14.33909706085578
"(13, 20, 47)",14.33623994787748
"(5, 7, 21)",14.334426669400415
"(0, 20, 29)",14.334334855047718
"(15, 20, 23)",14.330853170389114
"(19, 34, 38)",14.330412527622217
"(7, 8, 14)",14.327027926710421
"(3, 28, 41)",14.32646531076254
"(19, 23, 24)",14.32645158477182
"(19, 20, 32)",14.324936024979863
"(3, 26, 45)",14.322469561808887
"(20, 35, 41)",14.320970125460331
"(24, 32, 33)",14.31685167218147
"(21,)",14.314444036368691
"(5, 26, 34)",14.314426752371228
"(9, 24, 25)",14.314270503889485
"(5, 29, 38)",14.314209875217646
"(16, 24, 30)",14.312198762294388
"(20, 25, 44)",14.310598852406093
"(2, 28, 33)",14.308658938448808
"(15, 20, 45)",14.306196998576514
"(12, 37, 47)",14.30215396756913
"(0, 20, 23)",14.296657524203484
"(34, 39, 48)",14.2955042697557
"(21, 28, 48)",14.295047479412986
"(21, 38, 39)",14.291002913235312
"(15, 17, 24)",14.290833847978437
"(10, 12, 25)",14.28975068420267
"(19, 25, 31)",14.288122813624714
"(4, 19, 33)",14.287744071800219
"(10, 20, 39)",14.287505693205341
"(9, 24, 34)",14.286724223584551
"(7, 12, 47)",14.286040720103564
"(28, 48)",14.285349200935133
"(8, 38, 48)",14.285262087166917
"(20, 34, 44)",14.283052572101159
"(38, 39)",14.279282351668623
"(5, 23, 38)",14.276532544373412
"(1, 14, 15)",14.27508561315177
"(20, 25, 43)",14.273081830576626
"(19, 20, 35)",14.272388177457
"(0, 20, 45)",14.272001352390884
"(5, 16, 39)",14.270804887929717
"(4, 37, 49)",14.267076448510615
"(24, 33, 35)",14.264303824658604
"(4, 11, 28)",14.263566747234984
"(3, 23, 37)",14.263410414682312
"(15, 21, 49)",14.262511424070592
"(10, 12, 34)",14.262204403897735
"(2, 20, 48)",14.26121555408611
"(18, 20, 48)",14.26121555408611
"(20, 22, 48)",14.26121555408611
"(20, 36, 48)",14.26121555408611
"(20, 42, 48)",14.26121555408611
"(20, 46, 48)",14.26121555408611
"(19, 31, 34)",14.26057653331978
"(14, 41, 49)",14.26046842916512
"(12, 21, 32)",14.260225121285352
"(5, 25, 37)",14.258257713736986
"(0, 17, 24)",14.256638201792807
"(1, 3, 16)",14.255970651410806
"(15, 19, 38)",14.25382689083703
"(5, 38, 45)",14.251876372560812
"(12, 25, 30)",14.24893607059533
"(3, 7, 23)",14.247297167216749
"(20, 34, 43)",14.24553555027169
"(5, 29, 31)",14.244373880915209
"(3, 18, 28)",14.24274240388151
"(3, 27, 28)",14.24274240388151
"(3, 28, 36)",14.24274240388151
"(3, 28, 42)",14.24274240388151
"(5, 7, 25)",14.242144466271423
"(1, 11, 33)",14.2414533980032
"(0, 1, 14)",14.24088996696614
"(3, 6, 41)",14.240246696539032
"(1, 21, 24)",14.239508752615745
"(5, 43, 48)",14.238959127425115
"(3, 37, 45)",14.238754242869712
"(5, 15, 26)",14.23784111558604
"(15, 49)",14.236545117921544
"(5, 28, 33)",14.236165676479127
"(12, 32)",14.233115663743682
"(16, 24, 32)",14.231205609855419
"(5, 34, 37)",14.230711433432052
"(6, 14, 29)",14.230377910550212
"(11, 38, 49)",14.230183785259463
"(6, 38, 49)",14.228980533156177
"(13, 24, 28)",14.226107636968209
"(2, 16, 28)",14.223012876122757
"(3, 26, 44)",14.222739498548345
"(3, 7, 45)",14.222640995404149
"(12, 30, 34)",14.221389790290397
"(21, 31, 39)",14.221166918932875
"(8, 12, 19)",14.219672773735352
"(0, 19, 38)",14.2196312446514
"(14, 32, 40)",14.219628932541871
"(15, 39, 48)",14.218918632970514
"(5, 7, 34)",14.214598185966489
"(9, 15, 24)",14.210138586799363
"(11, 21, 48)",14.210032117292762
"(6, 21, 48)",14.208828865189478
"(2, 4, 5)",14.207741834703537
"(4, 5, 22)",14.207741834703537
"(5, 23, 31)",14.206696550070976
"(24, 29, 39)",14.204890817795224
"(5, 10, 49)",14.20469357802492
"(19, 47, 48)",14.20436408448585
"(3, 14, 20)",14.20408246563889
"(0, 5, 26)",14.20364546940041
"(25, 28, 48)",14.202765276283994
"(4, 16, 19)",14.20209800947417
"(19, 24, 44)",14.202065349698678
"(1, 24)",14.202041110739273
"(20, 26, 33)",14.20090217597749
"(20, 29, 47)",14.194737854927855
"(6, 14, 23)",14.192700579705978
"(5, 19, 40)",14.186475327681864
"(10, 12, 15)",14.185618767112548
"(0, 49)",14.1852516486431
"(3, 26, 43)",14.185222476718877
"(15, 19, 31)",14.183990896534592
"(5, 31, 45)",14.182040378258375
"(16, 24, 35)",14.178657762332556
"(4, 6, 11)",14.177348133011478
"(2, 14, 49)",14.17674552228409
"(14, 22, 49)",14.17674552228409
"(14, 27, 49)",14.17674552228409
"(14, 42, 49)",14.17674552228409
"(14, 46, 49)",14.17674552228409
"(21, 25)",14.176020731675203
"(0, 9, 24)",14.175942940613734
"(28, 34, 48)",14.175218995979058
"(31, 39)",14.174528360214968
"(34, 38, 39)",14.171174429801386
"(15, 25, 49)",14.1702292209416
"(15, 20, 43)",14.168949913486504
"(6, 14, 45)",14.168044407893378
"(12, 25, 32)",14.16794291815636
"(10, 20, 28)",14.1672204194287
"(23, 24, 39)",14.16721348695099
"(14, 35, 40)",14.167081085019008
"(20, 32, 39)",14.165697927159032
"(19, 24, 43)",14.164548327869209
"(11, 31, 49)",14.160347790957026
"(6, 31, 49)",14.159144538853742
"(11, 48)",14.1578261577548
"(2, 3, 11)",14.157727041761287
"(3, 11, 18)",14.157727041761287
"(3, 11, 27)",14.157727041761287
"(3, 11, 36)",14.157727041761287
"(3, 11, 42)",14.157727041761287
"(20, 23, 47)",14.157060524083619
"(3, 6, 18)",14.156523789658001
"(3, 6, 27)",14.156523789658001
"(3, 6, 42)",14.156523789658001
"(3, 6, 46)",14.156523789658001
"(6, 48)",14.156021279599871
"(12, 35)",14.154293892459387
"(5, 15, 37)",14.154125796646865
"(3, 10, 13)",14.152261991714099
"(5, 38, 44)",14.152146309300269
"(0, 10, 12)",14.15142312092692
"(20, 31, 41)",14.15077262671039
"(5, 16, 28)",14.150519614153076
"(5, 6, 33)",14.149947062255618
"(0, 19, 31)",14.149795250348962
"(8, 20, 40)",14.14790131007314
"(1, 24, 25)",14.147226549486753
"(12, 15, 30)",14.14480415350521
"(11, 12, 40)",14.143757411191926
"(15, 34, 49)",14.142682940636668
"(9, 20, 45)",14.142572361971382
"(6, 12, 40)",14.142554159088641
"(11, 13, 24)",14.141092274847987
"(12, 32, 34)",14.140396637851426
"(6, 13, 24)",14.1398890227447
"(3, 37, 44)",14.13902417960917
"(5, 7, 15)",14.138012549181301
"(2, 20, 38)",14.136885714131797
"(18, 20, 38)",14.136885714131797
"(20, 22, 38)",14.136885714131797
"(20, 27, 38)",14.136885714131797
"(20, 36, 38)",14.136885714131797
"(20, 38, 42)",14.136885714131797
"(20, 38, 46)",14.136885714131797
"(0, 25, 49)",14.13603357475597
"(0, 20, 43)",14.134754267300874
"(21, 34)",14.134701311217803
"(20, 45, 47)",14.13240435227102
"(4, 33, 39)",14.128505973979388
"(20, 28, 30)",14.12640580582136
"(0, 5, 37)",14.119930150461235
"(1, 24, 34)",14.119680269181819
"(11, 25, 48)",14.11774991416377
"(13, 14, 33)",14.117737208570887
"(20, 33, 37)",14.117186857038314
"(17, 24, 47)",14.117041201672944
"(6, 25, 48)",14.116546662060486
"(14, 21, 41)",14.115986921244106
"(16, 20, 26)",14.115256113651439
"(5, 38, 43)",14.114629287470802
"(20, 35, 39)",14.113150079636169
"(3, 13, 30)",14.111447378106758
"(0, 12, 30)",14.11060850731958
"(10, 24, 40)",14.109445717833044
"(31, 34, 39)",14.10133843549895
"(7, 20, 33)",14.101073609572751
"(21, 28, 31)",14.100881645156235
"(15, 28, 48)",14.098633359193872
"(15, 38, 39)",14.094588793016198
"(8, 31, 38)",14.091096252910168
"(11, 34, 48)",14.090203633858838
"(6, 34, 48)",14.08900038175555
"(21, 47, 49)",14.088718777765099
"(12, 34, 35)",14.087848790328565
"(11, 21, 38)",14.085702277338449
"(3, 7, 43)",14.085393910314139
"(24, 28, 29)",14.084605544018583
"(6, 21, 38)",14.084499025235163
"(5, 31, 44)",14.082310314997832
"(10, 11, 20)",14.082205057308478
"(6, 10, 20)",14.081001805205192
"(19, 38, 47)",14.080034244531536
"(18, 20, 31)",14.06704971982936
"(20, 22, 31)",14.06704971982936
"(20, 31, 36)",14.06704971982936
"(20, 31, 42)",14.06704971982936
"(14, 26, 37)",14.0669283196856
"(5, 6, 16)",14.064300999929568
"(12, 15, 32)",14.06381100106624
"(8, 12, 39)",14.060434675914522
"(0, 38, 39)",14.060393146830569
"(5, 10, 21)",14.060212070103905
"(8, 10, 14)",14.052813327413912
"(7, 14, 26)",14.050815072220036
"(4, 23, 38)",14.048587568097032
"(23, 24, 28)",14.046928213174349
"(39, 47, 48)",14.045125986665017
"(5, 31, 43)",14.044793293168365
"(1, 15, 24)",14.043094632396633
"(4, 16, 39)",14.04285991165334
"(11, 20, 30)",14.041390443701138
"(25,)",14.037597426981716
"(9, 24, 47)",14.03634594049387
"(20, 44, 47)",14.032674289010476
"(2, 14, 21)",14.032264014363076
"(14, 18, 21)",14.032264014363076
"(14, 21, 22)",14.032264014363076
"(14, 21, 27)",14.032264014363076
"(14, 21, 42)",14.032264014363076
"(14, 21, 46)",14.032264014363076
"(13, 14, 16)",14.032091146244836
"(16, 20, 37)",14.031540794712264
"(6, 14, 43)",14.030797322803366
"(3, 13, 32)",14.030454225667789
"(5, 35, 49)",14.030337964455747
"(24, 41, 49)",14.028477448409983
"(5, 39, 40)",14.027237229861033
"(4, 37)",14.026670392700055
"(15, 21, 25)",14.025747713020586
"(15, 31, 39)",14.024752798713763
"(4, 38, 45)",14.023931396284432
"(14, 25, 41)",14.023704718115114
"(15, 21)",14.019822856040022
"(14, 41)",14.016758363681815
"(12, 16, 42)",14.016116185406503
"(11, 21, 31)",14.015866283036011
"(7, 16, 20)",14.015427547246698
"(6, 21, 31)",14.014663030932727
"(11, 15, 48)",14.013617997073649
"(16, 48, 49)",14.01352151585549
"(6, 15, 48)",14.012414744970364
"(8, 14, 30)",14.011998713806571
"(10, 12, 47)",14.011826120807054
"(12, 15, 35)",14.011263153543375
"(19, 31, 47)",14.010198250229099
"(26, 38, 48)",14.009049232676531
"(0, 1, 24)",14.008898986211003
"(25, 28, 31)",14.008599442027243
"(4, 28, 33)",14.008220700202749
"(4, 34, 37)",14.002766457155674
"(11, 24, 29)",13.99959018189836
"(6, 24, 29)",13.998386929795075
"(15, 21, 34)",13.998201432715652
"(25, 47, 49)",13.996436574636107
"(20, 43, 47)",13.99515726718101
"(28, 31)",13.994100449550007
"(20, 28, 35)",13.992864805859526
"(0, 31, 39)",13.990557152528133
"(4, 24, 48)",13.990364352540304
"(9, 12, 48)",13.990168190014195
"(24, 32, 40)",13.987637951786734
"(3, 33, 41)",13.98610390161008
"(28, 31, 34)",13.98105316172231
"(5, 37, 47)",13.98033315034137
"(4, 23, 31)",13.978751573794597
"(3, 13, 35)",13.977906378144926
"(0, 12, 35)",13.977067507357745
"(4, 10, 49)",13.97674860174854
"(14, 29, 33)",13.976235115621261
"(47, 49)",13.975856148463302
"(33, 38, 49)",13.974837738227226
"(12, 13, 49)",13.973601184840646
"(3, 10, 23)",13.973082567920239
"(3, 8, 17)",13.971518837749658
"(11, 38)",13.971331397823327
"(12, 30, 47)",13.971011507199716
"(6, 38)",13.969526519668399
"(34, 47, 49)",13.968890294331171
"(5, 10, 25)",13.967929866974913
"(7, 14, 37)",13.967099753280861
"(11, 34, 38)",13.965873793904523
"(6, 34, 38)",13.964670541801237
"(5, 7, 47)",13.964219902875808
"(11, 23, 24)",13.961912851054127
"(6, 23, 24)",13.96070959895084
"(6, 20, 32)",13.959194039158882
"(4, 19, 40)",13.958530351405484
"(2, 8, 48)",13.95710667966495
"(34,)",13.954958586066914
"(4, 31, 45)",13.954095401981997
"(3, 10, 45)",13.948426396107639
"(12, 17, 38)",13.946533611238953
"(2, 24, 49)",13.944754541528953
"(22, 24, 49)",13.944754541528953
"(24, 27, 49)",13.944754541528953
"(24, 36, 49)",13.944754541528953
"(12, 19, 26)",13.943459919244965
"(5, 10, 34)",13.940383586669979
"(8, 12, 28)",13.94014940213788
"(2, 14, 25)",13.939981811234084
"(14, 18, 25)",13.939981811234084
"(14, 22, 25)",13.939981811234084
"(14, 25, 27)",13.939981811234084
"(14, 25, 42)",13.939981811234084
"(14, 25, 46)",13.939981811234084
"(14, 23, 33)",13.938557784777027
"(5, 21, 32)",13.938404304057595
"(4, 30, 49)",13.935933988141201
"(24, 35, 40)",13.93509010426387
"(5, 10)",13.933096086971512
"(3, 23, 30)",13.932267954312898
"(8, 14, 32)",13.931005561367602
"(7, 14, 22)",13.929205339844854
"(4, 15, 37)",13.926180820370487
"(37, 38, 48)",13.925333913737358
"(28, 47, 48)",13.924840712888376
"(4, 38, 44)",13.92420133302389
"(11, 25, 31)",13.92358407990702
"(4, 16, 28)",13.922574637876698
"(24, 28, 44)",13.922541978101206
"(6, 25, 31)",13.922380827803735
"(4, 6, 33)",13.92200208597924
"(38, 39, 47)",13.920796146710703
"(14, 15, 41)",13.919572801024993
"(30, 36, 48)",13.907949535482572
"(3, 30, 45)",13.907611782500299
"(6, 20, 35)",13.906646191636018
"(14, 17, 19)",13.906622815164743
"(31, 33, 49)",13.905001743924789
"(15, 28, 31)",13.904467524937122
"(2, 3, 33)",13.90238099472905
"(3, 22, 33)",13.90238099472905
"(3, 33, 36)",13.90238099472905
"(3, 33, 42)",13.90238099472905
"(3, 33, 46)",13.90238099472905
"(3, 16, 41)",13.90045783928403
"(5, 8, 19)",13.897851956507594
"(11, 31, 34)",13.896037799602086
"(6, 31, 34)",13.894834547498801
"(13, 19, 20)",13.893830580614143
"(15, 47, 49)",13.892304657545985
"(0, 4, 37)",13.891985174184857
"(2, 14)",13.89117400336027
"(14, 18)",13.89117400336027
"(14, 22)",13.89117400336027
"(14, 27)",13.89117400336027
"(14, 42)",13.89117400336027
"(14, 46)",13.89117400336027
"(3, 8, 9)",13.890823576570584
"(12, 32, 47)",13.890018354760745
"(11, 15, 38)",13.889288157119335
"(16, 38, 49)",13.889191675901175
"(12, 33, 40)",13.888411364159689
"(6, 15, 38)",13.88808490501605
"(4, 38, 43)",13.886684311194422
"(13, 24, 33)",13.88574622781575
"(0, 14, 41)",13.885377154839363
"(24, 28, 43)",13.885024956271739
"(21, 24, 41)",13.883995940488969
"(15, 25)",13.881399551346535
"(12, 17, 31)",13.876697616936518
"(17, 20, 21)",13.875447540246013
"(20, 26, 40)",13.871688455582754
"(0, 28, 31)",13.870271878751492
"(16, 21, 48)",13.869040007934476
"(11, 31)",13.866577406369673
"(9, 12, 38)",13.86583835005988
"(6, 31)",13.864772528214745
"(5, 10, 15)",13.863797949884791
"(12, 19, 37)",13.85974460030579
"(0, 47, 49)",13.858109011360355
"(8, 11, 12)",13.855134040017658
"(0, 11, 38)",13.855092510933705
"(4, 31, 44)",13.854365338721454
"(6, 8, 12)",13.853930787914372
"(0, 6, 38)",13.85388925883042
"(14, 16, 23)",13.852911722450976
"(21, 25, 47)",13.851955066715092
"(3, 23, 32)",13.85127480187393
"(31, 39, 47)",13.85096015240827
"(3, 10, 44)",13.848696332847096
"(5, 25, 32)",13.846122100928604
"(8, 34, 35)",13.844114263027098
"(15, 34)",13.840080130889135
"(11, 47, 48)",13.839825350768155
"(6, 47, 48)",13.838622098664871
"(11, 24, 44)",13.837526615980984
"(4, 6, 16)",13.83635602365319
"(2, 14, 15)",13.835849894143962
"(14, 15, 18)",13.835849894143962
"(14, 15, 22)",13.835849894143962
"(14, 15, 27)",13.835849894143962
"(14, 15, 42)",13.835849894143962
"(14, 15, 46)",13.835849894143962
"(24, 26, 37)",13.834937338930462
"(2, 8, 38)",13.832776839710636
"(12, 29, 49)",13.83209909189102
"(0, 25)",13.83010608206809
"(0, 5, 10)",13.829602303699161
"(12, 13, 21)",13.829119676919632
"(14, 16, 45)",13.828255550638376
"(10, 20, 33)",13.826859010276241
"(3, 32, 45)",13.82661863006133
"(21, 34, 47)",13.824408786410157
"(1, 12, 48)",13.823124235611463
"(5, 11, 40)",13.82193659396417
"(5, 6, 40)",13.820733341860883
"(11, 15, 31)",13.819452162816898
"(16, 31, 49)",13.81935568159874
"(7, 24, 26)",13.818824091464897
"(5, 32, 34)",13.81857582062367
"(6, 15, 31)",13.818248910713613
"(4, 31, 43)",13.816848316891985
"(2, 3, 16)",13.816734932403
"(3, 16, 18)",13.816734932403
"(3, 16, 22)",13.816734932403
"(3, 16, 36)",13.816734932403
"(3, 16, 46)",13.816734932403
"(14, 33, 44)",13.814171549703884
"(3, 10, 43)",13.811179311017629
"(8, 35)",13.81000325874624
"(3, 30, 44)",13.807881719239756
"(12, 16, 40)",13.80276530183364
"(4, 35, 49)",13.802392988179367
"(2, 11, 33)",13.802217678995394
"(11, 33, 36)",13.802217678995394
"(11, 33, 42)",13.802217678995394
"(0, 2, 14)",13.801654247958332
"(0, 14, 18)",13.801654247958332
"(0, 14, 22)",13.801654247958332
"(0, 14, 27)",13.801654247958332
"(0, 14, 42)",13.801654247958332
"(2, 21, 24)",13.800273033607938
"(21, 22, 24)",13.800273033607938
"(21, 24, 27)",13.800273033607938
"(21, 24, 36)",13.800273033607938
"(13, 16, 24)",13.800100165489699
"(11, 24, 43)",13.800009594151515
"(4, 39, 40)",13.799292253584655
"(6, 24, 43)",13.79880634204823
"(3, 23, 35)",13.798726954351064
"(9, 12, 31)",13.796002355757444
"(9, 20, 21)",13.79475227906694
"(12, 23, 49)",13.794421761046786
"(24, 25, 41)",13.791713737359977
"(13, 14, 40)",13.788523488176152
"(20, 37, 40)",13.78797313664358
"(20, 30, 33)",13.7860443966689
"(0, 11, 31)",13.785256516631268
"(0, 6, 31)",13.784053264527984
"(27, 30, 38)",13.783619695528257
"(30, 36, 38)",13.783619695528257
"(17, 20, 25)",13.78316533711702
"(3, 14, 28)",13.778248113645862
"(16, 25, 48)",13.776757804805484
"(14, 33, 43)",13.776654527874417
"(10, 14, 26)",13.776600472923526
"(3, 35, 45)",13.774070782538466
"(7, 20, 40)",13.771859889178016
"(3, 30, 43)",13.770364697410287
"(40, 48, 49)",13.769953857786806
"(12, 45, 49)",13.769765589234186
"(8, 15, 35)",13.76752862624191
"(5, 34, 35)",13.766027973100805
"(24, 34, 41)",13.764167457055043
"(21, 47)",13.759133886581779
"(17, 20, 34)",13.755619056812087
"(4, 37, 47)",13.752388174064993
"(19, 20, 29)",13.752328487664517
"(5, 32)",13.750384437902046
"(16, 34, 48)",13.749211524500549
"(15, 21, 47)",13.74782314962497
"(14, 17, 39)",13.747384717343913
"(14, 41, 47)",13.745780154719498
"(16, 21, 38)",13.74471016798016
"(24, 29, 33)",13.744244134866124
"(5, 15, 32)",13.741990183838482
"(10, 16, 20)",13.74121294795019
"(5, 8, 39)",13.738613858686763
"(12, 13, 25)",13.73683747379064
"(14, 26, 30)",13.735785859316186
"(7, 24, 37)",13.735108772525722
"(13, 20, 39)",13.734592482793312
"(0, 8, 35)",13.73333298005628
"(31, 37, 38)",13.731168079480607
"(28, 31, 47)",13.730674878631628
"(3, 32, 44)",13.726888566800787
"(15,)",13.725201675711354
"(1, 3, 8)",13.723779622167854
"(3, 4, 48)",13.71752700523284
"(11, 38, 47)",13.715495510813842
"(19, 20, 23)",13.714651156820283
"(6, 38, 47)",13.714292258710554
"(30, 31, 36)",13.713783701225822
"(4, 10, 34)",13.7124386103936
"(33, 34, 38)",13.710527746872286
"(12, 13, 34)",13.709291193485706
"(2, 24, 25)",13.707990830478947
"(22, 24, 25)",13.707990830478947
"(24, 25, 27)",13.707990830478947
"(24, 25, 36)",13.707990830478947
"(23, 24, 33)",13.70656680402189
"(20, 32, 33)",13.705051244229931
"(9, 20, 25)",13.702470075937947
"(12, 37, 39)",13.700506502484961
"(16, 20, 30)",13.70039833434285
"(1, 12, 38)",13.69879439565715
"(7, 22, 24)",13.697214359089717
"(3, 17, 26)",13.695305983259273
"(10, 14, 37)",13.692885153984351
"(14, 16, 43)",13.691008465548364
"(5, 10, 47)",13.690005303579298
"(19, 20, 45)",13.689994985007683
"(5, 15, 35)",13.689442336315619
"(3, 32, 43)",13.68937154497132
"(12, 21, 29)",13.687617583970006
"(15, 24, 41)",13.687581820269857
"(7, 12, 39)",13.684393255019396
"(2, 24, 34)",13.680444550174013
"(22, 24, 34)",13.680444550174013
"(24, 27, 34)",13.680444550174013
"(24, 34, 36)",13.680444550174013
"(15, 17, 20)",13.6790334200269
"(9, 20, 34)",13.674923795633013
"(16, 21, 31)",13.674874173677726
"(17, 19, 24)",13.674631834409606
"(3, 35, 44)",13.674340719277923
"(15, 16, 48)",13.672625887715363
"(4, 30, 34)",13.671623996786261
"(5, 35)",13.671562666617751
"(12, 44, 49)",13.670035525973644
"(24, 41)",13.668771892549108
"(5, 9, 48)",13.668347372786437
"(12, 26, 28)",13.663936547647493
"(2, 14, 47)",13.662057247838469
"(14, 18, 47)",13.662057247838469
"(14, 22, 47)",13.662057247838469
"(14, 27, 47)",13.662057247838469
"(14, 46, 47)",13.662057247838469
"(1, 14, 19)",13.658883599582937
"(17, 20)",13.655949292184673
"(15, 25, 47)",13.655540946495979
"(0, 5, 35)",13.655246690129989
"(14, 26, 32)",13.654792706877217
"(0, 24, 41)",13.653386174084227
"(20, 33, 35)",13.652503396707068
"(5, 13, 49)",13.65178036761289
"(12, 21, 23)",13.649940253125772
"(14, 29, 40)",13.647021395226526
"(16, 48)",13.646337993717367
"(19, 21, 49)",13.646309410501761
"(11, 31, 47)",13.645659516511405
"(38, 40, 49)",13.64562401783249
"(0, 17, 20)",13.644837773841271
"(6, 31, 47)",13.64445626440812
"(31, 33, 34)",13.640691752569849
"(7, 14, 30)",13.635957292911447
"(4, 10, 15)",13.635852973608412
"(10, 38, 48)",13.635006066975283
"(15, 33, 38)",13.633942110087098
"(12, 13, 15)",13.632705556700518
"(12, 43, 49)",13.632518504144176
"(1, 12, 31)",13.628958401354712
"(15, 34, 47)",13.627994666191046
"(1, 20, 21)",13.627708324664207
"(21, 40, 48)",13.625472349865792
"(12, 21, 45)",13.625284081313172
"(16, 34, 38)",13.624881684546235
"(5, 17, 38)",13.624712794011197
"(0,)",13.622614737154464
"(3, 4, 21)",13.622220859216146
"(5, 19, 26)",13.621639102017209
"(0, 25, 47)",13.621345300310349
"(16, 23, 24)",13.620920741695839
"(25, 47)",13.620710581888293
"(16, 20, 32)",13.61940518190388
"(5, 8, 28)",13.618328584910122
"(3, 9, 26)",13.614610722080199
"(13, 20, 28)",13.61430720901667
"(3, 17, 37)",13.611590664320097
"(2, 15, 24)",13.603858913388827
"(15, 22, 24)",13.603858913388827
"(15, 24, 27)",13.603858913388827
"(15, 24, 36)",13.603858913388827
"(19, 39, 48)",13.602716619401683
"(14, 26, 35)",13.602244859354354
"(0, 4, 10)",13.601657327422783
"(8, 12, 33)",13.599787992985421
"(0, 33, 38)",13.599746463901468
"(0, 12, 13)",13.59850991051489
"(9, 15, 20)",13.598338158847826
"(12, 25, 29)",13.595335380841014
"(4, 15, 30)",13.595038360001073
"(30, 38, 48)",13.594191453367944
"(4, 11, 40)",13.59399161768779
"(9, 19, 24)",13.593936573230533
"(20, 29, 39)",13.593090389843686
"(4, 6, 40)",13.592788365584505
"(4, 10)",13.591178622556944
"(19, 20, 44)",13.59026492174714
"(33, 38)",13.588312327274972
"(12, 13)",13.586457497195104
"(14, 40, 45)",13.584687892569692
"(8, 20, 26)",13.583065084408485
"(16, 25, 31)",13.582591970548734
"(24, 33, 44)",13.582180568948747
"(12, 28, 37)",13.58022122870832
"(34, 47)",13.579391161430891
"(11, 12, 26)",13.578921185527271
"(6, 12, 26)",13.577717933423987
"(31, 40, 49)",13.575788023530055
"(14, 32, 37)",13.571077387938042
"(0, 2, 24)",13.569663267203197
"(0, 22, 24)",13.569663267203197
"(0, 24, 27)",13.569663267203197
"(0, 24, 36)",13.569663267203197
"(10, 12, 19)",13.569416753543717
"(5, 32, 47)",13.568197537532988
"(12, 29, 34)",13.56778910053608
"(16, 20, 35)",13.566857334381016
"(5, 33, 40)",13.566590546931932
"(0, 9, 20)",13.564142512662196
"(7, 12, 28)",13.564107981242755
"(15, 31, 33)",13.564106115784663
"(0, 4, 30)",13.560842713815443
"(12, 23, 25)",13.55765804999678
"(13, 24, 40)",13.556532507421014
"(20, 23, 39)",13.555413058999452
"(16, 31, 34)",13.5550456902438
"(7, 14, 32)",13.554964140472478
"(5, 17, 31)",13.554876799708762
"(19, 25, 49)",13.55402720737277
"(19, 20, 43)",13.552747899917673
"(15, 16, 38)",13.548296047761049
"(24, 33, 43)",13.544663547119278
"(10, 24, 26)",13.544609492168389
"(5, 9, 38)",13.544017532832122
"(2, 24)",13.543187532227563
"(22, 24)",13.543187532227563
"(24, 27)",13.543187532227563
"(24, 36)",13.543187532227563
"(6, 14, 17)",13.540880829343763
"(4, 34, 35)",13.538082996824429
"(5, 19, 37)",13.537923783078034
"(1, 20, 25)",13.535426121535215
"(9, 20)",13.534906400416062
"(5, 8, 11)",13.5333132227899
"(12, 25, 45)",13.53300187818418
"(5, 6, 8)",13.532109970686616
"(20, 39, 45)",13.530756887186852
"(12, 23, 34)",13.530111769691846
"(4, 30)",13.529956702145935
"(0, 31, 33)",13.529910469599033
"(11, 13, 20)",13.529291846896449
"(12, 19, 30)",13.528602139936377
"(6, 13, 20)",13.528088594793163
"(19, 34, 49)",13.526480927067835
"(12, 21, 44)",13.52555401805263
"(14, 35, 37)",13.518529540415178
"(17, 24, 39)",13.515393736588775
"(3, 7, 9)",13.51478215567546
"(8, 12, 16)",13.51414193065937
"(0, 16, 38)",13.51410040157542
"(24, 41, 47)",13.513789173964362
"(32, 38, 48)",13.513198300928973
"(5, 29, 49)",13.510278274663264
"(1, 20, 34)",13.507879841230281
"(5, 13, 21)",13.507298859691875
"(34, 40, 48)",13.505643866431864
"(12, 34, 45)",13.505455597879248
"(17, 20, 47)",13.505240773721404
"(24, 26, 30)",13.503794878561049
"(7, 14, 35)",13.502416292949615
"(1, 5, 48)",13.501303418383706
"(21, 38, 40)",13.501142509911476
"(1, 14, 39)",13.499645501762107
"(8, 20, 37)",13.49934976546931
"(16, 47, 48)",13.498833241409868
"(10, 20, 40)",13.497645289881506
"(11, 12, 37)",13.495205866588096
"(6, 12, 37)",13.494002614484812
"(12, 15, 29)",13.491203463750894
"(12, 21, 43)",13.488036996223162
"(21, 39, 49)",13.48707131268093
"(14, 40, 44)",13.484957829309149
"(31, 33)",13.483558335821318
"(7, 8, 20)",13.483236518003746
"(19, 28, 48)",13.482431345625042
"(5, 16, 40)",13.480944484605882
"(7, 11, 12)",13.479092619122532
"(15, 16, 31)",13.478460053458612
"(19, 38, 39)",13.478386779447368
"(6, 7, 12)",13.477889367019248
"(5, 9, 31)",13.474181538529686
"(20, 28, 29)",13.472805116067045
"(5, 23, 49)",13.47260094381903
"(12, 41, 48)",13.467611423484687
"(4, 16, 42)",13.466350391902367
"(15, 47)",13.46451270625311
"(4, 10, 47)",13.462060327302918
"(4, 15, 35)",13.461497360039239
"(10, 24, 37)",13.460894173229214
"(35, 38, 48)",13.46065045340611
"(33, 38, 47)",13.460149463781605
"(16, 38)",13.459843233785897
"(16, 24, 43)",13.459017484793229
"(12, 13, 47)",13.458912910395025
"(0, 12, 29)",13.457007817565264
"(12, 15, 23)",13.45352613290666
"(15, 19, 49)",13.449895290282647
"(5, 45, 49)",13.44794477200643
"(12, 19, 32)",13.447608987497407
"(1, 3, 26)",13.447566767677467
"(14, 40, 43)",13.44744080747968
"(29, 38, 44)",13.444407966203087
"(0, 16, 31)",13.444264407272982
"(12, 35, 41)",13.443643087977879
"(10, 31, 38)",13.440840232718532
"(20, 23, 28)",13.43512778522281
"(9, 24, 39)",13.434698475409702
"(12, 25, 44)",13.433271814923637
"(21, 31, 40)",13.43130651560904
"(1, 15, 20)",13.431294204445095
"(2, 24, 47)",13.43006626708333
"(22, 24, 47)",13.43006626708333
"(24, 27, 47)",13.43006626708333
"(24, 36, 47)",13.43006626708333
"(15, 40, 48)",13.429058229646678
"(12, 15, 45)",13.42886996109406
"(0, 4, 35)",13.427301713853609
"(1, 19, 24)",13.4268926188278
"(9, 20, 47)",13.42454551254233
"(24, 26, 32)",13.42280172612208
"(4, 30, 47)",13.42124571369558
"(3, 13, 23)",13.42016935750821
"(0, 12, 23)",13.41933048672103
"(0, 19, 49)",13.415699644097018
"(24, 29, 40)",13.415030414471389
"(5, 13, 25)",13.415016656562884
"(2, 26, 28)",13.414608992389418
"(0, 47)",13.413219236974665
"(20, 28, 45)",13.41047161341021
"(10, 12, 39)",13.410178655722886
"(19, 21, 25)",13.409545699451755
"(19, 31, 39)",13.40855078514493
"(12, 34, 44)",13.405725534618705
"(7, 24, 30)",13.403966312156308
"(30, 31, 38)",13.400025619111194
"(11, 19, 48)",13.397415983504818
"(0, 1, 20)",13.397098558259465
"(4, 17, 38)",13.396767817734819
"(6, 19, 48)",13.396212731401533
"(12, 25, 43)",13.39575479309417
"(17, 24, 28)",13.395108462812134
"(12, 19, 35)",13.395061139974544
"(0, 12, 45)",13.39467431490843
"(31, 33, 47)",13.390313469479167
"(11, 20, 29)",13.387789753946823
"(5, 13, 34)",13.38747037625795
"(6, 20, 29)",13.386586501843537
"(2, 12, 48)",13.383888516603657
"(12, 18, 48)",13.383888516603657
"(12, 36, 48)",13.383888516603657
"(12, 42, 48)",13.383888516603657
"(12, 46, 48)",13.383888516603657
"(19, 21, 34)",13.38199941914682
"(34, 38, 40)",13.38131402647755
"(5, 37, 39)",13.378685685257203
"(13, 46, 48)",13.377699427689988
"(1, 5, 38)",13.376973578429393
"(20, 32, 40)",13.375837523835196
"(29, 31, 44)",13.37457197190065
"(16, 38, 47)",13.374503401455552
"(12, 29)",13.374204357770665
"(24, 26, 35)",13.370253878599215
"(3, 8, 41)",13.368266810041076
"(12, 34, 43)",13.368208512789238
"(34, 39, 49)",13.367242829247004
"(5, 21, 29)",13.36579676674225
"(5, 7, 39)",13.36257243779164
"(10, 14, 30)",13.361742693614937
"(8, 14, 29)",13.358398024052256
"(16, 31)",13.355089242332241
"(11, 20, 23)",13.350112423102589
"(6, 20, 23)",13.348909170999303
"(5, 44, 49)",13.348214708745887
"(1, 3, 7)",13.347738201272726
"(5, 26, 28)",13.342115730419737
"(24, 32, 37)",13.339086407182904
"(4, 33, 40)",13.338645570655553
"(8, 21, 48)",13.336848978691522
"(2, 28, 37)",13.330893673450243
"(4, 35)",13.329645202203183
"(5, 21, 23)",13.328119435898016
"(4, 17, 31)",13.326931823432382
"(11, 20, 45)",13.325456251289989
"(6, 20, 45)",13.324252999186703
"(12, 26, 33)",13.323575138495034
"(20, 35, 40)",13.323289676312333
"(28, 39, 48)",13.323193247804209
"(7, 24, 32)",13.322973159717339
"(3, 10, 17)",13.321262817558024
"(8, 14, 23)",13.320720693208022
"(31, 32, 38)",13.319032466672223
"(12, 23)",13.317688361504313
"(12, 29, 47)",13.3174108174454
"(2, 7, 28)",13.31478042598468
"(9, 24, 28)",13.31441320163306
"(19, 49)",13.312242097568298
"(31, 34, 40)",13.311478032175115
"(5, 13, 15)",13.310884739472762
"(20, 28, 44)",13.310741550149668
"(5, 43, 49)",13.31069768691642
"(11, 17, 24)",13.310093100691912
"(4, 19, 37)",13.309978806801654
"(6, 17, 24)",13.308889848588626
"(1, 5, 31)",13.307137584126956
"(15, 19, 21)",13.305413782361633
"(15, 38, 40)",13.304728389692363
"(16, 31, 47)",13.304667407153119
"(5, 21, 45)",13.303463264085416
"(14, 19, 41)",13.303370787456162
"(8, 14, 45)",13.296064521395422
"(3, 13, 44)",13.295783122435067
"(1, 6, 14)",13.293141613761957
"(12, 15, 43)",13.291622876004048
"(15, 39, 49)",13.290657192461818
"(10, 12, 28)",13.289893381946245
"(12, 32, 39)",13.288370889676576
"(19, 28, 31)",13.28826551136829
"(14, 17, 33)",13.286738034414812
"(24, 35, 37)",13.28653855966004
"(3, 8, 18)",13.284543903160046
"(3, 8, 22)",13.284543903160046
"(3, 8, 27)",13.284543903160046
"(3, 8, 42)",13.284543903160046
"(3, 8, 46)",13.284543903160046
"(1, 20)",13.284340468811966
"(11, 21, 49)",13.281770676784067
"(40, 48)",13.28098650661434
"(10, 14, 32)",13.280749541175968
"(12, 45)",13.280704103785414
"(6, 21, 49)",13.28056742468078
"(3, 17, 30)",13.280448203950684
"(12, 23, 47)",13.279733486601163
"(5, 8, 33)",13.277967175757663
"(0, 5, 13)",13.276689093287132
"(19, 47, 49)",13.276102643977154
"(13, 20, 33)",13.273945799864212
"(5, 25, 29)",13.273514563613258
"(12, 31, 41)",13.273445589227936
"(20, 28, 43)",13.273224528320199
"(11, 19, 38)",13.273086143550504
"(20, 21, 41)",13.272195512537431
"(6, 19, 38)",13.271882891447218
"(8, 12, 40)",13.270574272590686
"(7, 24, 35)",13.270425312194476
"(1, 24, 39)",13.26765452100697
"(31, 35, 38)",13.26648461914936
"(9, 12, 45)",13.265245324488928
"(2, 12, 38)",13.259558676649341
"(12, 18, 38)",13.259558676649341
"(12, 27, 38)",13.259558676649341
"(12, 36, 38)",13.259558676649341
"(12, 38, 42)",13.259558676649341
"(12, 38, 46)",13.259558676649341
"(5, 28, 37)",13.258400411480562
"(3, 13, 43)",13.2582661006056
"(0, 12, 43)",13.257427229818418
"(5, 11, 26)",13.257100368299515
"(0, 39, 49)",13.256461546276189
"(5, 6, 26)",13.255897116196229
"(40, 47, 48)",13.255265583341183
"(12, 45, 47)",13.255077314788565
"(13, 38, 46)",13.253369587735673
"(4, 16, 40)",13.252999508329504
"(24, 40, 44)",13.252966848554012
"(12, 28, 30)",13.249078768338906
"(5, 10, 19)",13.24759593631596
"(5, 29, 34)",13.245968283308324
"(4, 23, 49)",13.24465596754265
"(8, 25, 48)",13.24456677556253
"(5, 7, 28)",13.242287164014998
"(3, 9, 10)",13.24056755637895
"(14, 30, 32)",13.239934927568628
"(12, 33, 37)",13.239859819555859
"(11, 39, 48)",13.238177885683989
"(12, 16, 26)",13.237929076168985
"(6, 39, 48)",13.2369746335807
"(5, 23, 25)",13.235837232769024
"(12, 35, 39)",13.235823042153713
"(15, 31, 40)",13.234892395389927
"(9, 11, 24)",13.229397839512838
"(10, 14, 35)",13.228201693653105
"(6, 9, 24)",13.228194587409552
"(11, 20, 44)",13.225726188029446
"(7, 12, 33)",13.223746572090295
"(20, 26, 37)",13.223136910978925
"(21, 34, 39)",13.22276132132599
"(4, 45, 49)",13.21999979573005
"(2, 14, 19)",13.219647880575131
"(14, 18, 19)",13.219647880575131
"(14, 19, 27)",13.219647880575131
"(14, 19, 42)",13.219647880575131
"(14, 19, 46)",13.219647880575131
"(8, 34, 48)",13.217020495257596
"(3, 23, 45)",13.21633376190175
"(24, 40, 43)",13.215449826724544
"(15, 19, 25)",13.213131579232641
"(8, 21, 38)",13.212519138737207
"(5, 25, 45)",13.211181060956424
"(8, 10, 20)",13.209021918707236
"(5, 23, 34)",13.20829095246409
"(7, 20, 26)",13.207023663513361
"(26, 48, 49)",13.20511763212215
"(10, 11, 12)",13.204878019826022
"(47,)",13.203823736794869
"(5, 21, 44)",13.203733200824873
"(6, 10, 12)",13.203674767722738
"(11, 19, 31)",13.203250149248067
"(6, 19, 31)",13.202046897144783
"(14, 16, 17)",13.201091972088761
"(3, 9, 30)",13.19975294277161
"(3, 17, 32)",13.199455051511714
"(8, 14, 44)",13.19633445813488
"(5, 8, 16)",13.192321113431612
"(12, 18, 31)",13.189722682346906
"(12, 31, 36)",13.189722682346906
"(12, 31, 42)",13.189722682346906
"(11, 25, 49)",13.189488473655075
"(2, 20, 21)",13.1884726056564
"(18, 20, 21)",13.1884726056564
"(20, 21, 22)",13.1884726056564
"(20, 21, 27)",13.1884726056564
"(20, 21, 36)",13.1884726056564
"(20, 21, 42)",13.1884726056564
"(20, 21, 46)",13.1884726056564
"(13, 16, 20)",13.188299737538161
"(6, 25, 49)",13.188285221551789
"(11, 20, 43)",13.188209166199979
"(14, 30, 35)",13.187387080045763
"(6, 20, 43)",13.18700591409669
"(15, 19, 34)",13.185585298927707
"(5, 34, 45)",13.18363478065149
"(20, 25, 41)",13.17991330940844
"(3, 42, 45)",13.179471950394948
"(0, 19, 25)",13.178935933047011
"(5, 11, 37)",13.17338504936034
"(5, 6, 37)",13.172181797257053
"(5, 15, 29)",13.169382646523136
"(8, 20, 30)",13.168207305099896
"(5, 21, 43)",13.166216178995406
"(11, 12, 30)",13.164063406218682
"(11, 34, 49)",13.161942193350141
"(6, 34, 49)",13.160738941246855
"(8, 14, 43)",13.158817436305412
"(5, 7, 11)",13.157271801894776
"(5, 6, 7)",13.156068549791488
"(12, 44, 47)",13.15534725152802
"(12, 16, 37)",13.15421375722981
"(20, 34, 41)",13.152367029103505
"(8, 19, 35)",13.151326612673078
"(4, 37, 39)",13.150740708980825
"(1, 4, 38)",13.149028602153013
"(1, 24, 28)",13.147369247230328
"(3, 17, 35)",13.14690720398885
"(15, 21, 39)",13.146175684540802
"(5, 41, 48)",13.145790606256929
"(14, 39, 41)",13.144132689635331
"(8, 21, 31)",13.142683144434772
"(12, 17, 49)",13.142602010684572
"(8, 15, 48)",13.14043485847241
"(13, 14, 37)",13.139971943572322
"(7, 12, 16)",13.138100509764245
"(5, 13, 47)",13.137092093167269
"(0, 5, 29)",13.135187000337506
"(20, 29, 33)",13.132443706914586
"(5, 15, 23)",13.131705315678902
"(19, 21, 47)",13.13162113605614
"(12, 44)",13.1311090088946
"(38, 40, 47)",13.130935743386868
"(21, 25, 28)",13.130022327854283
"(10, 24, 30)",13.1297517128598
"(28, 31, 39)",13.12902741354746
"(5, 19, 32)",13.12578817026965
"(7, 13, 14)",13.123858696106758
"(17, 38, 43)",13.123425467516132
"(7, 20, 37)",13.123308344574186
"(5, 35, 41)",13.12182227075012
"(37, 48, 49)",13.121402313182976
"(4, 44, 49)",13.120269732469508
"(3, 9, 32)",13.118759790332641
"(3, 5, 40)",13.117967555522378
"(11, 28, 48)",13.117892611907347
"(12, 43, 47)",13.117830229698555
"(39, 47, 49)",13.116864546156322
"(3, 23, 44)",13.116603698641207
"(12, 28, 35)",13.115537768377074
"(11, 38, 39)",13.113848045729673
"(6, 38, 39)",13.112644793626387
"(5, 25, 44)",13.111450997695881
"(5, 15, 45)",13.107049143866302
"(14, 32, 35)",13.106393927606796
"(7, 48, 49)",13.105289065717411
"(5, 13)",13.103726271353468
"(21, 28, 34)",13.102476047549349
"(0, 5, 23)",13.097509669493272
"(2, 20, 25)",13.096190402527409
"(18, 20, 25)",13.096190402527409
"(20, 22, 25)",13.096190402527409
"(20, 25, 27)",13.096190402527409
"(20, 25, 36)",13.096190402527409
"(20, 25, 42)",13.096190402527409
"(20, 25, 46)",13.096190402527409
"(19, 21)",13.095519835686774
"(20, 23, 33)",13.094766376070352
"(38, 40)",13.09449174668287
"(8, 34, 38)",13.092690655303283
"(3, 26, 41)",13.092053955550691
"(3, 44, 45)",13.091947526828607
"(5, 10, 39)",13.08835783849513
"(8, 20, 32)",13.087214152660927
"(7, 20, 22)",13.085413931138179
"(11, 15, 49)",13.085356556564953
"(6, 15, 49)",13.084153304461669
"(5, 34, 44)",13.083904717390947
"(4, 43, 49)",13.08275271064004
"(14, 26, 29)",13.082185169561871
"(13, 38, 48)",13.082092856563253
"(6, 12, 32)",13.081867001676429
"(26, 38, 49)",13.080787792167836
"(1, 4, 31)",13.079192607850576
"(15, 20, 41)",13.075781392318317
"(12, 43)",13.074833476150397
"(5, 25, 43)",13.073933975866414
"(1, 3, 10)",13.073523601976218
"(39, 49)",13.07338495083705
"(5, 19, 35)",13.073240322746788
"(0, 5, 45)",13.072853497680672
"(19, 24, 41)",13.071379806701025
"(2, 20, 34)",13.068644122222475
"(18, 20, 34)",13.068644122222475
"(20, 22, 34)",13.068644122222475
"(20, 27, 34)",13.068644122222475
"(20, 34, 36)",13.068644122222475
"(20, 34, 46)",13.068644122222475
"(3, 9, 35)",13.066211942809776
"(17, 19, 20)",13.062831406458068
"(1, 11, 24)",13.062353885110106
"(2, 5, 48)",13.062067699375898
"(5, 22, 48)",13.062067699375898
"(5, 36, 48)",13.062067699375898
"(9, 12, 49)",13.061906749505498
"(1, 6, 24)",13.061150633006822
"(31, 40, 47)",13.061099749084434
"(21, 26, 48)",13.060636124201135
"(2, 14, 39)",13.0604097827543
"(14, 18, 39)",13.0604097827543
"(14, 22, 39)",13.0604097827543
"(14, 27, 39)",13.0604097827543
"(14, 39, 42)",13.0604097827543
"(14, 39, 46)",13.0604097827543
"(3, 14, 40)",13.058804944733856
"(16, 19, 48)",13.056423874146532
"(17, 24, 33)",13.054747053659675
"(3, 43, 45)",13.05443050499914
"(17, 31, 43)",13.053589473213695
"(0, 11, 49)",13.051160910379323
"(8, 25, 31)",13.05040094130578
"(0, 6, 49)",13.049957658276039
"(10, 24, 32)",13.048758560420831
"(5, 34, 43)",13.046387695561478
"(11, 21, 25)",13.04500696573406
"(14, 23, 26)",13.044507838717637
"(11, 31, 39)",13.044012051427236
"(6, 21, 25)",13.043803713630775
"(6, 31, 39)",13.042808799323952
"(0, 20, 41)",13.041585746132688
"(2, 10, 28)",13.04056582668817
"(19, 25, 47)",13.039338932927148
"(1, 14, 33)",13.038998818833006
"(6, 11, 48)",13.03167399768384
"(4, 28, 37)",13.030455435204184
"(6, 12, 35)",13.029319154153566
"(15, 34, 39)",13.026347201106878
"(15, 21, 28)",13.02589041076416
"(8, 31, 34)",13.022854661000846
"(14, 26, 45)",13.019851666905037
"(4, 10, 19)",13.01965096003958
"(19, 33, 38)",13.017740096518267
"(11, 21, 34)",13.017460685429127
"(12, 13, 19)",13.016503543131687
"(6, 21, 34)",13.01625743332584
"(8, 15, 38)",13.016105018518095
"(19, 34, 47)",13.011792652622212
"(16, 20, 23)",13.009120313744301
"(3, 37, 41)",13.008338636611516
"(2, 3, 26)",13.00833104866966
"(3, 18, 26)",13.00833104866966
"(3, 22, 26)",13.00833104866966
"(3, 26, 27)",13.00833104866966
"(3, 26, 36)",13.00833104866966
"(3, 26, 42)",13.00833104866966
"(3, 26, 46)",13.00833104866966
"(24, 30, 32)",13.00794394681349
"(5, 26, 33)",13.001754321267278
"(2, 28, 30)",12.99975121308083
"(14, 29, 37)",12.998469850622696
"(12, 17, 21)",12.998120502763557
"(37, 38, 49)",12.99707247322866
"(10, 24, 35)",12.996210712897966
"(5, 29, 47)",12.995590000217643
"(12, 26, 40)",12.994361418100299
"(3, 7, 41)",12.992225389145952
"(8, 35, 39)",12.992088514852247
"(2, 15, 20)",12.992058485437287
"(15, 18, 20)",12.992058485437287
"(15, 20, 22)",12.992058485437287
"(15, 20, 27)",12.992058485437287
"(15, 20, 36)",12.992058485437287
"(15, 20, 42)",12.992058485437287
"(15, 20, 46)",12.992058485437287
"(31, 40)",12.989737755229214
"(2, 19, 24)",12.987656899819994
"(19, 24, 27)",12.987656899819994
"(19, 24, 36)",12.987656899819994
"(16, 20, 45)",12.984464141931701
"(7, 14, 29)",12.982356603157132
"(9, 19, 20)",12.982136145278993
"(0, 8, 38)",12.981909372332465
"(4, 23, 34)",12.98034597618771
"(27, 30, 49)",12.979688094973875
"(30, 36, 49)",12.979688094973875
"(4, 19, 30)",12.97883634643224
"(21, 37, 48)",12.976920805261962
"(21, 39, 47)",12.972383038235307
"(20, 33, 44)",12.970380140997209
"(5, 15, 43)",12.969802058776292
"(16, 17, 24)",12.969100991333624
"(25, 26, 48)",12.968353921072143
"(5, 10, 28)",12.968072564718488
"(8, 47, 48)",12.966642212166914
"(5, 32, 39)",12.96655007244882
"(7, 21, 48)",12.960807557796397
"(14, 23, 37)",12.960792519778462
"(5, 23, 47)",12.957912669373407
"(0, 2, 20)",12.957862839251657
"(0, 18, 20)",12.957862839251657
"(0, 20, 22)",12.957862839251657
"(0, 20, 27)",12.957862839251657
"(0, 20, 36)",12.957862839251657
"(0, 20, 42)",12.957862839251657
"(14, 17, 40)",12.957524314020077
"(19, 25)",12.957096530993287
"(4, 34, 45)",12.955689804375112
"(24, 30, 35)",12.955396099290628
"(3, 43, 44)",12.954700441738597
"(1, 14, 16)",12.953352756506956
"(1, 3, 32)",12.951715835929908
"(5, 31, 41)",12.951624772000178
"(10, 12, 33)",12.949531972793785
"(5, 8, 40)",12.948753455362928
"(19, 31, 33)",12.94790410221583
"(8, 15, 31)",12.94626902421566
"(4, 11, 37)",12.94544007308396
"(13, 20, 40)",12.944732079469476
"(7, 14, 23)",12.944679272312898
"(4, 6, 37)",12.944236820980676
"(5, 9, 45)",12.94342450726117
"(11, 15, 21)",12.940875048643939
"(26, 34, 48)",12.940807640767211
"(16, 21, 49)",12.94077856742578
"(29, 38, 48)",12.940590763613628
"(6, 15, 21)",12.939671796540654
"(2, 5, 38)",12.937737859421585
"(5, 22, 38)",12.937737859421585
"(5, 27, 38)",12.937737859421585
"(5, 36, 38)",12.937737859421585
"(6, 14, 41)",12.937628801635181
"(21, 26, 38)",12.936306284246822
"(14, 37, 45)",12.936136347965862
"(0, 5, 43)",12.935606412590662
"(15, 19, 47)",12.935207015837026
"(15, 25, 28)",12.933608207635169
"(5, 45, 47)",12.933256497560809
"(20, 33, 43)",12.932863119167742
"(10, 20, 26)",12.932809064216851
"(16, 19, 38)",12.932094034192216
"(31, 37, 49)",12.927236478926226
"(2, 3, 37)",12.924615729730485
"(3, 18, 37)",12.924615729730485
"(3, 22, 37)",12.924615729730485
"(3, 27, 37)",12.924615729730485
"(3, 36, 37)",12.924615729730485
"(3, 37, 42)",12.924615729730485
"(3, 37, 46)",12.924615729730485
"(11, 28, 31)",12.923726777650597
"(14, 26, 44)",12.920121603644494
"(7, 14, 45)",12.920023100500298
"(5, 33, 37)",12.918039002328102
"(9, 12, 21)",12.917425241584484
"(5, 16, 26)",12.916108258941227
"(19, 34)",12.915777110535885
"(5, 35, 39)",12.914002224925957
"(24, 39, 41)",12.912141708880194
"(0, 8, 31)",12.91207337803003
"(11, 47, 49)",12.91156391025946
"(7, 31, 49)",12.91112323146066
"(12, 37, 40)",12.910646099161125
"(6, 47, 49)",12.910360658156174
"(12, 30, 33)",12.908717359186447
"(2, 3, 7)",12.908502482264922
"(3, 7, 18)",12.908502482264922
"(3, 7, 27)",12.908502482264922
"(3, 7, 36)",12.908502482264922
"(3, 7, 42)",12.908502482264922
"(3, 7, 46)",12.908502482264922
"(13, 24, 37)",12.907980962817184
"(6, 11, 38)",12.907344157729524
"(33, 34, 49)",12.906596146317904
"(15, 28, 34)",12.906061927330237
"(12, 17, 25)",12.905838299634565
"(4, 15, 23)",12.903760339402524
"(17, 20, 39)",12.903593308637237
"(23, 38, 48)",12.902913432769395
"(20, 41, 47)",12.901988746012822
"(5, 7, 33)",12.901925754862539
"(0, 19, 47)",12.901011369651396
"(0, 25, 28)",12.89941256144954
"(1, 3, 35)",12.899167988407044
"(16, 39, 48)",12.8971857763257
"(1, 12, 49)",12.894862795102767
"(7, 12, 40)",12.89453285169556
"(20, 26, 30)",12.891994450609511
"(7, 13, 24)",12.89186771535162
"(5, 29)",12.891473131929029
"(9, 16, 24)",12.888405730154549
"(13, 31, 38)",12.887927022306503
"(25, 37, 48)",12.88463860213297
"(2, 8, 21)",12.88436373123524
"(5, 10, 11)",12.883057202598266
"(14, 26, 43)",12.882604581815027
"(5, 6, 10)",12.88185395049498
"(4, 15, 45)",12.879104167589924
"(12, 17, 34)",12.878292019329631
"(38, 45, 48)",12.878257260956794
"(12, 19, 29)",12.875001450182062
"(24, 32, 35)",12.874402946851657
"(8, 28, 35)",12.871803241075606
"(0, 4, 23)",12.869564693216894
"(7, 25, 48)",12.868525354667405
"(5, 22, 31)",12.867901865119148
"(5, 31, 36)",12.867901865119148
"(2, 28, 35)",12.866210213118997
"(15, 26, 48)",12.864222003982022
"(10, 12, 16)",12.863885910467735
"(16, 19, 31)",12.862258039889781
"(4, 10, 39)",12.86041286221875
"(33, 38, 39)",12.858501998697436
"(12, 13, 39)",12.857265445310857
"(34, 37, 48)",12.857092321828034
"(21, 39)",12.856662688955527
"(4, 34, 44)",12.85595974111457
"(6, 14, 18)",12.853905894754151
"(6, 14, 27)",12.853905894754151
"(6, 14, 42)",12.853905894754151
"(6, 14, 46)",12.853905894754151
"(21, 37, 38)",12.852590965307646
"(34, 39, 47)",12.852554554801383
"(21, 28, 47)",12.852097764458666
"(24, 26, 29)",12.850194188806734
"(10, 13, 14)",12.849644096810248
"(10, 20, 37)",12.849093745277676
"(11, 15, 25)",12.848592845514947
"(16, 25, 49)",12.848496364296787
"(8, 48)",12.848051449852939
"(6, 15, 25)",12.847389593411663
"(16, 20, 43)",12.84721705684169
"(4, 19, 35)",12.845295346470408
"(0, 4, 45)",12.844908521404294
"(8, 38, 47)",12.8423123722126
"(7, 34, 48)",12.84097907436247
"(6, 11, 31)",12.837508163427088
"(12, 19, 23)",12.837324119337827
"(14, 37, 44)",12.836406284705319
"(5, 23)",12.834957135662677
"(5, 44, 47)",12.833526434300264
"(5, 16, 37)",12.832392940002052
"(10, 48, 49)",12.831074466420901
"(15, 33, 49)",12.830010509532716
"(2, 24, 39)",12.828418801999163
"(22, 24, 39)",12.828418801999163
"(24, 27, 39)",12.828418801999163
"(24, 36, 39)",12.828418801999163
"(12, 32, 33)",12.827724206747476
"(9, 12, 25)",12.825143038455492
"(12, 16, 30)",12.823071296860396
"(9, 20, 39)",12.822898047458164
"(11, 15, 34)",12.821046565210013
"(16, 34, 49)",12.820950083991853
"(5, 17, 49)",12.820781193456815
"(6, 15, 34)",12.819843313106729
"(4, 34, 43)",12.818442719285102
"(2, 20, 47)",12.818265839131794
"(18, 20, 47)",12.818265839131794
"(20, 22, 47)",12.818265839131794
"(20, 27, 47)",12.818265839131794
"(20, 36, 47)",12.818265839131794
"(20, 46, 47)",12.818265839131794
"(26, 34, 38)",12.816477800812896
"(5, 7, 16)",12.816279692536488
"(1, 19, 20)",12.815092190876264
"(0, 11, 25)",12.814397199329317
"(0, 6, 25)",12.813193947226033
"(19, 40, 48)",12.812856216077847
"(12, 19, 45)",12.812667947525227
"(23, 24, 26)",12.8125168579625
"(20, 26, 32)",12.811001298170542
"(13, 14, 30)",12.808829483202908
"(1, 24, 33)",12.807007838077869
"(20, 29, 40)",12.80322998651985
"(12, 15, 17)",12.801706382544445
"(2, 8, 28)",12.80096517548995
"(15, 19)",12.800898655358106
"(5, 45)",12.797972877943778
"(9, 12, 34)",12.797596758150558
"(5, 43, 47)",12.796009412470799
"(0, 33, 49)",12.795814863347086
"(5, 28, 35)",12.793716951149314
"(3, 5, 46)",12.792569174226118
"(7, 20, 30)",12.792165884204772
"(2, 8, 25)",12.792081528106248
"(24, 28, 41)",12.791856435103552
"(30, 48, 49)",12.790259852813563
"(31, 33, 39)",12.788666004395
"(6, 8, 35)",12.7855846268521
"(17, 20, 28)",12.783308034860596
"(7, 14, 43)",12.782776015410288
"(21, 31, 37)",12.78275497100521
"(15, 37, 48)",12.780506685042848
"(16, 28, 48)",12.776900502549058
"(15, 39, 47)",12.775968918016197
"(12, 33, 35)",12.775176359224613
"(16, 38, 39)",12.772855936371386
"(8, 31, 47)",12.772476377910163
"(3, 13, 17)",12.768349607145995
"(3, 12, 22)",12.768106124593306
"(0, 12, 17)",12.767510736358815
"(11, 21, 47)",12.767082402338445
"(7, 21, 31)",12.766641723539646
"(24, 29, 37)",12.766478869867559
"(6, 21, 47)",12.765879150235158
"(11, 49)",12.765433996991757
"(2, 8, 34)",12.764535247801312
"(7, 15, 48)",12.764393437577283
"(6, 49)",12.763629118836828
"(5, 6, 32)",12.76004618444867
"(25, 28, 47)",12.759815561329674
"(20, 26, 35)",12.758453450647679
"(20, 41)",12.7510712506218
"(1, 12, 21)",12.750381287181753
"(7, 24, 29)",12.750365622401993
"(0, 19)",12.74960518607966
"(29, 31, 38)",12.746424929356877
"(15, 16, 49)",12.744364447206667
"(25, 27, 30)",12.742924383923869
"(25, 30, 36)",12.742924383923869
"(12, 16, 32)",12.742078144421427
"(4, 15, 43)",12.741857082499912
"(0, 39, 47)",12.741773271830567
"(38, 43, 48)",12.741010175866784
"(20, 40, 45)",12.740896483863017
"(4, 10, 28)",12.740127588442109
"(5, 9, 49)",12.74008593227774
"(15, 26, 38)",12.739892164027708
"(12, 13, 28)",12.736980171534215
"(34, 37, 38)",12.73276248187372
"(28, 34, 47)",12.732269281024742
"(4, 23, 47)",12.729967693097027
"(23, 24, 37)",12.728801539023324
"(13, 14, 32)",12.727836330763939
"(20, 32, 37)",12.727285979231366
"(17, 24, 40)",12.72553333326494
"(1, 16, 24)",12.721361775751818
"(9, 12, 15)",12.721011121365372
"(3, 10, 41)",12.718010789849442
"(12, 29, 39)",12.71576335236123
"(27, 30, 34)",12.715378103618935
"(30, 34, 36)",12.715378103618935
"(12, 19, 44)",12.712937884264685
"(7, 23, 24)",12.71268829155776
"(7, 20, 32)",12.711172731765803
"(0, 16, 49)",12.710168801021037
"(2, 4, 38)",12.709792883145205
"(4, 18, 38)",12.709792883145205
"(4, 22, 38)",12.709792883145205
"(4, 38, 42)",12.709792883145205
"(4, 38, 46)",12.709792883145205
"(1, 14, 40)",12.709785098438271
"(23, 31, 38)",12.708747598512643
"(10, 14, 29)",12.708142003860623
"(24, 27, 28)",12.708133528222522
"(24, 28, 36)",12.708133528222522
"(0, 4, 43)",12.707661436314282
"(5, 6, 35)",12.707498336925806
"(10, 38, 49)",12.706744626466588
"(8, 12, 26)",12.705738046926031
"(0, 26, 38)",12.705696517842078
"(6, 24, 41)",12.705637820880044
"(4, 45, 47)",12.705311521284429
"(16, 21, 25)",12.704014856375773
"(16, 31, 39)",12.70301994206895
"(9, 20, 28)",12.702612773681523
"(4, 28, 30)",12.69931297483477
"(11, 17, 20)",12.698292672740374
"(21, 40, 49)",12.697210909357095
"(6, 17, 20)",12.697089420637088
"(5, 13, 19)",12.694682725903931
"(3, 28, 38)",12.691067210810878
"(6, 16, 48)",12.69068188832555
"(25, 31, 37)",12.690472767876217
"(4, 33, 37)",12.690094026051723
"(12, 16, 35)",12.689530296898564
"(19, 38, 40)",12.688526376123532
"(24, 26, 44)",12.688130622889357
"(2, 8, 15)",12.687949611016126
"(3, 9, 13)",12.687654345966921
"(0, 9, 12)",12.686815475179742
"(10, 21, 48)",12.686592958499887
"(4, 35, 39)",12.686057248649577
"(31, 38, 45)",12.684091426700043
"(14, 33, 41)",12.68348600670623
"(12, 23, 39)",12.678086021516997
"(3, 30, 41)",12.677196176242102
"(34, 39)",12.67691996380464
"(16, 21, 34)",12.676468576070839
"(5, 17, 21)",12.6762996855358
"(21, 28)",12.676234778290567
"(12, 19, 43)",12.675420862435217
"(13, 14, 35)",12.675288483241076
"(11, 25, 47)",12.674800199209454
"(20, 35, 37)",12.674738131708503
"(19, 39, 49)",12.674455178892986
"(7, 25, 31)",12.674359520410654
"(6, 25, 47)",12.673596947106166
"(5, 26, 40)",12.672540600872543
"(10, 14, 23)",12.670464673016388
"(14, 20, 24)",12.669473589979901
"(8, 14, 17)",12.668900942845807
"(28, 31, 33)",12.66838073061836
"(14, 29, 30)",12.667327390253282
"(30, 38, 49)",12.665930012859247
"(31, 34, 37)",12.662926487571285
"(8, 38)",12.661556689921467
"(7, 20, 35)",12.65862488424294
"(1, 12, 25)",12.658099084052761
"(35, 48, 49)",12.656718852851728
"(33, 47, 49)",12.656217863227223
"(15, 37, 38)",12.656176845088535
"(1, 20, 39)",12.655854093055432
"(15, 28, 47)",12.655683644239556
"(4, 10, 11)",12.655112226321886
"(4, 6, 10)",12.653908974218602
"(0, 2, 8)",12.653753964830496
"(39, 40, 48)",12.653618118257015
"(12, 39, 45)",12.653429849704398
"(6, 33, 38)",12.651998110697287
"(11, 12, 13)",12.651964809413993
"(6, 12, 13)",12.650761557310709
"(24, 26, 43)",12.650613601059888
"(5, 44)",12.648377783052963
"(11, 34, 47)",12.647253918904518
"(7, 31, 34)",12.64681324010572
"(6, 34, 47)",12.646050666801234
"(10, 14, 45)",12.645808501203788
"(9, 24, 40)",12.644838072085866
"(20, 40, 44)",12.641166420602474
"(29, 44, 49)",12.640476365648706
"(4, 18, 31)",12.63995688884277
"(4, 22, 31)",12.63995688884277
"(4, 31, 42)",12.63995688884277
"(15, 27, 30)",12.638792466833749
"(15, 30, 36)",12.638792466833749
"(10, 31, 49)",12.63690863216415
"(2, 3, 10)",12.634287882968412
"(3, 10, 18)",12.634287882968412
"(3, 10, 27)",12.634287882968412
"(3, 10, 36)",12.634287882968412
"(3, 10, 42)",12.634287882968412
"(1, 12, 34)",12.630552803747827
"(14, 23, 30)",12.629650059409048
"(12, 17, 47)",12.627913736238948
"(5, 10, 33)",12.627711155566029
"(2, 20)",12.625486890300255
"(18, 20)",12.625486890300255
"(20, 22)",12.625486890300255
"(20, 27)",12.625486890300255
"(20, 36)",12.625486890300255
"(20, 42)",12.625486890300255
"(20, 46)",12.625486890300255
"(2, 11, 24)",12.6231181661023
"(11, 24, 27)",12.6231181661023
"(11, 24, 36)",12.6231181661023
"(8, 12, 37)",12.622022727986856
"(0, 37, 38)",12.621981198902905
"(6, 24, 27)",12.621914913999014
"(0, 28, 47)",12.621487998053926
"(10, 12, 40)",12.62031825239905
"(19, 31, 40)",12.618690381821095
"(10, 13, 24)",12.617653116055111
"(9, 11, 20)",12.617597411561299
"(6, 9, 20)",12.616394159458014
"(4, 11, 30)",12.614297612714546
"(37, 47, 48)",12.606714038737353
"(3, 8, 49)",12.606382080293242
"(7, 8, 12)",12.60590948052129
"(4, 44, 47)",12.605581458023885
"(14, 30, 45)",12.604993887596448
"(0, 27, 30)",12.60459682064812
"(0, 30, 36)",12.60459682064812
"(4, 16, 37)",12.604447963725674
"(24, 37, 44)",12.604415303950182
"(20, 40, 43)",12.603649398773005
"(15, 16, 21)",12.599882939285653
"(2, 14, 33)",12.5997630998252
"(14, 22, 33)",12.5997630998252
"(14, 33, 42)",12.5997630998252
"(14, 33, 46)",12.5997630998252
"(14, 16, 41)",12.59783994438018
"(3, 32, 41)",12.596203023803133
"(30, 31, 49)",12.596094018556812
"(5, 9, 21)",12.595604424356726
"(12, 28, 29)",12.595478078584591
"(10, 25, 48)",12.594310755370895
"(2, 3, 30)",12.593473269361072
"(3, 18, 30)",12.593473269361072
"(3, 30, 42)",12.593473269361072
"(3, 30, 46)",12.593473269361072
"(4, 17, 49)",12.592836217180437
"(5, 43)",12.592102250308761
"(7, 47, 48)",12.59060079127179
"(3, 17, 23)",12.589170183352135
"(5, 37, 40)",12.588825281933367
"(15, 31, 37)",12.586340850786097
"(14, 29, 32)",12.586334237814313
"(31, 38, 44)",12.5843613634395
"(5, 17, 25)",12.584017482406809
"(16, 28, 31)",12.582734668292307
"(6, 31, 33)",12.582162116394851
"(34, 40, 49)",12.577382425923169
"(13, 24, 30)",12.576838502447771
"(1, 5, 49)",12.573041977875011
"(5, 7, 40)",12.572712034467804
"(11, 15, 47)",12.570668282119332
"(16, 47, 49)",12.57057180090117
"(7, 15, 31)",12.570227603320532
"(6, 15, 47)",12.569465030016048
"(4, 43, 47)",12.568064436194419
"(10, 34, 48)",12.566764475065963
"(6, 16, 38)",12.566352048371236
"(4, 28, 35)",12.565771974872938
"(15, 33, 34)",12.565700518177778
"(21, 32, 48)",12.564785192453577
"(3, 17, 45)",12.564514011539535
"(10, 21, 38)",12.562263118545573
"(15, 39)",12.562041508626859
"(12, 23, 28)",12.557800747740355
"(8, 31)",12.556802698467813
"(5, 17, 34)",12.556471202101875
"(1, 12, 15)",12.55396716696264
"(25, 30, 48)",12.553496141763556
"(5, 19, 29)",12.553180632954305
"(0, 31, 37)",12.552145204600468
"(7, 24, 43)",12.55078503465515
"(11, 21)",12.548711735110233
"(14, 23, 32)",12.548656906970079
"(9, 12, 47)",12.547218475059875
"(6, 21)",12.546906856955305
"(31, 38, 43)",12.546844341610033
"(10, 14, 44)",12.546078437943246
"(5, 10, 16)",12.542065093239978
"(19, 47)",12.540209685899864
"(12, 41, 49)",12.53934998297599
"(25, 28)",12.537811473597078
"(0, 11, 47)",12.536472635933702
"(1, 20, 28)",12.53556881927879
"(5, 13, 39)",12.5354446280831
"(0, 6, 47)",12.535269383830418
"(14, 29, 35)",12.53378639029145
"(12, 28, 45)",12.533144575927757
"(35, 38, 49)",12.532389012897415
"(8, 33, 35)",12.531441831923146
"(19, 21, 39)",12.529973670971971
"(38, 39, 40)",12.529288278302701
"(30, 34, 48)",12.52594986145862
"(8, 19, 48)",12.524232844903578
"(14, 32, 45)",12.524000735157479
"(1, 3, 13)",12.520610391564189
"(0, 1, 12)",12.51977152077701
"(10, 20, 30)",12.517951284908262
"(5, 19, 23)",12.515503302110071
"(8, 20, 29)",12.514606615345581
"(2, 8, 47)",12.514156964710631
"(2, 14, 16)",12.51411703749915
"(14, 16, 18)",12.51411703749915
"(14, 16, 22)",12.51411703749915
"(14, 16, 46)",12.51411703749915
"(2, 3, 32)",12.512480116922102
"(3, 18, 32)",12.512480116922102
"(3, 22, 32)",12.512480116922102
"(3, 27, 32)",12.512480116922102
"(3, 32, 36)",12.512480116922102
"(3, 32, 42)",12.512480116922102
"(3, 32, 46)",12.512480116922102
"(0, 39)",12.510748039348414
"(11, 12, 29)",12.510462716464367
"(6, 12, 29)",12.509259464361083
"(10, 14, 43)",12.508561416113778
"(3, 9, 23)",12.508474922173061
"(15, 16, 25)",12.507600736156661
"(5, 32, 33)",12.50590338951972
"(14, 30, 44)",12.505263824335906
"(5, 9, 25)",12.503322221227734
"(15, 40, 49)",12.500796789137983
"(12, 32, 40)",12.49851048635274
"(6, 16, 31)",12.496516054068799
"(28, 34)",12.496492053139677
"(14, 23, 35)",12.496109059447214
"(21, 29, 44)",12.495994857727691
"(13, 24, 32)",12.495845350008802
"(4, 23)",12.493039671248109
"(10, 21, 31)",12.492427124243136
"(5, 19, 45)",12.490847130297471
"(10, 15, 48)",12.490178838280775
"(2, 13, 28)",12.48765261627614
"(37, 38, 47)",12.482384198783038
"(15, 16, 34)",12.480054455851725
"(5, 15, 17)",12.479885565316687
"(4, 6, 35)",12.47955336064943
"(1, 24, 40)",12.477794117683134
"(8, 20, 23)",12.476929284501347
"(10, 24, 29)",12.476151023105485
"(5, 9, 34)",12.475775940922802
"(0, 16, 25)",12.473405089971031
"(11, 12, 23)",12.472785385620133
"(25, 32, 48)",12.472502989324585
"(6, 12, 23)",12.471582133516849
"(14, 35, 45)",12.471452887634616
"(11, 19, 49)",12.469154542996122
"(6, 19, 49)",12.467951290892836
"(14, 30, 43)",12.467746802506436
"(3, 21, 35)",12.466856090498789
"(27, 30, 47)",12.464999820528252
"(30, 36, 47)",12.464999820528252
"(3, 17, 44)",12.464783948278992
"(31, 35, 49)",12.462553018594978
"(3, 28, 49)",12.46136999539521
"(2, 3, 35)",12.45993226939924
"(3, 18, 35)",12.45993226939924
"(3, 22, 35)",12.45993226939924
"(3, 27, 35)",12.45993226939924
"(3, 35, 42)",12.45993226939924
"(3, 35, 46)",12.45993226939924
"(19, 20, 41)",12.459579378749487
"(31, 39, 40)",12.459452284000266
"(4, 45)",12.45605541352921
"(2, 12, 49)",12.45562707609496
"(12, 27, 49)",12.45562707609496
"(12, 36, 49)",12.45562707609496
"(12, 42, 49)",12.45562707609496
"(12, 46, 49)",12.45562707609496
"(5, 33, 35)",12.453355541996856
"(8, 20, 45)",12.452273112688747
"(24, 33, 41)",12.451495025951093
"(1, 11, 20)",12.45055345715857
"(13, 46, 49)",12.449437987181291
"(15, 30, 48)",12.449364224673435
"(1, 6, 20)",12.449350205055282
"(11, 40, 48)",12.448317482360153
"(11, 12, 45)",12.448129213807533
"(6, 40, 48)",12.447114230256865
"(6, 12, 45)",12.446925961704249
"(12, 35, 40)",12.445962638829878
"(8, 16, 35)",12.445795769597096
"(0, 5, 17)",12.445689919131057
"(32, 34, 48)",12.444956709019651
"(13, 24, 35)",12.443297502485937
"(17, 20, 33)",12.442946625708137
"(10, 34, 38)",12.442434635111647
"(21, 32, 38)",12.440455352499264
"(10, 23, 24)",12.438473692261251
"(10, 20, 32)",12.436958132469293
"(24, 29, 30)",12.435336409498145
"(26, 48)",12.43373216811736
"(12, 28, 44)",12.433414512667214
"(21, 34, 40)",12.432900918002154
"(1, 5, 21)",12.428560469953997
"(16, 21, 47)",12.426090292980156
"(14, 32, 44)",12.424270671896936
"(1, 8, 14)",12.421161727264003
"(5, 16, 32)",12.420257327193669
"(5, 13, 28)",12.415159354306459
"(4, 14, 48)",12.41490911032899
"(3, 14, 36)",12.412588708554578
"(31, 37, 47)",12.412548204480604
"(11, 25)",12.410288430416745
"(19, 34, 39)",12.410145187538046
"(19, 21, 28)",12.40968839719533
"(6, 25)",12.408483552261817
"(25, 29, 44)",12.4037126545987
"(30, 34, 38)",12.401620021504307
"(10, 25, 31)",12.400144921114144
"(8, 19, 38)",12.399903004949262
"(4, 10, 33)",12.39976617928965
"(5, 9, 15)",12.399190304137614
"(23, 24, 30)",12.397659078653911
"(12, 13, 33)",12.396618762381756
"(7, 31, 47)",12.396434957015039
"(20, 30, 32)",12.396143518861953
"(12, 28, 43)",12.395897490837747
"(12, 21, 41)",12.394868475054976
"(5, 29, 39)",12.393942535133474
"(14, 17, 26)",12.392688088355422
"(34, 35, 48)",12.392408861496788
"(33, 34, 47)",12.39190787187228
"(5, 19, 44)",12.391117067036928
"(14, 32, 43)",12.386753650067469
"(11, 14, 16)",12.385063616972086
"(10, 20, 35)",12.38441028494643
"(3, 9, 44)",12.384088687099919
"(5, 8, 26)",12.383917229698273
"(33, 49)",12.3824149264434
"(15, 28)",12.381613597961898
"(29, 34, 44)",12.376166374293765
"(2, 19, 20)",12.375856471868456
"(18, 19, 20)",12.375856471868456
"(19, 20, 27)",12.375856471868456
"(19, 20, 36)",12.375856471868456
"(19, 20, 42)",12.375856471868456
"(19, 20, 46)",12.375856471868456
"(10, 31, 34)",12.372598640809212
"(14, 35, 44)",12.371722824374073
"(21, 31, 32)",12.370619358196826
"(11, 34)",12.368969009959343
"(15, 32, 48)",12.368371072234464
"(2, 24, 33)",12.367772119070063
"(22, 24, 33)",12.367772119070063
"(24, 33, 36)",12.367772119070063
"(5, 16, 35)",12.367709479670804
"(6, 34)",12.367164131804415
"(10, 15, 38)",12.36584899832646
"(16, 24, 41)",12.365848963625043
"(8, 39, 48)",12.364994747082747
"(0, 5, 9)",12.364994657951984
"(4, 37, 40)",12.36088030565699
"(25, 30, 31)",12.359330307506806
"(4, 30, 33)",12.358951565682311
"(16, 17, 20)",12.357300563382086
"(15, 21, 40)",12.356315281216967
"(5, 23, 39)",12.35626520428924
"(24, 29, 32)",12.354343257059176
"(14, 40, 41)",12.354272286311495
"(5, 19, 43)",12.353600045207461
"(0, 3, 34)",12.35339310647417
"(8, 20, 44)",12.352543049428204
"(11, 12, 44)",12.34839915054699
"(3, 9, 43)",12.34657166527045
"(2, 28, 29)",12.346150523326514
"(12, 26, 37)",12.345809873496469
"(1, 4, 49)",12.345097001598631
"(20, 30, 35)",12.343595671339088
"(1, 3, 23)",12.341430967770329
"(12, 17)",12.339958735960991
"(1, 5, 25)",12.336278266825005
"(16, 25, 47)",12.333808089851164
"(15, 19, 39)",12.333559550752858
"(30, 31, 34)",12.33178402720187
"(8, 10, 12)",12.331694881224783
"(0, 10, 38)",12.33165335214083
"(5, 39, 45)",12.33160903247664
"(0, 28)",12.330320128683454
"(5, 11, 13)",12.330143992186237
"(8, 19, 31)",12.330067010646827
"(7, 12, 26)",12.329696626030906
"(5, 6, 13)",12.32894074008295
"(4, 17, 34)",12.328526225825495
"(40, 47, 49)",12.327004142832486
"(15, 30, 38)",12.325034384719121
"(11, 19, 21)",12.324673035075108
"(11, 38, 40)",12.323987642405838
"(6, 19, 21)",12.323469782971822
"(6, 38, 40)",12.322784390302552
"(16, 42, 48)",12.320676256574728
"(32, 34, 38)",12.320626869065336
"(4, 14, 21)",12.319602964312296
"(17, 43, 49)",12.31949386696175
"(19, 25, 28)",12.317406194066338
"(1, 3, 45)",12.316774795957729
"(23, 24, 32)",12.316665926214942
"(24, 33, 48)",12.316511852376646
"(10, 47, 48)",12.31638619197528
"(15, 35, 48)",12.3158232247116
"(15, 33, 47)",12.315322235087095
"(8, 20, 43)",12.315026027598737
"(4, 10, 16)",12.314120116963599
"(10, 24, 44)",12.314087457188108
"(3, 4, 26)",12.313928386156848
"(2, 12, 21)",12.311145568173945
"(12, 18, 21)",12.311145568173945
"(12, 21, 27)",12.311145568173945
"(12, 21, 36)",12.311145568173945
"(12, 21, 42)",12.311145568173945
"(12, 21, 46)",12.311145568173945
"(12, 13, 16)",12.310972700055705
"(11, 12, 43)",12.310882128717523
"(11, 39, 49)",12.309916445175292
"(6, 12, 43)",12.309678876614239
"(14, 17, 37)",12.308972769416247
"(1, 5, 34)",12.308731986520069
"(6, 39, 49)",12.308713193072006
"(2, 23, 28)",12.30847319248228
"(37, 48)",12.308159189708597
"(4, 44)",12.306460318638395
"(16, 34, 47)",12.306261809546232
"(5, 17, 47)",12.306092919011192
"(3, 16, 33)",12.305832973447336
"(13, 21, 46)",12.304956479260277
"(12, 25, 41)",12.302586271925984
"(24, 29, 35)",12.301795409536311
"(39, 47)",12.301352539168617
"(20, 39, 41)",12.300341280928656
"(5, 8, 37)",12.300201910759098
"(0, 19, 39)",12.299363904567228
"(5, 10, 40)",12.298497435171294
"(13, 20, 37)",12.296180534865647
"(10, 15, 31)",12.296013004024024
"(8, 12, 30)",12.290880267617442
"(0, 30, 38)",12.290838738533491
"(19, 28, 34)",12.289859913761404
"(4, 19, 23)",12.287558325833691
"(5, 7, 8)",12.284088663293534
"(7, 48)",12.28398931851025
"(2, 16, 24)",12.282126056744012
"(16, 22, 24)",12.282126056744012
"(16, 24, 36)",12.282126056744012
"(0, 33, 47)",12.281126588901465
"(7, 13, 20)",12.280067287400083
"(25, 31, 32)",12.278337155067835
"(13, 48, 49)",12.278161256008872
"(9, 16, 20)",12.276605302203013
"(10, 24, 43)",12.27657043535864
"(30, 47, 48)",12.27557157836794
"(12, 34, 41)",12.275039991621052
"(5, 28, 29)",12.273657261356833
"(4, 16, 30)",12.27330550335626
"(24, 30, 44)",12.273272843580768
"(14, 18, 40)",12.270549379430465
"(14, 22, 40)",12.270549379430465
"(14, 27, 40)",12.270549379430465
"(14, 40, 42)",12.270549379430465
"(14, 40, 46)",12.270549379430465
"(34, 35, 38)",12.268079021542473
"(23, 24, 35)",12.264118078692078
"(4, 19, 45)",12.262902154021091
"(3, 35, 47)",12.262680510756521
"(20, 32, 35)",12.26260251890012
"(0, 10, 31)",12.261817357838394
"(15, 30, 31)",12.255198390416684
"(12, 29, 33)",12.25511666943213
"(11, 31, 40)",12.2541516481034
"(11, 15)",12.254090554781564
"(16, 49)",12.253945832954324
"(6, 31, 40)",12.252948396000116
"(6, 15)",12.252285676626636
"(4, 15, 17)",12.25194058904031
"(31, 32, 34)",12.2507908747629
"(21, 28, 39)",12.2504502993745
"(4, 43)",12.250184785894193
"(19, 26, 48)",12.24801999041319
"(26, 38)",12.247237408185887
"(7, 12, 37)",12.24598130709173
"(8, 28, 48)",12.244709473306106
"(15, 32, 38)",12.24404123228015
"(14, 24, 28)",12.243639237986875
"(8, 38, 39)",12.240664907128432
"(20, 26, 29)",12.238393760855196
"(15, 34, 40)",12.236486797783042
"(5, 23, 28)",12.235979930512599
"(24, 30, 43)",12.235755821751301
"(11, 19, 25)",12.232390831946116
"(1, 5, 15)",12.232146349734883
"(6, 19, 25)",12.23118757984283
"(15, 16, 47)",12.229676172761044
"(3, 11, 16)",12.229589254843379
"(4, 33, 35)",12.225410565720477
"(5, 9, 47)",12.225397657832119
"(0, 30, 31)",12.221002744231054
"(9, 12)",12.21891584419238
"(2, 12, 25)",12.218863365044953
"(12, 18, 25)",12.218863365044953
"(12, 25, 27)",12.218863365044953
"(12, 25, 36)",12.218863365044953
"(12, 25, 42)",12.218863365044953
"(12, 25, 46)",12.218863365044953
"(0, 4, 17)",12.21774494285468
"(5, 41, 49)",12.217529165748232
"(12, 23, 33)",12.217439338587896
"(1, 3, 44)",12.217044732697186
"(2, 20, 39)",12.216618374047625
"(18, 20, 39)",12.216618374047625
"(20, 22, 39)",12.216618374047625
"(20, 27, 39)",12.216618374047625
"(20, 36, 39)",12.216618374047625
"(20, 39, 42)",12.216618374047625
"(20, 39, 46)",12.216618374047625
"(3, 20, 40)",12.21501353602718
"(19, 33, 49)",12.213808495963885
"(15, 19, 28)",12.213274276976216
"(13, 25, 46)",12.212674276131285
"(5, 28, 45)",12.211323758699999
"(8, 12, 32)",12.209887115178473
"(11, 19, 34)",12.204844551641182
"(6, 19, 34)",12.203641299537896
"(0, 11)",12.20279708550312
"(8, 35, 40)",12.202228111528411
"(0, 6)",12.200992207348191
"(20, 23, 26)",12.200716430010962
"(12, 15, 41)",12.198454354835864
"(31, 34, 35)",12.19824302724004
"(0, 1, 5)",12.197950703549253
"(16, 38, 42)",12.196346416620415
"(0, 16, 47)",12.195480526575414
"(1, 20, 33)",12.195207410126331
"(32, 47, 48)",12.19457842592897
"(2, 8)",12.194440423405537
"(24, 32, 44)",12.192279691141799
"(10, 38, 47)",12.192056352020966
"(15, 35, 38)",12.191493384757287
"(2, 12, 34)",12.191317084740021
"(12, 18, 34)",12.191317084740021
"(12, 27, 34)",12.191317084740021
"(12, 34, 36)",12.191317084740021
"(12, 34, 46)",12.191317084740021
"(3, 21, 30)",12.188844384922655
"(5, 11, 29)",12.188641899236611
"(5, 6, 29)",12.187438647133325
"(12, 17, 19)",12.185504368975613
"(13, 34, 46)",12.185127995826353
"(2, 28, 44)",12.184086957409137
"(21, 40, 47)",12.182522634911471
"(20, 28, 41)",12.180056007152015
"(0, 19, 28)",12.179078630790587
"(5, 32, 40)",12.176689669124984
"(20, 26, 45)",12.176060258198362
"(17, 21, 43)",12.175012359040736
"(15, 31, 32)",12.174205237977715
"(8, 21, 25)",12.171823827132819
"(8, 31, 39)",12.170828912825996
"(9, 38, 48)",12.170398421228105
"(11, 21, 39)",12.165434937254277
"(3, 13, 41)",12.165097579437413
"(19, 37, 48)",12.164304671474017
"(0, 12, 41)",12.164258708650234
"(6, 21, 39)",12.164231685150991
"(4, 19, 44)",12.163172090760549
"(17, 24, 26)",12.160697107600285
"(19, 39, 47)",12.159766904447363
"(8, 11, 48)",12.159694111185884
"(6, 8, 48)",12.158490859082598
"(0, 35, 38)",12.157297738571657
"(13, 14, 29)",12.155228793448593
"(24, 32, 43)",12.15476266931233
"(20, 29, 37)",12.15467844191602
"(13, 38, 49)",12.153831416054558
"(30, 38, 47)",12.151241738413624
"(5, 11, 23)",12.150964568392377
"(5, 6, 23)",12.14976131628909
"(1, 14, 26)",12.144948872773616
"(8, 21, 34)",12.144277546827887
"(3, 5, 24)",12.140354868137083
"(4, 16, 35)",12.139764503394428
"(24, 35, 44)",12.139731843618934
"(7, 20, 29)",12.138565194450457
"(3, 6, 30)",12.136892115238764
"(29, 48, 49)",12.136659163059246
"(2, 5, 49)",12.133806258867203
"(5, 22, 49)",12.133806258867203
"(5, 27, 49)",12.133806258867203
"(5, 36, 49)",12.133806258867203
"(13, 21, 48)",12.133679748087857
"(21, 26, 49)",12.13237468369244
"(12, 16, 23)",12.131793276261847
"(28, 34, 39)",12.130621815940573
"(4, 23, 39)",12.12832022801286
"(11, 15, 19)",12.128258914855994
"(16, 19, 49)",12.128162433637835
"(6, 15, 19)",12.12705566275271
"(16, 31, 42)",12.126510422317978
"(5, 11, 45)",12.126308396579777
"(29, 44, 47)",12.125788091203082
"(4, 19, 43)",12.125655068931081
"(5, 6, 45)",12.12510514447649
"(5, 35, 40)",12.124141821602121
"(27, 30)",12.12369499307023
"(30, 36)",12.12369499307023
"(19, 26, 38)",12.123690150458877
"(24, 40, 41)",12.122281305556358
"(10, 31, 47)",12.122220357718529
"(37, 38)",12.121664429777125
"(15, 31, 35)",12.12165739045485
"(28, 47)",12.120924628503655
"(17, 24, 48)",12.120677654932472
"(13, 14, 23)",12.117551462604359
"(20, 23, 37)",12.117001111071787
"(2, 12, 15)",12.114731447954833
"(12, 15, 18)",12.114731447954833
"(12, 15, 27)",12.114731447954833
"(12, 15, 36)",12.114731447954833
"(12, 15, 42)",12.114731447954833
"(12, 15, 46)",12.114731447954833
"(17, 20, 40)",12.113732905313402
"(5, 28, 44)",12.111593695439456
"(3, 33, 48)",12.110491445073038
"(1, 16, 20)",12.10956134780028
"(13, 15, 46)",12.108542359041165
"(16, 40, 48)",12.107325373001864
"(12, 16, 45)",12.107137104449247
"(9, 12, 19)",12.10480910779654
"(4, 39, 45)",12.103664056200262
"(6, 11, 49)",12.103412557175142
"(7, 20, 23)",12.100887863606223
"(23, 48, 49)",12.098981832215012
"(18, 20, 28)",12.096333100270984
"(20, 27, 28)",12.096333100270984
"(20, 28, 36)",12.096333100270984
"(20, 28, 42)",12.096333100270984
"(0, 11, 19)",12.094063268670364
"(6, 20, 41)",12.093837392928506
"(12, 33, 44)",12.093053103514753
"(0, 6, 19)",12.09286001656708
"(20, 37, 45)",12.092344939259187
"(4, 21, 24)",12.08761198355716
"(0, 31, 35)",12.08746174426922
"(13, 31, 49)",12.083995421752121
"(17, 25, 43)",12.082730155911744
"(30, 31, 47)",12.081405744111189
"(2, 3, 13)",12.081374672556382
"(3, 13, 18)",12.081374672556382
"(3, 13, 22)",12.081374672556382
"(3, 13, 27)",12.081374672556382
"(3, 13, 36)",12.081374672556382
"(3, 13, 42)",12.081374672556382
"(1, 4, 34)",12.080787010243691
"(0, 2, 12)",12.080535801769203
"(0, 12, 18)",12.080535801769203
"(0, 12, 27)",12.080535801769203
"(0, 12, 36)",12.080535801769203
"(0, 12, 42)",12.080535801769203
"(9, 24, 26)",12.080001846421212
"(4, 17, 47)",12.078147942734814
"(17, 24, 37)",12.07698178866111
"(20, 26, 44)",12.07633019493782
"(7, 20, 45)",12.076231691793623
"(5, 13, 33)",12.074797945154
"(45, 48, 49)",12.074325660402412
"(5, 28, 43)",12.074076673609987
"(5, 21, 41)",12.07304765782722
"(2, 8, 19)",12.071747597447294
"(4, 10, 40)",12.070552458894914
"(32, 38, 47)",12.070248585974655
"(33, 38, 40)",12.0686415953736
"(8, 15, 21)",12.067691910042699
"(12, 13, 40)",12.067405041987021
"(3, 26, 39)",12.06714181825194
"(8, 14, 41)",12.065648915137226
"(34, 40, 47)",12.062694151477547
"(17, 31, 38)",12.05692784815043
"(12, 33, 43)",12.055536081685286
"(10, 12, 26)",12.055482026734396
"(17, 34, 43)",12.05518387560681
"(33, 39, 49)",12.054570398143055
"(15, 28, 39)",12.054036179155387
"(8, 28, 31)",12.050543639049355
"(21, 37, 49)",12.048659364753265
"(3, 30, 39)",12.04816523908182
"(11, 34, 39)",12.045606453820351
"(11, 21, 28)",12.045149663477636
"(1, 7, 14)",12.045120306368878
"(6, 34, 39)",12.044403201717065
"(13, 25, 48)",12.041397544958865
"(25, 26, 49)",12.040092480563448
"(19, 37, 38)",12.039974831519702
"(19, 28, 47)",12.039481630670721
"(20, 26, 43)",12.038813173108352
"(22, 24, 40)",12.038558398675328
"(24, 27, 40)",12.038558398675328
"(24, 36, 40)",12.038558398675328
"(16, 21)",12.0372235710728
"(24, 27, 48)",12.036895958283626
"(8, 11, 38)",12.035364271231568
"(6, 8, 38)",12.034161019128284
"(9, 20, 40)",12.033037644134328
"(7, 21, 49)",12.032546117287701
"(5, 11, 44)",12.026578333319234
"(12, 17, 39)",12.026266271154782
"(12, 41, 47)",12.024661708530367
"(5, 26, 37)",12.023989056268713
"(19, 27, 30)",12.022590453264916
"(19, 30, 36)",12.022590453264916
"(0, 28, 39)",12.019840532969758
"(10, 14, 17)",12.018644922654174
"(31, 37)",12.016910438323471
"(12, 26, 30)",12.014667413127055
"(13, 34, 48)",12.013851264653933
"(26, 34, 49)",12.012546200258514
"(29, 38, 49)",12.012329323104932
"(2, 11, 20)",12.011317738150762
"(11, 18, 20)",12.011317738150762
"(11, 20, 27)",12.011317738150762
"(11, 20, 36)",12.011317738150762
"(11, 20, 42)",12.011317738150762
"(6, 18, 20)",12.010114486047476
"(6, 20, 27)",12.010114486047476
"(6, 20, 42)",12.010114486047476
"(6, 20, 46)",12.010114486047476
"(5, 8, 10)",12.009874063997025
"(13, 21, 38)",12.009349908133544
"(4, 23, 28)",12.00803495423622
"(5, 7, 26)",12.00787580880315
"(10, 13, 20)",12.005852688103573
"(37, 39, 48)",12.005066573653185
"(1, 4, 15)",12.004201373458503
"(1, 38, 48)",12.003354466825375
"(31, 32, 47)",12.00041259167222
"(31, 33, 40)",11.998805601071163
"(3, 17, 48)",11.997666055618208
"(3, 4, 8)",11.99710249080043
"(11, 47)",11.993401585323323
"(13, 14, 44)",11.993165227531216
"(7, 31)",11.992740567125123
"(20, 37, 44)",11.992614875998644
"(21, 29, 48)",11.992177655138232
"(6, 47)",11.991596707168394
"(2, 5, 21)",11.989324750946189
"(5, 21, 22)",11.989324750946189
"(5, 21, 27)",11.989324750946189
"(5, 21, 36)",11.989324750946189
"(5, 13, 16)",11.989151882827949
"(5, 11, 43)",11.989061311489767
"(7, 39, 48)",11.988953326187621
"(3, 4, 32)",11.987943156240592
"(5, 6, 43)",11.987858059386479
"(15, 40, 47)",11.98610851469236
"(33, 34)",11.98594993941099
"(3, 23, 41)",11.985918155643553
"(16, 19, 21)",11.98368092571682
"(4, 28, 45)",11.983378782423621
"(16, 38, 40)",11.98299553304755
"(8, 14, 18)",11.981926008256195
"(8, 14, 22)",11.981926008256195
"(8, 14, 27)",11.981926008256195
"(8, 14, 42)",11.981926008256195
"(8, 14, 46)",11.981926008256195
"(5, 25, 41)",11.980765454698227
"(7, 9, 24)",11.980173280016471
"(8, 20, 49)",11.979458314756794
"(15, 17, 43)",11.978598238821622
"(14, 17, 30)",11.977830309046833
"(9, 31, 38)",11.976232586971355
"(14, 23, 29)",11.976049369654733
"(8, 15, 25)",11.975409706913707
"(23, 38, 49)",11.974651992260698
"(10, 12, 37)",11.97176670779522
"(19, 31, 37)",11.970138837217265
"(0, 1, 4)",11.970005727272873
"(12, 16, 43)",11.969890019359237
"(11, 15, 39)",11.969020817035164
"(16, 39, 49)",11.968924335817004
"(26, 28, 48)",11.96849661881572
"(1, 12)",11.968349912588284
"(6, 15, 39)",11.96781756493188
"(8, 11, 31)",11.965528276929133
"(13, 20, 30)",11.965038074496233
"(6, 8, 31)",11.964325024825847
"(3, 5, 29)",11.963400791870484
"(3, 41, 45)",11.961261983830953
"(6, 11, 21)",11.958931049254128
"(25, 37, 49)",11.956377161624273
"(13, 14, 43)",11.955648205701749
"(21, 23, 48)",11.954500324294
"(11, 19, 47)",11.954466268550501
"(6, 19, 47)",11.953263016447213
"(5, 34, 41)",11.953219174393293
"(11, 25, 28)",11.952867460348644
"(14, 29, 45)",11.951393197842133
"(38, 45, 49)",11.949995820448098
"(19, 33, 34)",11.949498504608945
"(8, 15, 34)",11.947863426608773
"(9, 12, 39)",11.945571009975708
"(0, 17, 43)",11.944402592635992
"(29, 31, 49)",11.942493328802495
"(0, 8, 25)",11.941214060728077
"(2, 12, 47)",11.940938801649338
"(12, 18, 47)",11.940938801649338
"(12, 27, 47)",11.940938801649338
"(12, 36, 47)",11.940938801649338
"(12, 46, 47)",11.940938801649338
"(7, 25, 49)",11.94026391415871
"(13, 21, 31)",11.939513913831107
"(7, 20, 43)",11.938984606703613
"(1, 12, 19)",11.937765153393809
"(13, 15, 48)",11.937265627868745
"(43, 48, 49)",11.937078575312402
"(15, 26, 49)",11.935960563473326
"(0, 11, 39)",11.934825170849534
"(13, 46, 47)",11.93474971273567
"(3, 27, 48)",11.934269888142937
"(12, 26, 32)",11.933674260688086
"(0, 6, 39)",11.93362191874625
"(5, 29, 33)",11.933295852204374
"(21, 45, 48)",11.929844152481397
"(34, 37, 49)",11.928830881319339
"(12, 29, 40)",11.925902949037395
"(11, 28, 34)",11.92532118004371
"(5, 7, 37)",11.924160489863974
"(13, 24, 29)",11.923237812693456
"(4, 11, 23)",11.923019592115997
"(4, 6, 23)",11.921816340012713
"(3, 14, 29)",11.920417278577254
"(4, 14, 25)",11.915387435796362
"(7, 12, 30)",11.914838846722317
"(14, 23, 45)",11.913715866997899
"(16, 31, 40)",11.913159538745115
"(1, 24, 26)",11.912957892018479
"(7, 34, 49)",11.912717633853774
"(2, 8, 39)",11.912509499626463
"(12, 17, 28)",11.90598099737814
"(2, 4, 49)",11.905861282590823
"(4, 22, 49)",11.905861282590823
"(4, 42, 49)",11.905861282590823
"(4, 46, 49)",11.905861282590823
"(23, 31, 49)",11.904815997958261
"(2, 3, 23)",11.902195248762522
"(3, 18, 23)",11.902195248762522
"(3, 22, 23)",11.902195248762522
"(3, 23, 27)",11.902195248762522
"(3, 23, 36)",11.902195248762522
"(3, 23, 42)",11.902195248762522
"(3, 23, 46)",11.902195248762522
"(0, 26, 49)",11.901764917287696
"(25, 29, 48)",11.89989545200924
"(16, 25)",11.898800266379315
"(4, 11, 45)",11.898363420303397
"(4, 6, 45)",11.897160168200113
"(2, 5, 25)",11.897042547817197
"(5, 22, 25)",11.897042547817197
"(5, 25, 27)",11.897042547817197
"(5, 25, 36)",11.897042547817197
"(14, 17, 32)",11.896837156607864
"(4, 35, 40)",11.896196845325742
"(5, 23, 33)",11.89561852136014
"(21, 25, 26)",11.895610972642434
"(8, 21, 47)",11.893899263737204
"(16, 19, 25)",11.891398722587828
"(13, 34, 38)",11.889521424699618
"(11, 14, 35)",11.889064971911388
"(40, 49)",11.888594345851297
"(5, 8, 32)",11.888066297950715
"(5, 7, 22)",11.886266076427969
"(13, 23, 24)",11.885560481849222
"(28, 37, 48)",11.884781299876543
"(19, 40, 49)",11.88459477556915
"(13, 20, 32)",11.884044922057264
"(4, 28, 44)",11.883648719163078
"(11, 26, 48)",11.883481256695497
"(6, 26, 48)",11.882278004592212
"(12, 26, 35)",11.881126413165223
"(37, 38, 39)",11.880736733698871
"(28, 39, 47)",11.880243532849892
"(31, 45, 49)",11.880159826145661
"(3, 18, 45)",11.877539076949923
"(3, 22, 45)",11.877539076949923
"(3, 27, 45)",11.877539076949923
"(3, 36, 45)",11.877539076949923
"(3, 45, 46)",11.877539076949923
"(14, 42, 45)",11.876854055491098
"(5, 15, 41)",11.876633537608106
"(19,)",11.876595635004858
"(10, 19, 48)",11.873976824711942
"(15, 19, 33)",11.872912867823757
"(10, 48)",11.872667419565486
"(29, 34, 48)",11.872349171704306
"(15, 33)",11.871071484233209
"(20, 28, 49)",11.870511491801226
"(2, 5, 34)",11.869496267512263
"(5, 22, 34)",11.869496267512263
"(5, 27, 34)",11.869496267512263
"(5, 34, 36)",11.869496267512263
"(7, 28, 48)",11.86866805241098
"(21, 26, 34)",11.8680646923375
"(21, 29, 38)",11.867847815183918
"(0, 3, 7)",11.866815051911589
"(6, 11, 25)",11.866648846125136
"(1, 20, 40)",11.865993689731596
"(10, 20, 29)",11.864350595153947
"(16, 19, 34)",11.863852442282894
"(5, 17, 19)",11.863683551747856
"(12, 40, 45)",11.863569446380563
"(23, 25, 48)",11.862218121165007
"(3, 41, 44)",11.86153192057041
"(3, 31, 46)",11.858469916948163
"(16, 34)",11.857480845921913
"(5, 17)",11.857227510119355
"(3, 9, 17)",11.856655171810846
"(15, 37, 49)",11.852245244534153
"(38, 44, 49)",11.850265757187554
"(12, 32, 37)",11.84995894174891
"(11, 15, 28)",11.848735543258522
"(6, 33, 49)",11.848066510142905
"(13, 25, 31)",11.847231710702115
"(4, 28, 43)",11.846131697333611
"(3, 14, 24)",11.844733768980964
"(14, 17, 35)",11.844289309085
"(0, 5, 41)",11.842437891422476
"(20, 33, 41)",11.839694597999555
"(6, 11, 34)",11.839102565820202
"(0, 19, 33)",11.838717221638127
"(25, 45, 48)",11.837561949352406
"(7, 15, 49)",11.836131997068588
"(23, 34, 48)",11.834671840860072
"(7, 12, 32)",11.833845694283347
"(19, 30, 48)",11.833162211104604
"(13, 20, 35)",11.8314970745344
"(21, 23, 38)",11.830170484339684
"(3, 42, 47)",11.828630385070364
"(10, 20, 23)",11.826673264309713
"(9, 12, 28)",11.825285736199067
"(8, 17, 20)",11.825109534139132
"(16, 21, 39)",11.82444282789599
"(20, 29, 30)",11.823535981546607
"(11, 12, 17)",11.820965635257918
"(0, 33)",11.819778014954764
"(6, 12, 17)",11.819762383154634
"(13, 31, 34)",11.819685430397183
"(8, 16, 48)",11.818702001827596
"(0, 37, 49)",11.818049598348523
"(0, 11, 28)",11.814539897072892
"(14, 29, 43)",11.814146112752123
"(14, 23, 44)",11.813985803737356
"(1, 7, 24)",11.81312932561374
"(13, 15, 38)",11.81293578791443
"(38, 43, 49)",11.812748735358088
"(21, 25, 37)",11.811895653703258
"(30, 48)",11.811445499154477
"(31, 37, 39)",11.810900739396436
"(34, 45, 48)",11.810015669047473
"(5, 16, 23)",11.809972459034089
"(1, 31, 38)",11.809188632568624
"(21, 38, 45)",11.805514312527084
"(17, 43, 47)",11.804805592516129
"(10, 20, 45)",11.802017092497113
"(8, 25, 47)",11.801617060608212
"(11, 37, 48)",11.799765937756323
"(4, 11, 44)",11.798633357042855
"(6, 37, 48)",11.798562685653035
"(21, 29, 31)",11.79801182088148
"(12, 35, 37)",11.797411094226048
"(7, 21, 25)",11.795782406237695
"(15, 29, 48)",11.795763534919118
"(11, 39, 47)",11.795228170729668
"(7, 31, 39)",11.79478749193087
"(6, 39, 47)",11.794024918626384
"(2, 5, 15)",11.792910630727075
"(5, 15, 22)",11.792910630727075
"(5, 15, 27)",11.792910630727075
"(5, 15, 36)",11.792910630727075
"(21, 43, 48)",11.792597067391387
"(15, 21, 26)",11.791479055552312
"(33, 34, 39)",11.790260406788114
"(14, 26, 41)",11.78943606064684
"(14, 44, 45)",11.789329631924756
"(15, 16, 19)",11.787266805497708
"(10, 17, 24)",11.786653941899036
"(20, 23, 30)",11.785858650702373
"(5, 16, 45)",11.78531628722149
"(21, 34, 37)",11.784349373398324
"(7, 11, 48)",11.783652690290758
"(5, 9, 19)",11.782988290568781
"(6, 7, 48)",11.782449438187474
"(7, 12, 35)",11.781297846760484
"(31, 44, 49)",11.780429762885118
"(8, 33, 38)",11.780018224199331
"(0, 13, 38)",11.7787401417288
"(1, 12, 39)",11.778527055572978
"(2, 3, 44)",11.77780901368938
"(3, 18, 44)",11.77780901368938
"(3, 22, 44)",11.77780901368938
"(3, 27, 44)",11.77780901368938
"(3, 36, 44)",11.77780901368938
"(3, 42, 44)",11.77780901368938
"(3, 44, 46)",11.77780901368938
"(0, 24, 48)",11.777147375163409
"(8, 34, 47)",11.774070780303278
"(5, 33, 44)",11.771232286286997
"(1, 10, 14)",11.770905707072368
"(0, 3, 32)",11.770214521670951
"(7, 21, 34)",11.76823612593276
"(12, 40, 44)",11.76383938312002
"(13, 47, 48)",11.76347298156325
"(3, 11, 35)",11.762682357363293
"(6, 11, 15)",11.762516929035016
"(6, 16, 49)",11.762420447816854
"(20, 30, 45)",11.761202478889773
"(13, 24, 44)",11.76117424677608
"(4, 11, 43)",11.761116335213387
"(21, 23, 31)",11.760334490037248
"(4, 6, 43)",11.759913083110103
"(11, 26, 38)",11.759151416741183
"(0, 2, 5)",11.758714984541445
"(0, 5, 22)",11.758714984541445
"(0, 5, 27)",11.758714984541445
"(0, 5, 36)",11.758714984541445
"(10, 21, 49)",11.758331517991191
"(15, 23, 48)",11.758086204074885
"(6, 26, 38)",11.757948164637897
"(2, 20, 33)",11.755971691118525
"(20, 22, 33)",11.755971691118525
"(20, 33, 36)",11.755971691118525
"(20, 33, 42)",11.755971691118525
"(20, 33, 46)",11.755971691118525
"(16, 20, 41)",11.754048535673505
"(0, 16, 19)",11.753071159312078
"(19, 32, 48)",11.752169058665633
"(14, 43, 45)",11.751812610095289
"(10, 19, 38)",11.749646984757629
"(35, 41, 48)",11.748203159146104
"(29, 34, 38)",11.74801933174999
"(17, 24, 30)",11.745839328291696
"(5, 13, 40)",11.745584224759265
"(8, 9, 20)",11.744414272960059
"(23, 24, 29)",11.744058388899596
"(13, 15, 31)",11.743099793611995
"(27, 28, 30)",11.743067081667444
"(28, 30, 36)",11.743067081667444
"(31, 43, 49)",11.742912741055651
"(15, 16)",11.742602390744132
"(20, 29, 32)",11.742542829107638
"(3, 18, 43)",11.740291991859912
"(3, 22, 43)",11.740291991859912
"(3, 27, 43)",11.740291991859912
"(3, 36, 43)",11.740291991859912
"(3, 42, 43)",11.740291991859912
"(3, 43, 46)",11.740291991859912
"(9, 11, 12)",11.740270374078845
"(19, 21, 40)",11.740113267648136
"(6, 9, 12)",11.739067121975559
"(5, 9)",11.736184618350745
"(21, 31, 45)",11.735678318224647
"(5, 33, 43)",11.73371526445753
"(5, 10, 26)",11.73366120950664
"(15, 45, 48)",11.733430032262286
"(3, 6, 44)",11.72964168682703
"(0, 6, 11)",11.728321282849386
"(12, 40, 43)",11.726322361290553
"(39, 40, 49)",11.72535667774832
"(13, 24, 43)",11.72365722494661
"(10, 39, 48)",11.714738726891113
"(15, 33, 39)",11.713674770002928
"(23, 34, 38)",11.710342000905758
"(8, 31, 33)",11.710182229896896
"(3, 6, 28)",11.709023351715825
"(0, 13, 31)",11.708904147426365
"(19, 30, 38)",11.708832371150288
"(15, 21, 37)",11.707763736613137
"(2, 8, 11)",11.7072088637296
"(9, 10, 24)",11.705958680719963
"(21, 38, 44)",11.705784249266541
"(25, 29, 31)",11.705729617752489
"(14, 37, 41)",11.705720741707665
"(2, 14, 26)",11.70571315376581
"(14, 18, 26)",11.70571315376581
"(14, 22, 26)",11.70571315376581
"(14, 26, 27)",11.70571315376581
"(14, 26, 42)",11.70571315376581
"(14, 26, 46)",11.70571315376581
"(20, 23, 32)",11.704865498263404
"(16, 34, 39)",11.704614344462064
"(5, 17, 39)",11.704445453927026
"(16, 21, 28)",11.704157554119348
"(5, 41, 47)",11.70284089130261
"(14, 24, 42)",11.702705215638082
"(10, 20, 44)",11.70228702923657
"(25, 43, 48)",11.700314864262396
"(19, 35, 48)",11.69962121114277
"(15, 25, 26)",11.69919685242332
"(19, 33, 47)",11.699120221518264
"(8, 15, 47)",11.69748514351809
"(8, 16, 38)",11.694372161873282
"(7, 15, 21)",11.691650489147573
"(0, 16)",11.691308921465687
"(28, 31, 37)",11.690615465619794
"(20, 29, 35)",11.689994981584775
"(32, 48)",11.68995577049602
"(1, 3, 17)",11.689611217408114
"(7, 14, 41)",11.689607494242102
"(10, 38)",11.686172659634014
"(34, 38, 45)",11.685685829093158
"(4, 24, 25)",11.683396455041224
"(19, 29, 44)",11.683378723939747
"(20, 32, 45)",11.680209326450804
"(10, 19, 31)",11.679810990455191
"(0, 33, 39)",11.679479123817298
"(37, 47, 49)",11.678452598228656
"(29, 31, 34)",11.678183337447555
"(11, 37, 38)",11.675436097802008
"(11, 28, 47)",11.674942896953027
"(7, 28, 31)",11.67450221815423
"(6, 37, 38)",11.674232845698722
"(24, 31, 46)",11.673059712654954
"(34, 43, 48)",11.672768583957462
"(21, 40)",11.671872083969774
"(15, 26, 34)",11.671650572118386
"(15, 29, 38)",11.671433694964804
"(2, 16, 20)",11.670325628792474
"(16, 18, 20)",11.670325628792474
"(16, 20, 22)",11.670325628792474
"(16, 20, 36)",11.670325628792474
"(16, 20, 46)",11.670325628792474
"(28, 33, 34)",11.669975133011473
"(21, 38, 43)",11.668267227437074
"(23, 25, 31)",11.668052286908257
"(4, 23, 33)",11.66767354508376
"(10, 25, 49)",11.6660493148622
"(9, 24, 30)",11.665144067112623
"(0, 25, 26)",11.66500120623769
"(17, 24, 32)",11.664846175852727
"(10, 20, 43)",11.664770007407103
"(0, 8, 47)",11.66328949733246
"(7, 47, 49)",11.662339350763093
"(20, 30, 44)",11.66147241562923
"(1, 12, 28)",11.658241781796336
"(11, 27, 30)",11.658051719547222
"(11, 30, 36)",11.658051719547222
"(2, 17, 28)",11.656653442120065
"(20, 23, 35)",11.652317650740539
"(14, 43, 44)",11.652082546834746
"(5, 10, 37)",11.649945890567464
"(1, 14, 32)",11.649097941026058
"(5, 16, 43)",11.648069202131477
"(25, 31, 45)",11.643396115095655
"(2, 4, 34)",11.641551291235885
"(4, 18, 34)",11.641551291235885
"(4, 22, 34)",11.641551291235885
"(4, 34, 46)",11.641551291235885
"(10, 12, 30)",11.640624247425807
"(23, 31, 34)",11.64050600660332
"(13, 38, 47)",11.639143141608937
"(19, 30, 31)",11.638996376847853
"(10, 34, 49)",11.638503034557266
"(19, 39)",11.637738488273612
"(8, 26, 35)",11.637391885863757
"(8, 12, 29)",11.637279577863127
"(0, 29, 38)",11.637238048779174
"(21, 31, 44)",11.635948254964104
"(4, 17, 19)",11.635738575471478
"(15, 23, 38)",11.63375636412057
"(15, 16, 39)",11.628028707676876
"(19, 32, 38)",11.627839218711319
"(20, 35, 45)",11.62766147892794
"(25, 30, 49)",11.62523470125486
"(30, 38)",11.624950739223003
"(8, 16, 31)",11.624536167570845
"(20, 30, 43)",11.623955393799761
"(5, 9, 39)",11.623750192747952
"(2, 14, 37)",11.621997834826635
"(14, 18, 37)",11.621997834826635
"(14, 22, 37)",11.621997834826635
"(14, 27, 37)",11.621997834826635
"(14, 37, 42)",11.621997834826635
"(14, 37, 46)",11.621997834826635
"(29, 47, 48)",11.621970888613625
"(19, 34, 40)",11.62028478421421
"(2, 5, 47)",11.619117984421582
"(5, 22, 47)",11.619117984421582
"(5, 27, 47)",11.619117984421582
"(5, 36, 47)",11.619117984421582
"(6, 16, 21)",11.61793893989584
"(3, 4, 13)",11.616334570949432
"(1, 5, 19)",11.615944336166052
"(31, 34, 45)",11.615849834790723
"(15, 25, 37)",11.615481533484145
"(16, 19, 47)",11.613474159192211
"(17, 24, 35)",11.612298328329864
"(16, 25, 28)",11.611875350990356
"(5, 26, 32)",11.61185344346033
"(35, 48)",11.611133999211726
"(29, 44)",11.610684753707366
"(33, 47)",11.610382514774965
"(3, 14, 34)",11.610004151541784
"(3, 18, 49)",11.609777662796114
"(15, 38, 45)",11.60910019230797
"(2, 7, 14)",11.605884587361071
"(7, 14, 18)",11.605884587361071
"(7, 14, 27)",11.605884587361071
"(7, 14, 42)",11.605884587361071
"(7, 14, 46)",11.605884587361071
"(11, 31, 37)",11.60560010349957
"(6, 31, 37)",11.604396851396286
"(5, 29, 40)",11.604082131809639
"(15, 29, 31)",11.601597700662367
"(8, 12, 23)",11.599602247018893
"(0, 23, 38)",11.59956071793494
"(7, 15, 25)",11.599368286018581
"(21, 31, 43)",11.598431233134637
"(30, 34, 49)",11.597688420949925
"(1, 14, 35)",11.596550093503193
"(15, 43, 48)",11.596182947172274
"(10, 28, 48)",11.594453453114472
"(0, 16, 39)",11.593833061491246
"(15, 28, 33)",11.593389496226287
"(32, 39, 48)",11.592930960844802
"(10, 38, 39)",11.590408886936798
"(7, 11, 31)",11.589486856034007
"(6, 11, 47)",11.588724282729519
"(6, 7, 31)",11.588283603930723
"(15, 34, 37)",11.587935253179213
"(34, 38, 44)",11.585955765832615
"(3, 26, 47)",11.585737886994474
"(16, 28, 34)",11.584329070685422
"(23, 47, 48)",11.584293557769389
"(5, 17, 28)",11.584160180150384
"(9, 24, 32)",11.584150914673653
"(6, 33, 34)",11.583756518787965
"(12, 19, 41)",11.582252341267031
"(24, 29, 43)",11.582155131996984
"(4, 16, 23)",11.582027482757711
"(23, 24, 44)",11.58199482298222
"(10, 31)",11.58141866818036
"(0, 25, 37)",11.581285887298515
"(21, 39, 40)",11.580875169827305
"(20, 32, 44)",11.580479263190261
"(1, 8, 20)",11.577370318557328
"(19, 35, 38)",11.575291371188456
"(8, 40, 48)",11.575134343758911
"(8, 12, 45)",11.574946075206293
"(0, 38, 45)",11.57490454612234
"(1, 11, 12)",11.573226419676114
"(1, 6, 12)",11.572023167572828
"(7, 15, 34)",11.571822005713647
"(4, 20, 48)",11.571117701622315
"(9, 45, 48)",11.569805395657152
"(13, 31, 47)",11.5693071473065
"(0, 29, 31)",11.567402054476737
"(12, 17, 33)",11.565619588225681
"(2, 4, 15)",11.564965654450697
"(4, 15, 18)",11.564965654450697
"(4, 15, 22)",11.564965654450697
"(4, 15, 42)",11.564965654450697
"(4, 15, 46)",11.564965654450697
"(2, 38, 48)",11.564118747817567
"(18, 38, 48)",11.564118747817567
"(22, 38, 48)",11.564118747817567
"(36, 38, 48)",11.564118747817567
"(38, 42, 48)",11.564118747817567
"(38, 46, 48)",11.564118747817567
"(15, 23, 31)",11.563920369818135
"(10, 15, 49)",11.561917397772078
"(45, 47, 48)",11.55963738595679
"(10, 12, 32)",11.559631094986837
"(5, 26, 35)",11.559305595937467
"(0, 28, 33)",11.559193850040657
"(19, 31, 32)",11.558003224408882
"(24, 26, 41)",11.557445079891703
"(4, 16, 45)",11.557371310945111
"(0, 3, 46)",11.556273030427727
"(2, 3, 6)",11.554803350469324
"(31, 35, 41)",11.554037324889354
"(8, 35, 37)",11.553676566924581
"(28, 30, 48)",11.55363883950713
"(3, 19, 22)",11.550726400350129
"(17, 20, 26)",11.548896679648747
"(34, 38, 43)",11.548438744003146
"(15, 19, 40)",11.543699147429022
"(25, 31, 44)",11.543666051835112
"(4, 33, 44)",11.543287310010617
"(20, 32, 43)",11.542962241360794
"(16, 26, 48)",11.54248914733721
"(5, 40, 45)",11.541748629152805
"(35, 39, 48)",11.540383113321939
"(33, 39, 47)",11.539882123697431
"(15, 31, 45)",11.539264198005535
"(1, 10, 24)",11.53891472631723
"(7, 8, 35)",11.537563319459018
"(21, 37, 47)",11.533971090307642
"(9, 24, 35)",11.53160306715079
"(0, 2, 4)",11.530770008265067
"(0, 4, 18)",11.530770008265067
"(0, 4, 22)",11.530770008265067
"(0, 4, 42)",11.530770008265067
"(0, 23, 31)",11.529724723632505
"(5, 32, 37)",11.528138124521154
"(20, 35, 44)",11.527931415667398
"(0, 10, 49)",11.527721751586448
"(6, 16, 25)",11.525656736766848
"(24, 44, 48)",11.523737970657555
"(10, 21, 25)",11.521567806941185
"(15, 30, 49)",11.52110278416474
"(10, 31, 39)",11.520572892634362
"(30, 31)",11.52019674776935
"(11, 40, 49)",11.520056041851456
"(6, 40, 49)",11.51885278974817
"(12, 30, 32)",11.518816481379499
"(7, 21, 47)",11.517857842842078
"(31, 34, 44)",11.51611977153018
"(4, 17)",11.515310045704787
"(3, 28, 46)",11.512552983350588
"(0, 3, 48)",11.512279462423031
"(5, 7, 32)",11.512024877055591
"(20, 40, 41)",11.51048087760482
"(10, 11, 48)",11.509438090994248
"(6, 10, 48)",11.508234838890964
"(15, 16, 28)",11.507743433900234
"(6, 15, 33)",11.507170882002779
"(10, 12, 35)",11.507083247463974
"(3, 22, 28)",11.506429674711551
"(25, 31, 43)",11.506149030005645
"(4, 33, 43)",11.50577028818115
"(19, 31, 35)",11.505455376886019
"(0, 31, 45)",11.505068551819905
"(26, 33, 38)",11.503805369708946
"(5, 9, 28)",11.50346491897131
"(32, 38)",11.50346101056455
"(5, 11, 17)",11.499144818030162
"(2, 12, 19)",11.498529434386
"(12, 18, 19)",11.498529434386
"(12, 19, 27)",11.498529434386
"(12, 19, 36)",11.498529434386
"(12, 19, 42)",11.498529434386
"(12, 19, 46)",11.498529434386
"(6, 16, 34)",11.498110456461914
"(5, 6, 17)",11.497941565926876
"(29, 38, 47)",11.49764104865931
"(10, 21, 34)",11.494021526636251
"(13, 19, 46)",11.492340345472334
"(34, 40)",11.492129358818886
"(0, 30, 49)",11.48690713797911
"(1, 5)",11.485618686746648
"(16, 47)",11.48191342128589
"(12, 16, 17)",11.479973525899632
"(31, 34, 43)",11.478602749700713
"(4, 17, 39)",11.476500477650646
"(4, 20, 21)",11.47581155560562
"(5, 35, 37)",11.475590276998291
"(8, 12, 44)",11.47521601194575
"(24, 37, 41)",11.473729760952528
"(2, 24, 26)",11.473722173010673
"(22, 24, 26)",11.473722173010673
"(24, 26, 27)",11.473722173010673
"(24, 26, 36)",11.473722173010673
"(0, 16, 28)",11.473547787714605
"(0, 6, 33)",11.472975235817149
"(15, 38, 43)",11.47185310721796
"(11, 30, 48)",11.46862347738691
"(32, 38, 39)",11.468601120890487
"(9, 20, 26)",11.468201418469674
"(12, 30, 35)",11.466268633856636
"(13, 14, 17)",11.465731712242144
"(12, 14, 22)",11.465488229689456
"(17, 20, 37)",11.465181360709572
"(34, 35, 49)",11.464147420988091
"(34, 39, 40)",11.461046686393379
"(23, 38, 47)",11.459963717815075
"(5, 7, 35)",11.459477029532728
"(16, 37, 48)",11.458773828398034
"(7, 24, 41)",11.457616513486963
"(19, 28)",11.457310577608649
"(1, 5, 39)",11.45670623834522
"(16, 39, 47)",11.454236061371383
"(2, 8, 33)",11.451862816697362
"(8, 19, 21)",11.451489896473866
"(8, 38, 40)",11.450804503804596
"(9, 38, 45)",11.445475555702838
"(7, 16, 48)",11.44266058093247
"(24, 31, 48)",11.442304105283151
"(5, 40, 44)",11.442018565892262
"(25, 37, 47)",11.44168888717865
"(19, 28, 39)",11.437834165586555
"(8, 12, 43)",11.437698990116282
"(0, 38, 43)",11.43765746103233
"(38, 45, 47)",11.435307546002477
"(12, 41)",11.435080694398119
"(3, 38, 41)",11.429576396738105
"(29, 31, 47)",11.427805054356874
"(18, 20, 40)",11.42675797072379
"(20, 22, 40)",11.42675797072379
"(20, 27, 40)",11.42675797072379
"(20, 36, 40)",11.42675797072379
"(20, 40, 42)",11.42675797072379
"(20, 40, 46)",11.42675797072379
"(7, 25, 47)",11.425575639713086
"(35, 38)",11.424639239280253
"(3, 13, 26)",11.424243502099712
"(12, 39, 41)",11.423014243446202
"(43, 47, 48)",11.42239030086678
"(4, 10, 37)",11.422000914291084
"(6, 15, 16)",11.421524819676728
"(4, 16, 43)",11.420124225855101
"(28, 35, 48)",11.420097839545297
"(24, 43, 44)",11.420091566079607
"(33, 37, 38)",11.42009005076977
"(28, 33, 47)",11.41959684992079
"(12, 13, 37)",11.418853497383191
"(5, 9, 11)",11.418449556851087
"(16, 26, 38)",11.418159307382895
"(10, 15, 21)",11.417435889851063
"(5, 6, 9)",11.417246304747803
"(1, 24, 32)",11.417106960270921
"(35, 38, 39)",11.416053273367623
"(10, 14, 41)",11.415392894945592
"(34, 37, 47)",11.414142606873718
"(5, 40, 43)",11.404501544062793
"(28, 29, 44)",11.403855352342275
"(7, 12, 13)",11.402740249917628
"(30, 33, 36)",11.402705672514985
"(15, 31, 43)",11.402017112915523
"(10, 28, 31)",11.400287618857721
"(21, 25, 32)",11.399760040894876
"(9, 12, 16)",11.399278264720557
"(39,)",11.398881341542365
"(31, 32, 39)",11.398765126588051
"(31, 32)",11.398707019110894
"(7, 34, 47)",11.398029359408152
"(16, 42, 49)",11.392414816066033
"(2, 4, 47)",11.391173008145202
"(4, 18, 47)",11.391173008145202
"(4, 22, 47)",11.391173008145202
"(4, 46, 47)",11.391173008145202
"(3, 6, 22)",11.390621258963364
"(23, 31, 47)",11.390127723512638
"(2, 24, 37)",11.390006854071498
"(22, 24, 37)",11.390006854071498
"(24, 27, 37)",11.390006854071498
"(24, 36, 37)",11.390006854071498
"(10, 47, 49)",11.388124751466584
"(1, 4, 19)",11.387999359889672
"(15, 35, 49)",11.387561784202905
"(0, 6, 16)",11.387329173491098
"(6, 32, 48)",11.386427072844654
"(12, 32, 35)",11.385275481417665
"(10, 11, 38)",11.385108251039934
"(15, 39, 40)",11.384461049608193
"(6, 10, 38)",11.383904998936648
"(8, 31, 40)",11.38096850950216
"(15, 40)",11.377250903641105
"(9, 31, 45)",11.375639561400403
"(11, 21, 40)",11.375574533930441
"(14, 30, 41)",11.374578281338252
"(6, 21, 40)",11.374371281827155
"(2, 7, 24)",11.373893606605932
"(7, 24, 27)",11.373893606605932
"(7, 24, 36)",11.373893606605932
"(21, 32, 34)",11.37221376058994
"(18, 31, 38)",11.369952913560816
"(22, 31, 38)",11.369952913560816
"(31, 36, 38)",11.369952913560816
"(31, 38, 42)",11.369952913560816
"(19, 40, 47)",11.369906501123527
"(7, 9, 20)",11.368372852064933
"(0, 31, 43)",11.367821466729893
"(9, 48, 49)",11.366466820673724
"(2, 8, 16)",11.366216754371312
"(31, 45, 47)",11.36547155170004
"(1, 24, 35)",11.364559112748058
"(3, 21, 33)",11.36436383342729
"(3, 44, 48)",11.362727035110776
"(17, 19, 43)",11.362396225252791
"(12, 26, 29)",11.36106672337274
"(28, 30, 31)",11.35947300525038
"(8, 19, 25)",11.359207693344874
"(4, 17, 28)",11.356215203874005
"(0, 35, 49)",11.353366138017275
"(11, 19, 39)",11.352818803466333
"(6, 19, 39)",11.351615551363047
"(31, 33, 37)",11.350254056467334
"(8, 14, 24)",11.347710461544889
"(30, 47, 49)",11.347310137859242
"(31, 35, 39)",11.346217279065188
"(0, 24, 46)",11.344481366511122
"(11, 30, 38)",11.344293637432594
"(2, 12, 39)",11.339291336565172
"(12, 18, 39)",11.339291336565172
"(12, 27, 39)",11.339291336565172
"(12, 36, 39)",11.339291336565172
"(12, 39, 42)",11.339291336565172
"(12, 39, 46)",11.339291336565172
"(3, 12, 40)",11.337686498544725
"(15, 37, 47)",11.33755697008853
"(1, 5, 28)",11.336420964568578
"(38, 44, 47)",11.335577482741932
"(16, 37, 38)",11.33444398844372
"(7, 31, 33)",11.33414080900177
"(3, 17, 41)",11.334098405281338
"(16, 28, 47)",11.333950787594741
"(6, 35, 48)",11.333879225321791
"(6, 33, 47)",11.333378235697282
"(13, 39, 46)",11.333102247651503
"(3, 39, 43)",11.332172238140451
"(2, 10, 14)",11.331669988064561
"(10, 14, 18)",11.331669988064561
"(10, 14, 27)",11.331669988064561
"(10, 14, 42)",11.331669988064561
"(8, 19, 34)",11.331661413039942
"(11, 19)",11.329787534428316
"(13, 46)",11.328235274491771
"(6, 19)",11.327982656273388
"(10, 15, 25)",11.325153686722071
"(14, 17, 29)",11.324229619292518
"(12, 23, 26)",11.323389392528506
"(17, 38, 49)",11.322832241898483
"(7, 15, 47)",11.321443722622966
"(13, 19, 48)",11.321063614299913
"(31, 35)",11.3198852478266
"(19, 26, 49)",11.319758549904495
"(11, 29, 44)",11.318839990222052
"(1, 12, 33)",11.317880372643877
"(16, 30, 36)",11.317059610188934
"(5, 8, 29)",11.31545876063537
"(10, 11, 31)",11.315272256737497
"(6, 10, 31)",11.314069004634213
"(4, 40, 45)",11.313803652876427
"(13, 20, 29)",11.311437384741918
"(2, 12)",11.309496334076574
"(12, 18)",11.309496334076574
"(12, 27)",11.309496334076574
"(12, 36)",11.309496334076574
"(12, 42)",11.309496334076574
"(12, 46)",11.309496334076574
"(3, 7, 17)",11.308259969804766
"(1, 3, 47)",11.307334006186522
"(8, 14, 49)",11.303764185389392
"(0, 37, 47)",11.3033613239029
"(12, 28, 41)",11.30272896966956
"(1, 20, 26)",11.301157464066941
"(26, 40, 48)",11.298921489268526
"(12, 26, 45)",11.298733220715906
"(38, 43, 47)",11.298060460912465
"(10, 15, 34)",11.29760740641714
"(15, 21, 32)",11.295628123804754
"(14, 32, 41)",11.293585128899283
"(8, 21, 39)",11.292251798653037
"(0, 10, 25)",11.290958040536442
"(2, 14, 30)",11.290855374457221
"(14, 18, 30)",11.290855374457221
"(14, 30, 42)",11.290855374457221
"(14, 30, 46)",11.290855374457221
"(14, 17, 23)",11.286552288448284
"(15, 25, 30)",11.284339073114731
"(5, 8, 23)",11.277781429791135
"(12, 29, 37)",11.277351404433565
"(1, 3, 37)",11.275299958626253
"(11, 30, 31)",11.274457643130159
"(24, 28, 46)",11.274026151060827
"(13, 20, 23)",11.273760053897684
"(4, 11, 17)",11.271199841753782
"(4, 6, 17)",11.269996589650498
"(31, 44, 47)",11.265741488439495
"(33, 40, 49)",11.264709994819219
"(16, 31, 37)",11.264607994141285
"(8, 10, 35)",11.263348720162508
"(6, 32, 38)",11.262097232890339
"(14, 17, 45)",11.261896116635684
"(7, 12, 29)",11.261238156968002
"(5, 19, 41)",11.260431524039275
"(15, 30, 34)",11.256792792809797
"(11, 34, 40)",11.255746050496516
"(8, 15, 19)",11.255075776254754
"(6, 34, 40)",11.25454279839323
"(3, 9, 41)",11.253403144102265
"(5, 8, 45)",11.253125257978535
"(17, 31, 49)",11.252996247596048
"(1, 5, 11)",11.251405602448358
"(2, 3, 17)",11.250375498400308
"(3, 17, 18)",11.250375498400308
"(3, 17, 22)",11.250375498400308
"(3, 17, 27)",11.250375498400308
"(3, 17, 36)",11.250375498400308
"(3, 17, 46)",11.250375498400308
"(1, 5, 6)",11.250202350345072
"(0, 25, 30)",11.250143426929101
"(7, 16, 31)",11.24849474667572
"(16, 21, 42)",11.247933308145019
"(6, 16, 47)",11.247732173371233
"(4, 35, 37)",11.247645300721912
"(5, 17, 33)",11.243798770997925
"(10, 21, 47)",11.24364324354557
"(9, 38, 49)",11.242136980719408
"(3, 33, 45)",11.241088873762843
"(12, 23, 37)",11.239674073589331
"(8, 21)",11.238937027208372
"(5, 10, 32)",11.237810277759081
"(12, 17, 40)",11.236405867830946
"(19, 37, 49)",11.23604323096532
"(13, 17, 24)",11.233740731487007
"(12, 22, 24)",11.233497248934318
"(11, 19, 28)",11.232533529689691
"(1, 12, 16)",11.232234310317827
"(1, 4, 39)",11.228761262068842
"(31, 43, 47)",11.22822446661003
"(28, 31, 35)",11.225932005288549
"(7, 12, 23)",11.223560826123768
"(8, 30, 35)",11.222534106555168
"(9, 21, 48)",11.22198531275271
"(8, 20, 41)",11.22185750643055
"(0, 8, 19)",11.220880130069125
"(12, 18, 28)",11.21900606278853
"(12, 27, 28)",11.21900606278853
"(12, 28, 36)",11.21900606278853
"(12, 28, 42)",11.21900606278853
"(28, 39)",11.218453430877403
"(1, 13, 14)",11.217992496660338
"(6, 12, 41)",11.216510355446053
"(37, 40, 48)",11.215206170329349
"(12, 37, 45)",11.215017901776733
"(4, 40, 44)",11.214073589615884
"(39, 40, 47)",11.210668403302698
"(2, 14, 32)",11.209862222018252
"(14, 18, 32)",11.209862222018252
"(14, 22, 32)",11.209862222018252
"(14, 27, 32)",11.209862222018252
"(14, 32, 42)",11.209862222018252
"(14, 32, 46)",11.209862222018252
"(6, 35, 38)",11.209549385367476
"(13, 21, 49)",11.205418307579162
"(15, 25, 32)",11.203345920675762
"(1, 7, 20)",11.201328897662203
"(1, 48, 49)",11.199422866270993
"(7, 40, 48)",11.199092922863786
"(12, 26, 44)",11.199003157455364
"(7, 12, 45)",11.198904654311168
"(13, 19, 38)",11.1967337743456
"(6, 31, 32)",11.192261238587903
"(5, 10, 35)",11.185262430236218
"(10, 24, 41)",11.183401914190455
"(12, 14, 20)",11.18034612454591
"(19, 29, 48)",11.179561521350287
"(11, 15, 40)",11.179160413711328
"(16, 40, 49)",11.179063932493168
"(17, 21, 38)",11.178350733977469
"(6, 15, 40)",11.177957161608044
"(2, 5, 19)",11.176708617158244
"(5, 19, 27)",11.176708617158244
"(5, 19, 36)",11.176708617158244
"(4, 40, 43)",11.176556567786417
"(15, 32, 34)",11.175799640370828
"(19, 21, 26)",11.175277041983481
"(10, 17, 20)",11.174853513947498
"(26, 38, 40)",11.17459164931421
"(8, 34, 39)",11.17242331521911
"(9, 31, 49)",11.172300986416973
"(8, 21, 28)",11.171966524876396
"(3, 9, 18)",11.169680237221234
"(3, 9, 22)",11.169680237221234
"(3, 9, 27)",11.169680237221234
"(3, 9, 36)",11.169680237221234
"(3, 9, 42)",11.169680237221234
"(3, 9, 46)",11.169680237221234
"(10, 16, 48)",11.168445981635962
"(14, 21, 35)",11.164238195594939
"(14, 17, 44)",11.162166053375142
"(13, 39, 48)",11.161825516479084
"(12, 26, 43)",11.161486135625896
"(5, 16, 17)",11.158152708671874
"(2, 14, 35)",11.157314374495389
"(14, 18, 35)",11.157314374495389
"(14, 22, 35)",11.157314374495389
"(14, 27, 35)",11.157314374495389
"(14, 35, 42)",11.157314374495389
"(14, 35, 46)",11.157314374495389
"(24, 28, 38)",11.156458335151893
"(9, 12, 40)",11.155710606651873
"(16, 25, 42)",11.155651105016027
"(5, 8, 44)",11.153395194717993
"(9, 13, 24)",11.153045470307934
"(10, 25, 47)",11.151361040416578
"(13, 20, 44)",11.149373818824541
"(3, 9, 14)",11.14679903481379
"(6, 11, 19)",11.146314915466183
"(0, 3, 21)",11.144969431130349
"(1, 4)",11.14370122233208
"(24, 30, 41)",11.142587300583115
"(19, 23, 48)",11.141884190506055
"(8, 32, 35)",11.141540954116198
"(6, 31, 35)",11.13971339106504
"(3, 7, 44)",11.138926212401449
"(8, 18, 20)",11.13813459954952
"(8, 20, 22)",11.13813459954952
"(8, 20, 27)",11.13813459954952
"(8, 20, 42)",11.13813459954952
"(8, 20, 46)",11.13813459954952
"(17, 20, 30)",11.134038900340158
"(2, 11, 12)",11.133990700668306
"(11, 12, 18)",11.133990700668306
"(11, 12, 27)",11.133990700668306
"(11, 12, 36)",11.133990700668306
"(11, 12, 42)",11.133990700668306
"(3, 30, 37)",11.132970358260112
"(6, 12, 18)",11.132787448565022
"(6, 12, 27)",11.132787448565022
"(6, 12, 42)",11.132787448565022
"(6, 12, 46)",11.132787448565022
"(20, 23, 29)",11.132257960948058
"(17, 43)",11.131102460859935
"(10, 33, 38)",11.129762204007697
"(9, 25, 48)",11.129703109623717
"(3, 31, 48)",11.128633724431273
"(10, 12, 13)",11.128525650621118
"(16, 30, 48)",11.12763136802862
"(13, 19, 31)",11.126897780043162
"(6, 13, 46)",11.126598359651354
"(10, 34, 47)",11.123814760111642
"(15, 34, 35)",11.123251792847967
"(3, 27, 31)",11.122719898451706
"(21, 32, 47)",11.121835477499259
"(19, 45, 48)",11.117228018693453
"(40, 47)",11.116561934182863
"(5, 8, 43)",11.115878172888525
"(12, 37, 44)",11.11528783851619
"(13, 25, 49)",11.11313610445017
"(13, 20, 43)",11.111856796995074
"(25, 30, 47)",11.110546426809236
"(17, 21, 31)",11.108514739675034
"(1, 4, 28)",11.1084759882922
"(20, 29, 45)",11.107601789135458
"(11, 14, 46)",11.105831514409482
"(9, 34, 48)",11.102156829318783
"(5, 39, 41)",11.101193426218444
"(8, 25)",11.100513722514885
"(2, 10, 24)",11.099679007309424
"(10, 24, 27)",11.099679007309424
"(10, 24, 36)",11.099679007309424
"(9, 21, 38)",11.097655472798394
"(19, 33, 39)",11.097472756434096
"(5, 13, 37)",11.097032680155435
"(8, 15, 39)",11.095837678433924
"(9, 10, 20)",11.094158252768423
"(3, 4, 27)",11.093656859331185
"(17, 24, 29)",11.092238638537381
"(19, 21, 37)",11.091561723044306
"(11, 39)",11.090930387697071
"(37, 38, 40)",11.090876330375036
"(4, 10, 30)",11.09085845392167
"(6, 39)",11.089125509542143
"(30, 33, 38)",11.088947590400357
"(12, 13, 30)",11.087711037013777
"(8, 11, 21)",11.086951162756172
"(1, 3, 41)",11.086359189699532
"(6, 8, 21)",11.085747910652888
"(13, 34, 49)",11.085589824145236
"(30, 34, 47)",11.083000146504304
"(19, 25, 26)",11.08299483885449
"(17, 28, 43)",11.082872853655319
"(8, 19, 47)",11.08128312994926
"(5, 7, 13)",11.080919432689871
"(8, 25, 28)",11.079684321747404
"(5, 9, 16)",11.077457447492801
"(37, 39, 49)",11.07680513314449
"(3, 20, 29)",11.076625869870579
"(1, 14, 29)",11.076490403710713
"(1, 38, 49)",11.07509302631668
"(11, 28, 39)",11.07329543186886
"(4, 20, 25)",11.071596027089686
"(20, 23, 45)",11.069924458291224
"(3, 35, 36)",11.066925478237662
"(14, 25, 35)",11.06394016448587
"(21, 29, 49)",11.063916214629536
"(29, 33, 44)",11.063493943189815
"(5, 32, 35)",11.063454664189909
"(7, 12, 43)",11.061657569221158
"(0, 8, 39)",11.061642032248294
"(24, 32, 41)",11.061594148144145
"(7, 39, 49)",11.060691885678924
"(11, 14, 22)",11.060684811097586
"(10, 31, 33)",11.05992620970526
"(8, 34)",11.059194302057485
"(2, 24, 30)",11.058864393702084
"(17, 34, 38)",11.058522250543543
"(19, 26, 34)",11.055448558549555
"(19, 29, 38)",11.055231681395973
"(1, 21, 48)",11.054941358349978
"(17, 23, 24)",11.054561307693145
"(2, 28, 41)",11.053401414411484
"(9, 20, 30)",11.053343639161085
"(17, 20, 32)",11.053045747901189
"(8, 28, 34)",11.052138041442468
"(15, 16, 42)",11.051519187925905
"(10, 15, 47)",11.047229123326456
"(16, 32, 48)",11.04663821558965
"(10, 16, 38)",11.044116141681647
"(13, 48)",11.043297603947442
"(13, 28, 48)",11.041540242702442
"(26, 49)",11.041340007354314
"(5, 26, 29)",11.039245906144984
"(1, 14, 23)",11.038813072866478
"(28,)",11.038025520212441
"(13, 38, 39)",11.037495676524768
"(16, 21, 40)",11.034582424572154
"(20, 42, 45)",11.033062646784423
"(25, 32, 47)",11.029553274370267
"(9, 21, 31)",11.027819478495958
"(21, 23, 49)",11.026238883785302
"(9, 15, 48)",11.025571192533597
"(1, 4, 11)",11.023460626171978
"(1, 4, 6)",11.022257374068692
"(31, 37, 40)",11.0210403360726
"(29, 39, 48)",11.020323423529456
"(30, 31, 33)",11.019111596097922
"(19, 23, 38)",11.01755435055174
"(2, 5, 39)",11.017470519337413
"(5, 22, 39)",11.017470519337413
"(5, 27, 39)",11.017470519337413
"(5, 36, 39)",11.017470519337413
"(0, 16, 42)",11.017323541740275
"(3, 11, 46)",11.017073946840913
"(17, 25, 31)",11.016232536546042
"(4, 17, 33)",11.015853794721547
"(1, 14, 45)",11.014156901053878
"(0, 10, 47)",11.013033477140826
"(16, 19, 39)",11.011826694108045
"(9, 24, 29)",11.011543377358308
"(4, 14, 26)",11.011310491252997
"(8, 26, 48)",11.010298118094255
"(13, 15, 49)",11.009004187360048
"(32, 33, 38)",11.007954437961388
"(12, 13, 32)",11.006717884574808
"(15, 30, 47)",11.006414509719116
"(11, 40, 47)",11.005367767405833
"(1, 31, 49)",11.005257032014242
"(7, 31, 40)",11.004927088607035
"(6, 40, 47)",11.004164515302548
"(16, 30, 38)",11.003301528074307
"(14, 16, 33)",11.003215078543485
"(1, 3, 22)",11.002636282818502
"(1, 3, 27)",11.002636282818502
"(1, 3, 36)",11.002636282818502
"(1, 3, 42)",11.002636282818502
"(1, 3, 46)",11.002636282818502
"(32, 34, 47)",11.002006994065333
"(3, 28, 32)",11.001780349724417
"(21, 45, 49)",11.001582711972702
"(5, 23, 26)",11.00156857530075
"(3, 20, 24)",11.000942360274289
"(17, 20, 35)",11.000497900378324
"(33, 34, 40)",11.000400003464279
"(19, 25, 37)",10.999279519915314
"(11, 17, 43)",10.997857491535097
"(6, 17, 43)",10.99665423943181
"(1, 5, 33)",10.996059555416121
"(8, 11, 25)",10.99466895962718
"(16, 35, 48)",10.994090368066788
"(6, 8, 25)",10.993465707523896
"(19, 38, 45)",10.99289817873914
"(17, 31, 34)",10.988686256241106
"(1, 12, 40)",10.988666652249142
"(3, 16, 27)",10.987104086758238
"(6, 11, 39)",10.987076817645352
"(3, 22, 30)",10.987027974600045
"(10, 12, 29)",10.987023557671492
"(1, 13, 24)",10.986001515905201
"(14, 25, 38)",10.985562671128125
"(19, 29, 31)",10.985395687093536
"(23, 39, 48)",10.982646092685222
"(15, 17, 38)",10.981936613758357
"(5, 28, 41)",10.980908152441803
"(19, 43, 48)",10.979980933603443
"(15, 19, 26)",10.978862921764367
"(2, 24, 32)",10.977871241263115
"(22, 24, 32)",10.977871241263115
"(24, 27, 32)",10.977871241263115
"(24, 32, 36)",10.977871241263115
"(9, 34, 38)",10.97782698936447
"(19, 28, 33)",10.977187482657454
"(5, 26, 45)",10.97691240348815
"(8, 15, 28)",10.975552404657282
"(0, 13, 49)",10.974808541174419
"(10, 16, 31)",10.974280147379211
"(9, 23, 24)",10.973866046514072
"(9, 20, 32)",10.972350486722116
"(0, 30, 47)",10.972218863533486
"(19, 34, 37)",10.97173323961038
"(25, 29, 49)",10.971634011500544
"(3, 11, 22)",10.970401464757694
"(20, 29, 43)",10.970354704045448
"(20, 23, 44)",10.970194395030681
"(2, 18, 28)",10.969678507530453
"(2, 27, 28)",10.969678507530453
"(2, 28, 36)",10.969678507530453
"(2, 28, 42)",10.969678507530453
"(13, 21, 25)",10.968654596529156
"(13, 31, 39)",10.967659682222333
"(8, 11, 34)",10.967122679322248
"(6, 8, 34)",10.965919427218962
"(3, 10, 46)",10.963996853674294
"(1, 25, 48)",10.962659155220987
"(12, 33, 41)",10.9623675605171
"(14, 35, 47)",10.96006261585267
"(39, 45, 48)",10.957989920872624
"(4, 10, 35)",10.957317453959838
"(11, 13, 48)",10.956524880582219
"(5, 29, 37)",10.955530587205809
"(33, 35, 38)",10.955406590438525
"(6, 13, 48)",10.955321628478934
"(11, 26, 49)",10.955219816186801
"(12, 13, 35)",10.954170037051945
"(6, 26, 49)",10.954016564083515
"(5, 41)",10.952349468556482
"(10, 12, 23)",10.949346226827258
"(2, 4, 19)",10.948763640881864
"(4, 18, 19)",10.948763640881864
"(4, 19, 42)",10.948763640881864
"(4, 19, 46)",10.948763640881864
"(8, 12, 17)",10.947782496656679
"(0, 17, 38)",10.947740967572727
"(19, 23, 31)",10.947718356249304
"(3, 8, 13)",10.946772336379782
"(19, 33)",10.94676846387996
"(12, 29, 30)",10.946208944064152
"(10, 19, 49)",10.945715384203247
"(20, 26, 41)",10.945644651940166
"(20, 44, 45)",10.945538223218081
"(0, 19, 26)",10.944667275578738
"(8, 15)",10.944315846879704
"(29, 34, 49)",10.944087731195609
"(3, 23, 43)",10.941585770074571
"(0, 8, 28)",10.941356758471652
"(13, 21, 34)",10.941108316224222
"(5, 7, 29)",10.939417339740245
"(31, 32, 33)",10.93811844365895
"(9, 25, 31)",10.935537275366967
"(1, 34, 48)",10.935112874916053
"(23, 25, 49)",10.93395668065631
"(16, 30, 31)",10.93346553377187
"(21, 37, 39)",10.932323625223475
"(21, 24, 35)",10.932247214839801
"(1, 21, 38)",10.930611518395665
"(4, 16, 17)",10.930207732395496
"(17, 24, 44)",10.930175072620004
"(1, 10, 20)",10.927114298365693
"(24, 28, 49)",10.926761119736222
"(8, 37, 48)",10.926582799155081
"(18, 20, 49)",10.926476675397124
"(15, 32, 47)",10.925421357280147
"(2, 24, 35)",10.92532339374025
"(22, 24, 35)",10.92532339374025
"(24, 27, 35)",10.92532339374025
"(10, 40, 48)",10.924878323567278
"(10, 12, 45)",10.924690055014658
"(15, 33, 40)",10.923814366679093
"(19, 31, 45)",10.923062184436702
"(16, 32, 38)",10.922308375635335
"(8, 39, 47)",10.922045032128429
"(9, 20, 35)",10.91980263919925
"(5, 23, 37)",10.917853256361575
"(4, 30, 35)",10.9165028403525
"(7, 21, 39)",10.91621037775791
"(37, 49)",10.915767028945552
"(16, 34, 40)",10.914753941138228
"(5, 17, 40)",10.91458505060319
"(1, 14, 44)",10.914426837793336
"(15, 17, 31)",10.91210061945592
"(11, 28)",10.910502477032107
"(7, 8, 48)",10.910469551689516
"(1, 5, 16)",10.910413493090068
"(25, 45, 49)",10.90930050884371
"(12, 23, 30)",10.908531613219917
"(20, 43, 45)",10.908021201388614
"(9, 31, 34)",10.907990995062033
"(23, 34, 49)",10.906410400351376
"(19, 30, 49)",10.904900770595907
"(21, 44, 49)",10.901852648712158
"(5, 7, 23)",10.901740008896011
"(9, 15, 38)",10.901241352579282
"(28, 29, 48)",10.900038149752815
"(3, 32, 49)",10.899158114070682
"(5, 27, 28)",10.897185245560772
"(5, 28, 36)",10.897185245560772
"(29, 38, 39)",10.895993583575141
"(21, 26, 28)",10.895753670386009
"(15, 19, 37)",10.895147602825192
"(5, 6, 41)",10.894689538218294
"(5, 37, 45)",10.893197084548975
"(19, 38, 44)",10.893168115478597
"(0, 8)",10.893022377601259
"(7, 49)",10.891597157747206
"(16, 19, 28)",10.891541420331404
"(6, 19, 33)",10.890968868433946
"(8, 11, 15)",10.89053704253706
"(6, 8, 15)",10.889333790433774
"(14, 21, 30)",10.886226490018805
"(8, 26, 38)",10.885968278139941
"(31, 33, 35)",10.885570596136088
"(12, 30, 45)",10.88387544140732
"(3, 9, 37)",10.88240905331515
"(34, 45, 49)",10.881754228538776
"(2, 12, 33)",10.87864465363607
"(12, 33, 36)",10.87864465363607
"(12, 33, 42)",10.87864465363607
"(12, 33, 46)",10.87864465363607
"(14, 24, 36)",10.87797983289559
"(0, 17, 31)",10.87790497327029
"(5, 26, 44)",10.877182340227607
"(5, 7, 45)",10.877083837083411
"(12, 16, 41)",10.876721498191051
"(1, 3, 9)",10.875985487597319
"(1, 3, 43)",10.872820109695896
"(13, 33, 46)",10.872455564722403
"(2, 3, 45)",10.871784139652553
"(11, 37, 49)",10.871504497247626
"(6, 37, 49)",10.87030124514434
"(16, 35, 38)",10.869760528112472
"(15, 29, 49)",10.867502094410423
"(8, 9, 12)",10.867087235477605
"(0, 9, 38)",10.867045706393652
"(3, 27, 33)",10.86605310293008
"(12, 29, 32)",10.865215791625182
"(13, 15, 21)",10.864522679439034
"(21, 43, 49)",10.864335626882692
"(13, 14, 41)",10.862479684533563
"(23, 28, 48)",10.86236081890858
"(20, 37, 41)",10.86192933300099
"(2, 20, 26)",10.861921745059135
"(18, 20, 26)",10.861921745059135
"(20, 22, 26)",10.861921745059135
"(20, 26, 27)",10.861921745059135
"(20, 26, 36)",10.861921745059135
"(20, 26, 42)",10.861921745059135
"(20, 26, 46)",10.861921745059135
"(0, 19, 37)",10.860951956639562
"(1, 21, 31)",10.860775524093228
"(20, 24, 42)",10.858913806931406
"(1, 15, 48)",10.858527238130865
"(5, 14, 20)",10.858525307318152
"(23, 38, 39)",10.858316252730909
"(13, 38)",10.85680284401597
"(0, 8, 11)",10.85634139635143
"(19, 38, 43)",10.85565109364913
"(7, 11, 49)",10.855391249782063
"(0, 6, 8)",10.855138144248144
"(6, 7, 49)",10.854187997678777
"(16, 31, 32)",10.852472381332902
"(9, 47, 48)",10.8517785462281
"(9, 24, 44)",10.849479811440931
"(13, 28, 31)",10.847374408445692
"(7, 20, 41)",10.845816085535427
"(1, 24, 29)",10.844499422955575
"(2, 3, 31)",10.844371248136527
"(41, 48, 49)",10.843910054144215
"(5, 26, 43)",10.83966531839814
"(3, 9, 33)",10.838673833033797
"(15, 16, 40)",10.83816830435304
"(28, 45, 48)",10.837704647095983
"(13, 47, 49)",10.835211541054555
"(6, 14, 30)",10.834274220334914
"(5, 9, 40)",10.833889789424116
"(38, 39, 45)",10.833660080918309
"(0, 29, 49)",10.833306448224793
"(11, 13, 38)",10.832195040627905
"(24, 25, 35)",10.831949183730734
"(9, 15, 31)",10.831405358276847
"(29, 48)",10.831044464523004
"(6, 13, 38)",10.830991788524619
"(15, 23, 49)",10.829824763566188
"(12, 23, 32)",10.827538460780948
"(21, 25, 29)",10.82715250357953
"(2, 5)",10.826765108234937
"(5, 22)",10.826765108234937
"(5, 27)",10.826765108234937
"(5, 36)",10.826765108234937
"(29, 31, 39)",10.826157589272706
"(10, 12, 44)",10.824959991754115
"(21, 26)",10.824617745472793
"(19, 31, 44)",10.82333212117616
"(35, 41, 49)",10.819941718637407
"(0, 24, 34)",10.818784230815183
"(16, 19)",10.818299370390886
"(28, 33, 39)",10.817949384836623
"(11, 29, 48)",10.815022787632593
"(6, 29, 48)",10.813819535529309
"(12, 29, 35)",10.81266794410232
"(34, 37, 39)",10.81249514178955
"(2, 5, 11)",10.81216988344055
"(5, 11, 27)",10.81216988344055
"(5, 11, 36)",10.81216988344055
"(21, 28, 37)",10.812038351446834
"(9, 24, 43)",10.811962789611464
"(5, 6, 27)",10.810966631337264
"(1, 34, 38)",10.810783034961737
"(11, 21, 26)",10.810738308265787
"(25, 44, 49)",10.809570445583166
"(6, 21, 26)",10.8095350561625
"(20, 43, 44)",10.808291138128071
"(17, 38, 47)",10.80814396745286
"(14, 33, 48)",10.807873550169187
"(1, 23, 24)",10.806822092111341
"(5, 10, 13)",10.806704833393361
"(6, 16, 19)",10.805322806107895
"(1, 20, 32)",10.805306532319383
"(15, 45, 49)",10.805168591753588
"(25, 26, 28)",10.803471467257017
"(32, 40, 48)",10.803070557520966
"(12, 32, 45)",10.802882288968348
"(8, 37, 38)",10.802252959200768
"(8, 28, 47)",10.801759758351787
"(10, 19, 21)",10.801233876282232
"(10, 38, 40)",10.800548483612962
"(16, 31, 35)",10.799924533810039
"(21, 29, 34)",10.799606223274594
"(2, 3, 43)",10.798595370737043
"(0, 9, 31)",10.797209712091217
"(7, 34, 39)",10.796381894323986
"(7, 21, 28)",10.795925103981268
"(0, 23, 49)",10.795629117380559
"(5, 37, 44)",10.793467021288432
"(2, 12, 16)",10.79299859131002
"(12, 16, 18)",10.79299859131002
"(12, 16, 36)",10.79299859131002
"(12, 16, 46)",10.79299859131002
"(11, 24, 46)",10.79196565868741
"(2, 4, 39)",10.789525543061036
"(4, 18, 39)",10.789525543061036
"(4, 22, 39)",10.789525543061036
"(4, 39, 42)",10.789525543061036
"(4, 39, 46)",10.789525543061036
"(21, 23, 25)",10.789475172735296
"(23, 31, 39)",10.788480258428471
"(3, 4, 40)",10.78792070504059
"(10, 12, 43)",10.787442969924648
"(13, 16, 46)",10.786809502396352
"(10, 39, 49)",10.786477286382416
"(19, 31, 43)",10.785815099346692
"(8, 27, 30)",10.784868580945982
"(3, 35, 43)",10.784700751027277
"(12, 30, 44)",10.784145378146777
"(11,)",10.782979433851775
"(34, 44, 49)",10.782024165278234
"(6, 11)",10.781174555696847
"(6,)",10.779369677541919
"(4, 24, 26)",10.77931951049786
"(2, 13, 14)",10.778756777652532
"(13, 14, 18)",10.778756777652532
"(13, 14, 22)",10.778756777652532
"(13, 14, 27)",10.778756777652532
"(13, 14, 42)",10.778756777652532
"(2, 20, 37)",10.77820642611996
"(18, 20, 37)",10.77820642611996
"(20, 22, 37)",10.77820642611996
"(20, 27, 37)",10.77820642611996
"(20, 36, 37)",10.77820642611996
"(20, 37, 42)",10.77820642611996
"(20, 37, 46)",10.77820642611996
"(11, 23, 48)",10.77734545678836
"(6, 23, 48)",10.776142204685073
"(26, 28, 34)",10.775925186952083
"(11, 14, 41)",10.775111463507075
"(12, 23, 35)",10.774990613258083
"(23, 48)",10.774528468256651
"(13, 15, 25)",10.772240476310042
"(25, 43, 49)",10.7720534237537
"(19, 35, 49)",10.771359770634074
"(16, 24, 33)",10.771224097788348
"(0, 45, 49)",10.770972945567959
"(1, 25, 31)",10.768493320964236
"(19, 39, 40)",10.76825903603936
"(1, 4, 33)",10.768114579139741
"(1, 3, 30)",10.766966829845513
"(3, 41, 43)",10.766694405573144
"(21, 25, 45)",10.764819000922696
"(14, 26, 39)",10.76452392334809
"(31, 39, 45)",10.763824086615873
"(11, 13, 31)",10.762359046325468
"(2, 7, 20)",10.762093178654396
"(7, 18, 20)",10.762093178654396
"(7, 20, 27)",10.762093178654396
"(7, 20, 36)",10.762093178654396
"(7, 20, 42)",10.762093178654396
"(7, 20, 46)",10.762093178654396
"(21, 23, 34)",10.761928892430362
"(6, 13, 31)",10.761155794222184
"(2, 48, 49)",10.760187147263185
"(22, 48, 49)",10.760187147263185
"(36, 48, 49)",10.760187147263185
"(42, 48, 49)",10.760187147263185
"(46, 48, 49)",10.760187147263185
"(3, 18, 33)",10.754799495359453
"(12, 14, 28)",10.754511772552881
"(24, 25, 38)",10.753571690372988
"(1, 20, 35)",10.752758684796518
"(11, 45, 48)",10.752689284975759
"(13, 31)",10.752048852562316
"(6, 45, 48)",10.751486032872474
"(35, 40, 48)",10.750522709998103
"(12, 35, 45)",10.750334441445485
"(33, 40, 47)",10.750021720373596
"(12, 30, 43)",10.74662835631731
"(8, 16, 21)",10.745959053397886
"(14, 30, 39)",10.74554734417797
"(3, 7, 38)",10.745456339870936
"(13, 15, 34)",10.74469419600511
"(34, 43, 49)",10.744507143448764
"(17, 33, 43)",10.74251144450286
"(3, 8, 36)",10.742154941405566
"(1, 31, 34)",10.740947040659302
"(5, 7, 43)",10.739836751993401
"(17, 31, 47)",10.738307973150425
"(0, 13, 25)",10.738044830124412
"(45, 48)",10.737544210537752
"(21, 34, 45)",10.737272720617762
"(15, 37, 39)",10.735909505004361
"(29, 40, 44)",10.73428022279508
"(1, 15, 38)",10.734197398176551
"(8, 31, 37)",10.73241696489833
"(16, 28, 39)",10.732303322510573
"(3, 13, 45)",10.73179519261091
"(6, 33, 39)",10.731730770613115
"(10, 31, 40)",10.730712489310527
"(24, 35, 47)",10.728071635097534
"(9, 38, 47)",10.727448706273787
"(11, 21, 37)",10.727022989326612
"(6, 21, 37)",10.725819737223325
"(15, 21, 29)",10.723020586489408
"(19, 37, 47)",10.721354956519697
"(14, 29, 41)",10.720977591583937
"(7, 15, 39)",10.719796257538798
"(25, 28, 37)",10.719756148317842
"(11, 25, 26)",10.718456105136795
"(6, 25, 26)",10.717252853033509
"(8, 11, 47)",10.716744396231565
"(7, 8, 31)",10.716303717432766
"(6, 8, 47)",10.71554114412828
"(8, 33, 34)",10.711776632290011
"(7, 11, 21)",10.710909741861048
"(6, 7, 21)",10.709706489757762
"(10, 19, 25)",10.70895167315324
"(33, 39)",10.707911317148714
"(28, 29, 31)",10.705872315496064
"(3, 10, 22)",10.705557600994947
"(7, 25, 28)",10.703642900852277
"(12, 32, 44)",10.703152225707806
"(3, 37, 43)",10.702876947144803
"(0, 37, 39)",10.701713858818731
"(28, 43, 48)",10.70045756200597
"(1, 8, 12)",10.700043281074873
"(0, 1, 38)",10.700001751990921
"(26, 33, 49)",10.699873769154564
"(21, 41, 48)",10.699428546223201
"(15, 26, 28)",10.699339550166895
"(21, 37)",10.69904476706403
"(14, 17, 48)",10.695048160714357
"(11, 16, 24)",10.694980379184393
"(4, 8, 14)",10.69448459589658
"(4, 12, 48)",10.69379066413986
"(29, 47, 49)",10.693709448104928
"(28, 34, 37)",10.692209868012908
"(11, 26, 34)",10.690909824831861
"(10, 24, 46)",10.690820686424708
"(13, 21, 47)",10.69073003313354
"(11, 29, 38)",10.69069294767828
"(4, 23, 37)",10.689908280085195
"(6, 26, 34)",10.689706572728575
"(6, 29, 38)",10.689489695574993
"(4, 17, 40)",10.68664007432681
"(25, 26)",10.686194440779305
"(15, 21, 23)",10.685343255645174
"(4, 14, 32)",10.685325261336741
"(5, 13, 32)",10.684897067347052
"(8, 47)",10.68362687742146
"(1, 2, 3)",10.683496749394298
"(14, 23, 41)",10.683300260739703
"(1, 4, 16)",10.68246851681369
"(1, 24, 44)",10.682435857038199
"(5, 24, 46)",10.682248417613652
"(10, 19, 34)",10.681405392848307
"(19, 21, 32)",10.679426110235923
"(32, 38, 40)",10.67874071756665
"(7, 28, 34)",10.676096620547344
"(7, 21)",10.674874895865683
"(3, 11, 41)",10.672347374520067
"(12, 17, 26)",10.671569642166292
"(4, 18, 28)",10.669240269284394
"(4, 28, 42)",10.669240269284394
"(23, 28, 31)",10.66819498465183
"(19, 25, 30)",10.6681370595459
"(15, 43, 49)",10.667921506663578
"(3, 7, 10)",10.667800211845027
"(1, 5, 40)",10.666845835021384
"(12, 32, 43)",10.665635203878338
"(4, 37, 45)",10.665252108272597
"(5, 10, 29)",10.665202740443736
"(0, 26, 28)",10.665143903981265
"(21, 25, 44)",10.665088937662153
"(16, 40, 47)",10.664375658047547
"(1, 15, 31)",10.664361403874114
"(2, 3, 9)",10.663359524090431
"(15, 21, 45)",10.660687083832574
"(14, 41, 45)",10.658644088927103
"(9, 31, 47)",10.65761271197135
"(16, 17, 43)",10.65686538217681
"(23, 47, 49)",10.656032117260693
"(21, 24, 30)",10.654235509263668
"(8, 16, 25)",10.653676850268894
"(11, 23, 38)",10.653015616834045
"(6, 23, 38)",10.651812364730759
"(12, 35, 44)",10.650604378184942
"(26, 37, 48)",10.650369944664696
"(31, 41, 49)",10.649744219887465
"(2, 3, 41)",10.647123470691726
"(3, 18, 41)",10.647123470691726
"(3, 22, 41)",10.647123470691726
"(3, 36, 41)",10.647123470691726
"(3, 41, 42)",10.647123470691726
"(3, 41, 46)",10.647123470691726
"(3, 4, 41)",10.646701066866784
"(6, 16, 39)",10.646084708287065
"(26, 34)",10.644875020321903
"(29, 38)",10.64454970459153
"(28, 31, 45)",10.643538812839232
"(10, 21, 39)",10.641995778461402
"(9, 45, 49)",10.641543955148457
"(19, 30, 34)",10.640590779240966
"(5, 33, 41)",10.640546743289343
"(21, 34, 44)",10.63754265735722
"(2, 14, 29)",10.637254684702906
"(14, 18, 29)",10.637254684702906
"(14, 22, 29)",10.637254684702906
"(14, 27, 29)",10.637254684702906
"(14, 29, 42)",10.637254684702906
"(14, 29, 46)",10.637254684702906
"(8, 10, 48)",10.636254952393008
"(2, 38, 49)",10.635857307308871
"(22, 38, 49)",10.635857307308871
"(27, 38, 49)",10.635857307308871
"(36, 38, 49)",10.635857307308871
"(38, 42, 49)",10.635857307308871
"(38, 46, 49)",10.635857307308871
"(8, 15, 33)",10.635190995504823
"(11, 25, 37)",10.63474078619762
"(7, 26, 48)",10.634256697199131
"(0, 43, 49)",10.633725860477949
"(6, 25, 37)",10.633537534094334
"(12, 40, 41)",10.633153840122366
"(5, 13, 35)",10.632349219824189
"(3, 6, 36)",10.63176392869504
"(14, 27, 48)",10.631651993239087
"(45, 47, 49)",10.631375945448095
"(15, 25, 29)",10.630738383360416
"(4, 14, 20)",10.630580331041774
"(13, 24, 41)",10.630488703778425
"(0, 1, 31)",10.630165757688484
"(11, 38, 45)",10.628359445021445
"(21, 25, 43)",10.627571915832686
"(5, 10, 23)",10.627525409599501
"(6, 38, 45)",10.627156192918159
"(35, 38, 40)",10.626192870043788
"(8, 16, 34)",10.626130569963959
"(5, 8, 17)",10.62596167942892
"(13, 17, 20)",10.62194030353547
"(12, 20, 22)",10.62169682098278
"(11, 29, 31)",10.620856953375842
"(3, 34, 42)",10.620752154333063
"(6, 29, 31)",10.619653701272558
"(7, 11, 25)",10.618627538732056
"(6, 7, 25)",10.61742428662877
"(33, 37, 49)",10.616158450215389
"(2, 21, 48)",10.61570563934217
"(18, 21, 48)",10.61570563934217
"(21, 22, 48)",10.61570563934217
"(21, 36, 48)",10.61570563934217
"(21, 42, 48)",10.61570563934217
"(21, 46, 48)",10.61570563934217
"(15, 28, 37)",10.615624231227722
"(13, 16, 48)",10.615532771223933
"(11, 43, 48)",10.615442199885749
"(11, 15, 26)",10.614324188046673
"(6, 43, 48)",10.614238947782464
"(16, 26, 49)",10.614227706828514
"(6, 15, 26)",10.613120935943389
"(35, 39, 49)",10.612121672813242
"(31, 32, 40)",10.608904723264216
"(11, 34, 37)",10.607194505892686
"(25, 41, 48)",10.60714634309421
"(6, 34, 37)",10.6059912537894
"(10, 15, 19)",10.604819756063119
"(15, 29, 34)",10.603192103055482
"(5, 10, 45)",10.602869237786901
"(1, 3, 18)",10.60251029244177
"(6, 24, 30)",10.602283239579776
"(0, 8, 33)",10.600995349319193
"(7, 33, 49)",10.600045202749826
"(21, 34, 43)",10.60002563552775
"(2, 14, 23)",10.599577353858672
"(14, 18, 23)",10.599577353858672
"(14, 22, 23)",10.599577353858672
"(14, 23, 27)",10.599577353858672
"(14, 23, 42)",10.599577353858672
"(14, 23, 46)",10.599577353858672
"(7, 15, 28)",10.599510983762157
"(5, 24, 42)",10.598675578570859
"(4, 12, 21)",10.598484518123168
"(13, 25, 47)",10.598447830004549
"(3, 4, 29)",10.596678411947483
"(0, 25, 29)",10.596542737174786
"(8, 30, 48)",10.595440338785668
"(15, 23, 25)",10.593061052516182
"(7, 11, 34)",10.59108125842712
"(9, 12, 26)",10.590874380987218
"(6, 7, 34)",10.589878006323836
"(23, 38)",10.58803370832518
"(12, 17, 37)",10.587854323227116
"(19, 25, 32)",10.587143907106931
"(3, 17, 42)",10.585971057933033
"(2, 4, 11)",10.58422490716417
"(4, 11, 18)",10.58422490716417
"(4, 11, 42)",10.58422490716417
"(11, 23, 31)",10.58317962253161
"(4, 6, 18)",10.583021655060886
"(4, 6, 42)",10.583021655060886
"(4, 6, 46)",10.583021655060886
"(6, 23, 31)",10.581976370428322
"(0, 28, 37)",10.581428585042092
"(10, 11, 49)",10.581176650485553
"(0, 11, 26)",10.580128541861043
"(6, 10, 49)",10.579973398382267
"(34, 41, 48)",10.579600062789275
"(16, 39)",10.579442223659639
"(0, 6, 26)",10.578925289757759
"(13, 33, 38)",10.576848993595668
"(3, 27, 41)",10.575841571050796
"(14, 18, 45)",10.574921182046072
"(14, 22, 45)",10.574921182046072
"(14, 27, 45)",10.574921182046072
"(14, 45, 46)",10.574921182046072
"(10, 20, 41)",10.571601486238917
"(13, 34, 47)",10.570901549699613
"(0, 10, 19)",10.570624109877489
"(8, 29, 35)",10.568933416800853
"(15, 25, 45)",10.568404880703582
"(22, 31, 49)",10.566021313006434
"(31, 36, 49)",10.566021313006434
"(31, 42, 49)",10.566021313006434
"(4, 37, 44)",10.565522045012054
"(15, 23, 34)",10.565514772211248
"(0, 7, 14)",10.564197157007738
"(15, 19, 30)",10.564005142455779
"(2, 3, 18)",10.563400563810696
"(2, 3, 22)",10.563400563810696
"(2, 3, 27)",10.563400563810696
"(2, 3, 36)",10.563400563810696
"(2, 3, 42)",10.563400563810696
"(2, 3, 46)",10.563400563810696
"(3, 18, 22)",10.563400563810696
"(3, 18, 27)",10.563400563810696
"(3, 18, 36)",10.563400563810696
"(3, 18, 42)",10.563400563810696
"(3, 18, 46)",10.563400563810696
"(3, 22, 27)",10.563400563810696
"(3, 22, 36)",10.563400563810696
"(3, 22, 42)",10.563400563810696
"(3, 22, 46)",10.563400563810696
"(3, 27, 36)",10.563400563810696
"(3, 27, 42)",10.563400563810696
"(3, 27, 46)",10.563400563810696
"(3, 36, 42)",10.563400563810696
"(3, 36, 46)",10.563400563810696
"(3, 42, 46)",10.563400563810696
"(11, 19, 40)",10.562958400142497
"(37, 39, 47)",10.562116858698868
"(6, 19, 40)",10.561755148039211
"(25, 37)",10.560621462370543
"(19, 32, 34)",10.559597626801995
"(14, 41, 44)",10.55891402566656
"(0, 23, 25)",10.558865406330552
"(11, 31, 45)",10.558523450719008
"(2, 8, 26)",10.557812870637973
"(6, 31, 45)",10.557320198615724
"(2, 5, 33)",10.556823836408313
"(5, 22, 33)",10.556823836408313
"(5, 33, 36)",10.556823836408313
"(31, 35, 40)",10.556356875741352
"(14, 31, 46)",10.555852022044313
"(34, 35, 41)",10.555631727282467
"(5, 16, 41)",10.554900680963293
"(38, 45)",10.55104945060628
"(7, 37, 48)",10.550541378259956
"(8, 15, 16)",10.549544933178773
"(12, 18, 40)",10.549430933241336
"(12, 27, 40)",10.549430933241336
"(12, 36, 40)",10.549430933241336
"(12, 40, 42)",10.549430933241336
"(12, 40, 46)",10.549430933241336
"(21, 29, 47)",10.549227940183913
"(2, 13, 24)",10.546765796897395
"(13, 22, 24)",10.546765796897395
"(13, 24, 27)",10.546765796897395
"(13, 24, 36)",10.546765796897395
"(7, 39, 47)",10.546003611233303
"(5, 8, 9)",10.545266418249847
"(20, 28, 38)",10.544657907200353
"(28, 31, 44)",10.54380874957869
"(5, 29, 32)",10.543394974397426
"(13, 40, 46)",10.543241844327667
"(9, 13, 20)",10.541245042356394
"(15, 34, 45)",10.54085860039865
"(11, 30, 49)",10.540362036878212
"(29, 31)",10.539795713137877
"(7, 25)",10.536451591172195
"(0, 25, 45)",10.534209234517952
"(24, 26, 39)",10.532532942592951
"(43, 48)",10.531673582902735
"(44, 47, 49)",10.53164588218755
"(8, 23, 35)",10.531256085956619
"(20, 30, 41)",10.530786872631577
"(11, 15, 37)",10.530608869107498
"(16, 37, 49)",10.530512387889338
"(15, 26)",10.529996565144124
"(0, 19, 30)",10.529809496270149
"(6, 15, 37)",10.529405617004214
"(11, 38, 44)",10.528629381760902
"(28, 33)",10.527483406483753
"(26, 37, 38)",10.52604010471038
"(14, 42, 47)",10.526012490166513
"(15, 21, 43)",10.523439998742564
"(2, 25, 48)",10.523423436213179
"(18, 25, 48)",10.523423436213179
"(22, 25, 48)",10.523423436213179
"(25, 36, 48)",10.523423436213179
"(25, 42, 48)",10.523423436213179
"(25, 46, 48)",10.523423436213179
"(10, 34, 39)",10.522167295027476
"(10, 21, 28)",10.52171050468476
"(21, 32, 39)",10.52018801241509
"(34, 37)",10.519302041913141
"(0, 8, 16)",10.515349286993143
"(7, 11, 15)",10.514495621641935
"(8, 32, 48)",10.514447186346697
"(7, 16, 49)",10.514399140423773
"(24, 30, 39)",10.513556363422833
"(6, 7, 15)",10.51329236953865
"(7, 22, 48)",10.51264696482395
"(8, 10, 38)",10.511925112438693
"(21, 23, 47)",10.511550609339679
"(26, 27, 30)",10.508655726455595
"(26, 30, 36)",10.508655726455595
"(19, 34, 35)",10.507049779279132
"(13, 31, 33)",10.50701299929323
"(8, 35, 45)",10.506599914144019
"(28, 31, 43)",10.506291727749222
"(5, 23, 32)",10.505717643553192
"(21, 31, 41)",10.50526271196645
"(8, 20, 24)",10.503919052838214
"(5, 10, 44)",10.503139174526359
"(15, 41, 48)",10.50301442600409
"(8, 21, 40)",10.502391395329202
"(9, 21, 45)",10.497062447227442
"(0, 11, 37)",10.496413222921868
"(2, 34, 48)",10.495877155908246
"(18, 34, 48)",10.495877155908246
"(22, 34, 48)",10.495877155908246
"(34, 36, 48)",10.495877155908246
"(34, 46, 48)",10.495877155908246
"(0, 6, 37)",10.495209970818584
"(7, 34)",10.495132170714795
"(13, 15, 47)",10.494315912914427
"(43, 47, 49)",10.494128860358083
"(2, 21, 38)",10.491375799387857
"(18, 21, 38)",10.491375799387857
"(21, 22, 38)",10.491375799387857
"(21, 27, 38)",10.491375799387857
"(21, 36, 38)",10.491375799387857
"(21, 38, 42)",10.491375799387857
"(21, 38, 46)",10.491375799387857
"(13, 16, 38)",10.491202931269617
"(11, 38, 43)",10.491112359931435
"(7, 9, 12)",10.491045814582478
"(5, 29, 35)",10.490847126874563
"(6, 38, 43)",10.489909107828147
"(24, 29, 41)",10.4889866108288
"(2, 10, 20)",10.487878579357886
"(10, 18, 20)",10.487878579357886
"(10, 20, 27)",10.487878579357886
"(10, 20, 36)",10.487878579357886
"(10, 20, 42)",10.487878579357886
"(21, 45, 47)",10.48689443752708
"(2, 4)",10.48484764382037
"(4, 18)",10.48484764382037
"(4, 22)",10.48484764382037
"(4, 42)",10.48484764382037
"(4, 46)",10.48484764382037
"(23, 31)",10.483279716871525
"(15, 19, 32)",10.48301199001681
"(5, 32, 45)",10.481061471740592
"(17, 20, 29)",10.480438210585843
"(10, 49)",10.480275258802443
"(8, 19, 39)",10.479635664865093
"(15, 35, 41)",10.479046090497281
"(0, 26)",10.47870309586568
"(2, 14, 44)",10.47519111878553
"(14, 18, 44)",10.47519111878553
"(14, 22, 44)",10.47519111878553
"(14, 27, 44)",10.47519111878553
"(14, 42, 44)",10.47519111878553
"(14, 44, 46)",10.47519111878553
"(3, 24, 48)",10.475190629624008
"(2, 8, 37)",10.474097551698797
"(2, 5, 16)",10.471177774082262
"(5, 16, 22)",10.471177774082262
"(5, 16, 36)",10.471177774082262
"(8, 30, 38)",10.471110498831354
"(16, 21, 26)",10.4697461989075
"(0, 14, 32)",10.4675966267671
"(5, 10, 43)",10.465622152696891
"(8, 33, 47)",10.461398349199328
"(0, 13, 47)",10.460120266728797
"(11, 31, 44)",10.458793387458465
"(2, 7, 8)",10.457984304233234
"(25, 29, 47)",10.456945737054921
"(4, 24, 32)",10.453334280581604
"(5, 23, 35)",10.453169796030327
"(19, 40)",10.452947883287859
"(23, 24, 41)",10.451309279984565
"(20, 32, 41)",10.449793720192607
"(2, 20, 30)",10.447063965750546
"(18, 20, 30)",10.447063965750546
"(20, 30, 42)",10.447063965750546
"(20, 30, 46)",10.447063965750546
"(31, 45)",10.446295459152626
"(8, 29, 44)",10.44565685162081
"(10, 15, 39)",10.44558165824229
"(0, 35, 41)",10.444850444311651
"(17, 20, 23)",10.44276087974161
"(8, 10, 31)",10.442089118136257
"(28, 37, 47)",10.441831584922227
"(1, 4, 40)",10.438900858745006
"(14, 18, 43)",10.437674096956062
"(14, 22, 43)",10.437674096956062
"(14, 27, 43)",10.437674096956062
"(14, 42, 43)",10.437674096956062
"(14, 43, 46)",10.437674096956062
"(10, 11, 21)",10.436695142564538
"(16, 23, 48)",10.436353347430071
"(26, 33, 34)",10.435563777799624
"(6, 10, 21)",10.435491890461252
"(29, 33, 38)",10.435346900646042
"(16, 19, 42)",10.435317174357074
"(12, 13, 29)",10.434110347259463
"(5, 14, 28)",10.432690955325125
"(15, 25, 43)",10.431157795613572
"(10, 19, 47)",10.431027109757625
"(15, 19, 35)",10.430464142493946
"(10, 25, 28)",10.429428301555768
"(29, 34, 47)",10.429399456749987
"(5, 35, 45)",10.428513624217729
"(6, 14, 44)",10.42702379192318
"(7, 28, 47)",10.425718337456662
"(1, 12, 26)",10.423830426584487
"(18, 21, 31)",10.42153980508542
"(21, 22, 31)",10.42153980508542
"(21, 31, 36)",10.42153980508542
"(21, 31, 42)",10.42153980508542
"(13, 16, 31)",10.421366936967182
"(11, 31, 43)",10.421276365628998
"(6, 31, 43)",10.420073113525714
"(2, 15, 48)",10.419291519123059
"(15, 18, 48)",10.419291519123059
"(15, 22, 48)",10.419291519123059
"(15, 36, 48)",10.419291519123059
"(15, 42, 48)",10.419291519123059
"(15, 46, 48)",10.419291519123059
"(23, 25, 47)",10.419268406210687
"(30, 49)",10.419053338391432
"(17, 20, 45)",10.41810470792901
"(17, 40, 43)",10.413297724108125
"(25, 31, 41)",10.412980508837459
"(16, 45, 48)",10.411697175617473
"(0, 10, 39)",10.41138601205666
"(9, 19, 48)",10.409369178964765
"(7, 27, 30)",10.408827160050855
"(7, 30, 36)",10.408827160050855
"(8, 35, 44)",10.406869850883476
"(6, 35, 49)",10.405617784813094
"(2, 24, 29)",10.40526370394777
"(22, 24, 29)",10.40526370394777
"(24, 27, 29)",10.40526370394777
"(9, 25, 45)",10.40478024409845
"(15, 37)",10.404423586735362
"(11, 39, 40)",10.403720302321666
"(15, 34, 43)",10.40361151530864
"(6, 39, 40)",10.40251705021838
"(10, 28, 34)",10.401882021250834
"(38, 44)",10.401454355715465
"(8, 30, 31)",10.401274504528917
"(32, 34, 39)",10.400359528981166
"(9, 20, 29)",10.39974294940677
"(4, 10, 23)",10.399580433323122
"(16, 28)",10.399014312994677
"(6, 33)",10.398155485148491
"(23, 33, 38)",10.397669569801808
"(0, 25, 43)",10.396962149427942
"(12, 13, 23)",10.396433016415228
"(0, 19, 35)",10.396268496308316
"(3, 4, 25)",10.395968323762474
"(25, 45, 47)",10.394612234398089
"(13, 19, 49)",10.392802173791218
"(23, 34, 47)",10.391722125905755
"(19, 30, 47)",10.390212496150284
"(8, 32, 38)",10.390117346392383
"(25, 28, 30)",10.388613687948428
"(21, 44, 47)",10.387164374266536
"(1, 14, 17)",10.386993322504264
"(16, 21, 37)",10.386030879968324
"(31, 34, 41)",10.385434228532526
"(8, 34, 40)",10.382562911895274
"(5, 32, 44)",10.38133140848005
"(7, 15)",10.380253715537014
"(1, 5, 8)",10.378222463847116
"(16, 25, 26)",10.377463995778507
"(9, 34, 45)",10.377233963793518
"(8, 16, 47)",10.375752286873277
"(4, 10, 45)",10.374924261510522
"(17, 21, 49)",10.374419133423087
"(1, 13, 20)",10.374201087953663
"(4, 5, 48)",10.371969846912103
"(13, 40, 48)",10.371965113155248
"(2, 34, 38)",10.371547315953931
"(18, 34, 38)",10.371547315953931
"(22, 34, 38)",10.371547315953931
"(27, 34, 38)",10.371547315953931
"(34, 36, 38)",10.371547315953931
"(34, 38, 46)",10.371547315953931
"(14, 18, 24)",10.371313511523976
"(26, 40, 49)",10.370660048759829
"(7, 16, 21)",10.369917632502759
"(2, 23, 24)",10.367586373103535
"(22, 23, 24)",10.367586373103535
"(23, 24, 27)",10.367586373103535
"(23, 24, 36)",10.367586373103535
"(34, 45, 47)",10.367065954093153
"(2, 20, 32)",10.366070813311577
"(18, 20, 32)",10.366070813311577
"(20, 22, 32)",10.366070813311577
"(20, 27, 32)",10.366070813311577
"(20, 32, 36)",10.366070813311577
"(20, 32, 42)",10.366070813311577
"(20, 32, 46)",10.366070813311577
"(17, 19, 38)",10.365734600189525
"(29, 31, 33)",10.365510906343605
"(9, 20, 23)",10.362065618562536
"(28, 30, 34)",10.361067407643494
"(10, 26, 48)",10.360042097902621
"(8, 19, 28)",10.359350391088451
"(15, 26, 33)",10.358978141014436
"(4, 23, 30)",10.358765819715781
"(11, 37, 47)",10.356816222802003
"(7, 31, 37)",10.356375544003205
"(6, 37, 47)",10.355612970698719
"(0, 37)",10.353130117456917
"(15, 29, 47)",10.352813819964801
"(14, 20, 49)",10.352140905418947
"(33, 34, 37)",10.351848458860449
"(16, 26, 34)",10.349917715473573
"(5, 17, 26)",10.349748824938535
"(21, 43, 47)",10.349647352437069
"(34, 35, 39)",10.347811681458303
"(38, 43)",10.345178822971263
"(8, 12, 41)",10.344530468948097
"(10, 11, 25)",10.344412939435546
"(5, 32, 43)",10.343814386650582
"(6, 10, 25)",10.34320968733226
"(7, 11, 47)",10.34070297533644
"(6, 7, 47)",10.339499723233153
"(7, 33, 34)",10.335735211394883
"(4, 30, 45)",10.334109647903183
"(0, 7, 24)",10.332206176252601
"(18, 25, 31)",10.329257601956428
"(22, 25, 31)",10.329257601956428
"(25, 31, 36)",10.329257601956428
"(25, 31, 42)",10.329257601956428
"(41, 47, 48)",10.329221779698592
"(2, 4, 33)",10.328878860131933
"(4, 22, 33)",10.328878860131933
"(4, 33, 42)",10.328878860131933
"(4, 33, 46)",10.328878860131933
"(5, 35, 44)",10.328783560957186
"(23, 31, 33)",10.32783357549937
"(24, 41, 44)",10.326923044911423
"(10, 33, 49)",10.325830603453316
"(10, 15, 28)",10.325296384465648
"(0, 26, 33)",10.324782494828806
"(1, 7, 12)",10.324001860179747
"(15, 32, 39)",10.323773892195979
"(9, 17, 24)",10.322046296151857
"(20, 21, 35)",10.320446786888263
"(8, 31, 32)",10.320281352089948
"(26, 30, 48)",10.319227484295283
"(0, 29, 47)",10.318618173779171
"(7, 22, 31)",10.3184811305672
"(17, 20, 44)",10.318374644668467
"(10, 11, 34)",10.316866659130612
"(6, 10, 34)",10.315663407027326
"(15, 23, 47)",10.315136489120565
"(4, 13, 14)",10.313716676045583
"(6, 21, 32)",10.313684124414943
"(2, 20, 35)",10.313522965788714
"(18, 20, 35)",10.313522965788714
"(20, 22, 35)",10.313522965788714
"(20, 27, 35)",10.313522965788714
"(20, 35, 42)",10.313522965788714
"(20, 35, 46)",10.313522965788714
"(16, 23, 38)",10.312023507475757
"(5, 40, 41)",10.311333022894608
"(19, 32, 47)",10.309219343711314
"(15, 31, 41)",10.308848591747338
"(19, 33, 40)",10.30761235311026
"(14, 18, 49)",10.307159767892264
"(8, 15, 40)",10.305977275110088
"(11, 25, 30)",10.303598325828206
"(20, 32, 49)",10.302805843486277
"(18, 31, 34)",10.301711321651496
"(22, 31, 34)",10.301711321651496
"(31, 34, 36)",10.301711321651496
"(9, 15, 45)",10.30064832700833
"(10, 12, 17)",10.297526476465043
"(31, 44)",10.296700364261811
"(17, 19, 31)",10.29589860588709
"(2, 15, 38)",10.294961679168743
"(15, 18, 38)",10.294961679168743
"(15, 22, 38)",10.294961679168743
"(15, 27, 38)",10.294961679168743
"(15, 36, 38)",10.294961679168743
"(15, 38, 42)",10.294961679168743
"(15, 38, 46)",10.294961679168743
"(25, 44, 47)",10.294882171137544
"(16, 25, 37)",10.293748676839332
"(9, 21, 49)",10.293723872244012
"(0, 10, 28)",10.291100738280019
"(15, 45, 47)",10.290480317307967
"(16, 38, 45)",10.287367335663157
"(37, 40, 49)",10.286944729820654
"(9, 19, 38)",10.28503933901045
"(30, 33, 49)",10.285015989845975
"(15, 28, 30)",10.284481770858308
"(14, 26, 47)",10.283119992090624
"(17, 25, 49)",10.282136930294095
"(0, 23, 47)",10.280940842934935
"(7, 16, 25)",10.277635429373767
"(4, 5, 21)",10.27666370089541
"(10, 37, 48)",10.276326778963448
"(16, 39, 42)",10.276079076536242
"(11, 30, 34)",10.276052045523272
"(15, 33, 37)",10.275262822075263
"(4, 10, 44)",10.275194198249979
"(0, 31, 41)",10.274652945561709
"(16, 43, 48)",10.274450090527461
"(8, 11, 19)",10.274335028968228
"(15, 16, 26)",10.273332078688385
"(33, 38, 44)",10.273283334728665
"(6, 8, 19)",10.273131776864943
"(12, 13, 44)",10.272046781342086
"(10, 39, 47)",10.271789011936793
"(15, 35, 39)",10.271226044673115
"(7, 40, 49)",10.270831482355089
"(6, 16)",10.269686391659416
"(5, 9, 26)",10.26905356375946
"(34, 44, 47)",10.26733589083261
"(0, 9, 45)",10.2664526808227
"(16, 34, 37)",10.266202396534398
"(5, 17, 37)",10.26603350599936
"(10, 21)",10.26355299692092
"(8, 12, 18)",10.260807562067066
"(8, 12, 27)",10.260807562067066
"(8, 12, 42)",10.260807562067066
"(8, 12, 46)",10.260807562067066
"(0, 2, 38)",10.260766032983113
"(0, 18, 38)",10.260766032983113
"(0, 22, 38)",10.260766032983113
"(0, 27, 38)",10.260766032983113
"(0, 36, 38)",10.260766032983113
"(0, 38, 42)",10.260766032983113
"(7, 15, 33)",10.259149574609697
"(25, 43, 47)",10.257365149308077
"(12, 17, 30)",10.256711862857703
"(0, 45, 47)",10.256284671122337
"(12, 23, 29)",10.254930923465603
"(17, 34, 49)",10.254590649989161
"(4, 14, 29)",10.25369618237112
"(0, 14, 46)",10.253655135523877
"(0, 14, 15)",10.252985800744117
"(2, 6, 14)",10.252185455565474
"(19, 29, 49)",10.251300080841592
"(0, 28, 30)",10.250286124672678
"(9, 39, 48)",10.250131081143934
"(7, 16, 34)",10.250089149068835
"(13, 19, 21)",10.248320665870203
"(14, 19, 22)",10.248108505446279
"(13, 38, 40)",10.247635273200933
"(2, 47, 48)",10.245498872817564
"(18, 47, 48)",10.245498872817564
"(22, 47, 48)",10.245498872817564
"(36, 47, 48)",10.245498872817564
"(46, 47, 48)",10.245498872817564
"(2, 4, 16)",10.243232797805884
"(4, 16, 18)",10.243232797805884
"(4, 16, 22)",10.243232797805884
"(4, 16, 46)",10.243232797805884
"(2, 24, 44)",10.243200138030392
"(22, 24, 44)",10.243200138030392
"(24, 27, 44)",10.243200138030392
"(24, 36, 44)",10.243200138030392
"(1, 19, 48)",10.242325224562034
"(16, 23, 31)",10.24218751317332
"(0, 33, 37)",10.241067175889633
"(31, 43)",10.24042483151761
"(10, 11, 15)",10.240281022345425
"(10, 16, 49)",10.240184541127265
"(0, 16, 26)",10.239136432502756
"(6, 10, 15)",10.23907777024214
"(26, 32, 48)",10.238234331856312
"(9, 20, 44)",10.237679383489393
"(4, 10, 43)",10.237677176420512
"(0, 35, 39)",10.237030398487486
"(33, 38, 43)",10.235766312899198
"(10, 26, 38)",10.235712257948308
"(2, 24, 46)",10.235620602619253
"(24, 36, 46)",10.235620602619253
"(0, 24, 32)",10.235605646011964
"(12, 13, 43)",10.234529759512618
"(4, 30, 44)",10.23437958464264
"(13, 39, 49)",10.233564075970387
"(1, 20, 29)",10.232698995004037
"(29, 40, 48)",10.23046302020562
"(12, 29, 45)",10.230274751653003
"(34, 43, 47)",10.229818869003143
"(11, 24, 35)",10.228073481704305
"(5, 22, 40)",10.227610116013578
"(5, 27, 40)",10.227610116013578
"(5, 36, 40)",10.227610116013578
"(28, 34, 35)",10.227526407681662
"(21, 26, 40)",10.226178540838815
"(14, 30, 40)",10.226175843729347
"(4, 23, 35)",10.225224819753947
"(15, 18, 31)",10.225125684866308
"(15, 22, 31)",10.225125684866308
"(15, 31, 36)",10.225125684866308
"(15, 31, 42)",10.225125684866308
"(16, 19, 40)",10.22196629078421
"(6, 25, 32)",10.22140192128595
"(20, 25, 35)",10.220148755779196
"(7, 30, 48)",10.219398917890542
"(35, 49)",10.218741838448683
"(16, 31, 45)",10.217531341360722
"(9, 10, 12)",10.21683121528597
"(9, 19, 31)",10.215203344708014
"(39, 40)",10.214090736556612
"(19, 23, 49)",10.213622749997358
"(0, 14, 48)",10.20966156751918
"(0, 20, 34)",10.206983802863645
"(17, 38, 39)",10.206496502368694
"(0, 10, 11)",10.206085376159795
"(22, 24, 43)",10.205683116200923
"(24, 27, 43)",10.205683116200923
"(24, 36, 43)",10.205683116200923
"(0, 6, 10)",10.20488212405651
"(4, 14, 28)",10.204745979048745
"(31, 33, 44)",10.203447340426228
"(9, 25, 49)",10.20144166911502
"(4, 35, 45)",10.200568647941349
"(9, 20, 43)",10.200162361659924
"(8, 28, 39)",10.200112293267619
"(11, 15, 30)",10.199466408738084
"(16, 30, 49)",10.199369927519925
"(3, 12, 29)",10.199298832388124
"(6, 11, 40)",10.197216414321517
"(4, 30, 43)",10.196862562813173
"(6, 24, 44)",10.195032811168042
"(1, 20, 23)",10.195021664159803
"(26, 30, 38)",10.194897644340967
"(4, 12, 25)",10.194268989607231
"(6, 32, 34)",10.193855640981017
"(12, 23, 45)",10.192597420808768
"(0, 18, 31)",10.190930038680678
"(0, 22, 31)",10.190930038680678
"(0, 31, 36)",10.190930038680678
"(0, 31, 42)",10.190930038680678
"(15, 16, 37)",10.18961675974921
"(19, 45, 49)",10.188966578184758
"(26, 35, 48)",10.185686484333448
"(2, 8, 10)",10.183769704936724
"(15, 17, 49)",10.178005013203975
"(13, 31, 40)",10.177799278898497
"(9, 12, 30)",10.17601660167863
"(12, 17, 32)",10.175718710418733
"(6, 24, 28)",10.174414476056837
"(9, 34, 49)",10.173895388810088
"(7, 15, 16)",10.173503512283647
"(1, 20, 45)",10.170365492347203
"(26, 29, 44)",10.169443997130426
"(5, 7, 9)",10.169224997354723
"(40, 45, 48)",10.168129517548788
"(4, 20, 26)",10.167519082546322
"(31, 33, 43)",10.16593031859676
"(0, 11, 30)",10.165270762552455
"(16, 20, 33)",10.15942366983681
"(13, 19, 25)",10.156038462741211
"(16, 28, 42)",10.1557938027596
"(12, 42, 45)",10.155735609301967
"(0, 16, 37)",10.15542111356358
"(14, 28, 38)",10.15522183158931
"(1, 17, 24)",10.155002341749126
"(32, 37, 48)",10.154519012917136
"(15, 43, 47)",10.153233232217957
"(10, 37, 38)",10.151996939009132
"(10, 28, 47)",10.151503738160152
"(33, 35, 49)",10.151474989884143
"(15, 28, 35)",10.150940770896476
"(16, 38, 43)",10.150120250573146
"(32, 39, 47)",10.149981245890483
"(33, 39, 40)",10.14837425528943
"(0, 17, 49)",10.143809367018346
"(37, 47)",10.143734617277119
"(2, 8, 30)",10.142955091329384
"(21, 37, 40)",10.14246322189964
"(20, 25, 38)",10.14177126242145
"(6, 34, 35)",10.141307793458154
"(7, 32, 48)",10.138405765451573
"(17, 21, 25)",10.137655422373081
"(17, 31, 39)",10.136660508066257
"(31, 41, 47)",10.135055945441842
"(10, 27, 30)",10.134612560754347
"(10, 30, 36)",10.134612560754347
"(8, 40, 47)",10.132184628804593
"(9, 28, 48)",10.129845807367293
"(13, 19, 34)",10.128492182436277
"(14, 38, 41)",10.126958501834254
"(9, 45, 47)",10.126855680702835
"(1, 21, 49)",10.126679917841283
"(7, 21, 40)",10.126349974434074
"(9, 38, 39)",10.12580124118962
"(10, 25)",10.125129692227432
"(8, 17, 43)",10.124674352933855
"(3, 12, 24)",10.123615322791833
"(12, 17, 35)",10.123170862895869
"(13, 14, 26)",10.121625607195861
"(2, 38, 47)",10.12116903286325
"(18, 38, 47)",10.12116903286325
"(22, 38, 47)",10.12116903286325
"(27, 38, 47)",10.12116903286325
"(36, 38, 47)",10.12116903286325
"(38, 46, 47)",10.12116903286325
"(19, 37, 39)",10.11970749143553
"(7, 47)",10.119564746078773
"(0, 43, 47)",10.119037586032327
"(1, 19, 38)",10.11799538460772
"(6, 15, 32)",10.11727000419583
"(0, 28, 35)",10.116745124710846
"(20, 35, 47)",10.116271207145996
"(8, 11, 39)",10.115096931147399
"(26, 32, 38)",10.113904491901998
"(6, 8, 39)",10.113893679044113
"(5, 13, 29)",10.112289530031706
"(3, 5, 15)",10.111657884597806
"(28, 30, 47)",10.110689124552813
"(17, 21, 34)",10.110109142068147
"(19, 21, 29)",10.106818572920577
"(26, 34, 40)",10.106350057404889
"(29, 38, 40)",10.106133180251305
"(1, 5, 26)",10.10200960935673
"(35, 37, 48)",10.101971165394273
"(33, 37, 47)",10.101470175769766
"(4, 35, 44)",10.100838584680806
"(14, 24, 45)",10.099285568897361
"(9, 15, 49)",10.0973097520249
"(10, 16, 21)",10.09570303320625
"(9, 12, 32)",10.09502344923966
"(12, 29, 43)",10.093027666562993
"(12, 23, 44)",10.092867357548226
"(29, 39, 49)",10.09206198302076
"(19, 44, 49)",10.089236514924213
"(13, 21, 39)",10.089082568049372
"(6, 14, 22)",10.088003364059514
"(7, 35, 48)",10.08585791792871
"(29, 37, 44)",10.08572867819125
"(7, 33, 47)",10.085356928304202
"(10, 34)",10.08381027177003
"(11, 16, 20)",10.083179951232854
"(19, 26, 28)",10.083137536598064
"(1, 39, 48)",10.083087126741203
"(10, 31, 37)",10.082160944706697
"(4, 13, 24)",10.081725695290446
"(21, 32)",10.080841347851454
"(3, 5, 25)",10.080784543366498
"(16, 31, 43)",10.080284256270712
"(14, 24, 34)",10.075395275882796
"(5, 13, 23)",10.074612199187472
"(1, 20, 44)",10.07063542908666
"(6, 16, 42)",10.069575188536094
"(19, 21, 23)",10.069141242076343
"(12, 26, 41)",10.06831761445771
"(12, 44, 45)",10.068211185735626
"(10, 11, 47)",10.066488376039931
"(16, 35, 49)",10.06582892755809
"(6, 10, 47)",10.065285123936643
"(6, 15, 35)",10.064722156672968
"(25, 30)",10.063907771816421
"(0, 9, 49)",10.06311410583927
"(16, 39, 40)",10.062728192963379
"(2, 8, 32)",10.061961938890414
"(14, 21, 33)",10.06174593852344
"(10, 33, 34)",10.061520612098375
"(26, 35, 38)",10.061356644379133
"(14, 44, 48)",10.060109140206926
"(9, 21, 25)",10.056960161194006
"(9, 31, 39)",10.055965246887183
"(23, 39, 49)",10.054384652176527
"(13, 15, 19)",10.05190654565109
"(19, 43, 49)",10.051719493094748
"(18, 31, 47)",10.051333038560813
"(22, 31, 47)",10.051333038560813
"(31, 36, 47)",10.051333038560813
"(24, 26, 47)",10.051129011335487
"(1, 10, 12)",10.049787260883239
"(1, 19, 31)",10.048159390305283
"(9, 11, 48)",10.04483044524707
"(19, 21, 45)",10.044485070263743
"(38, 40, 45)",10.043799677594473
"(6, 9, 48)",10.043627193143784
"(9, 12, 35)",10.042475601716795
"(20, 21, 30)",10.04243508131213
"(4, 17, 37)",10.03808852972298
"(29, 31, 40)",10.03629718594887
"(1, 25, 49)",10.034397714712291
"(15, 17, 21)",10.033523505282961
"(14, 17, 41)",10.031480510377488
"(40, 43, 48)",10.030882432458776
"(12, 43, 45)",10.030694163906158
"(0, 6, 35)",10.030526510487338
"(32, 37, 38)",10.030189172962821
"(15, 26, 40)",10.029764420619701
"(39, 45, 49)",10.029728480363927
"(14, 39, 43)",10.029554343236601
"(9, 21, 34)",10.029413880889074
"(11, 13, 49)",10.028263440073523
"(6, 13, 49)",10.027060187970237
"(11, 30, 47)",10.02567376243259
"(7, 30, 31)",10.025233083633792
"(5, 8, 41)",10.022709651720339
"(34, 37, 40)",10.022634738465714
"(30, 34)",10.02258835135902
"(4, 24, 29)",10.021705201615983
"(0, 15, 24)",10.02099481998898
"(30, 33, 34)",10.020705998491035
"(2, 6, 24)",10.020194474810337
"(8, 19)",10.020012826526456
"(8, 19, 33)",10.01898898193599
"(13, 20, 41)",10.018688275826888
"(0, 13, 19)",10.01771089946546
"(33,)",10.016941292755064
"(17, 28, 31)",10.016375234289615
"(19, 22, 24)",10.016117524691142
"(16, 37, 47)",10.015824113443717
"(4, 14, 36)",10.015681654880796
"(19, 25, 29)",10.014536369791585
"(27, 30, 32)",10.012804794708037
"(30, 32, 36)",10.012804794708037
"(1, 34, 49)",10.006851434407356
"(7, 34, 40)",10.00652149100015
"(7, 14, 17)",10.005642074900916
"(1, 14, 47)",10.004716111282672
"(17, 47, 49)",10.004212366898479
"(10, 16, 25)",10.003420830077259
"(1, 5, 7)",10.00218104295199
"(11, 17, 38)",10.00119586647183
"(6, 17, 38)",9.999992614368544
"(7, 16, 47)",9.999710865978152
"(4, 18, 40)",9.9996651397372
"(4, 22, 40)",9.9996651397372
"(4, 40, 42)",9.9996651397372
"(4, 40, 46)",9.9996651397372
"(19, 28, 37)",9.99942221765889
"(11, 19, 26)",9.998122174477842
"(6, 19, 26)",9.996918922374556
"(10, 40, 49)",9.99661688305858
"(8, 11, 28)",9.994811657370757
"(24, 30, 40)",9.99418486297421
"(24, 42, 48)",9.99247507032176
"(6, 20, 30)",9.990482811628238
"(19, 29, 34)",9.98699008948665
"(10, 15, 33)",9.984934975313188
"(12, 37, 41)",9.984602295518537
"(2, 12, 26)",9.98459470757668
"(12, 18, 26)",9.98459470757668
"(12, 26, 27)",9.98459470757668
"(12, 26, 36)",9.98459470757668
"(12, 26, 42)",9.98459470757668
"(12, 26, 46)",9.98459470757668
"(12, 24, 42)",9.981586769448953
"(35, 37, 38)",9.977641325439958
"(19, 23, 25)",9.976859038947351
"(10, 16, 34)",9.975874549772325
"(5, 10, 17)",9.975705659237287
"(31, 40, 45)",9.973963683292038
"(16, 21, 32)",9.973895267159941
"(1, 14, 37)",9.972682063722402
"(22, 24, 28)",9.971820799052564
"(13, 34, 39)",9.969254084615446
"(10, 15)",9.968931816592251
"(13, 21, 28)",9.968797294272731
"(7, 12, 41)",9.968489048052971
"(20, 33, 48)",9.964082141462512
"(1, 28, 48)",9.962801852964562
"(16, 25, 30)",9.962606216469919
"(31, 32, 37)",9.960353178660386
"(27, 30, 35)",9.960256947185172
"(1, 38, 39)",9.958757286786888
"(9, 15, 21)",9.952828244103886
"(19, 25, 45)",9.952202867134751
"(0, 10, 33)",9.950739329127558
"(5, 13, 44)",9.95022596411433
"(19, 23, 34)",9.949312758642417
"(2, 14, 17)",9.947757603496457
"(14, 17, 18)",9.947757603496457
"(14, 17, 22)",9.947757603496457
"(14, 17, 27)",9.947757603496457
"(14, 17, 46)",9.947757603496457
"(21, 29, 39)",9.947580475099745
"(15, 37, 40)",9.946049101680526
"(10, 30, 48)",9.945184318594034
"(19, 21, 44)",9.9447550070032
"(7, 31, 32)",9.944239931194822
"(15, 30, 33)",9.94412036170585
"(38, 40, 44)",9.94406961433393
"(6, 32, 47)",9.943477357890334
"(25, 32)",9.942418043157968
"(6, 33, 40)",9.94187036728928
"(8, 29, 48)",9.941839649031351
"(15, 17, 25)",9.94124130215397
"(32, 33, 34)",9.939712846052064
"(5, 8, 22)",9.938986744839308
"(5, 8, 27)",9.938986744839308
"(14, 33, 45)",9.938470978858993
"(8, 21, 26)",9.937555169664545
"(9, 28, 31)",9.935679973110542
"(16, 30, 34)",9.935059936164985
"(2, 13, 20)",9.934965368945857
"(13, 18, 20)",9.934965368945857
"(13, 20, 22)",9.934965368945857
"(13, 20, 27)",9.934965368945857
"(13, 20, 36)",9.934965368945857
"(13, 20, 42)",9.934965368945857
"(8, 16, 19)",9.933342919609942
"(5, 23, 29)",9.933110106237846
"(11, 17, 31)",9.931359872169395
"(12, 43, 44)",9.930964100645616
"(1, 15, 49)",9.93026579762217
"(6, 17, 31)",9.930156620066107
"(7, 15, 40)",9.929935854214962
"(1, 12, 32)",9.92797949483693
"(19, 34, 45)",9.924656586829817
"(9, 47, 49)",9.923517105719405
"(20, 26, 39)",9.920732514641415
"(9, 11, 38)",9.920500605292755
"(6, 9, 38)",9.91929735318947
"(0, 10)",9.917638347313806
"(11, 19, 37)",9.914406855538667
"(15, 17, 34)",9.913695021849033
"(6, 19, 37)",9.913203603435381
"(5, 13, 43)",9.912708942284862
"(15, 19, 29)",9.910404452701464
"(0, 30, 33)",9.90992471552022
"(21, 23, 39)",9.909903144255512
"(6, 8, 11)",9.908593043147249
"(5, 29, 45)",9.908453934425246
"(31, 35, 37)",9.907805331137522
"(15, 30)",9.907709896181242
"(19, 21, 43)",9.907237985173733
"(0, 17, 25)",9.90704565596834
"(38, 40, 43)",9.906552592504461
"(11, 40)",9.906139782711318
"(6, 40)",9.90433490455639
"(8, 23, 48)",9.904162318187119
"(20, 30, 39)",9.901755935471295
"(32, 34)",9.901098622700566
"(2, 12, 37)",9.900879388637506
"(12, 18, 37)",9.900879388637506
"(12, 27, 37)",9.900879388637506
"(12, 36, 37)",9.900879388637506
"(12, 37, 42)",9.900879388637506
"(12, 37, 46)",9.900879388637506
"(10, 15, 16)",9.899288912987139
"(3, 14, 15)",9.897993056364552
"(0, 1, 49)",9.89607015143654
"(5, 9, 10)",9.895010398058211
"(24, 38, 41)",9.894967521079117
"(13, 37, 46)",9.894690299723838
"(13, 15, 39)",9.89266844783026
"(7, 31, 35)",9.891692083671959
"(1, 21, 25)",9.889916206791277
"(13, 24, 26)",9.889634626440724
"(1, 31, 39)",9.888921292484453
"(33, 34, 35)",9.887164998529201
"(19, 41, 48)",9.886812412435257
"(11, 29, 49)",9.886761347123898
"(6, 29, 49)",9.885558095020611
"(21, 39, 45)",9.885246972442912
"(2, 7, 12)",9.88476614117194
"(7, 12, 18)",9.88476614117194
"(7, 12, 27)",9.88476614117194
"(7, 12, 36)",9.88476614117194
"(7, 12, 42)",9.88476614117194
"(7, 12, 46)",9.88476614117194
"(11, 13, 21)",9.883781932152509
"(6, 13, 21)",9.882578680049223
"(16, 25, 32)",9.88161306403095
"(8, 45, 48)",9.879506146374519
"(8, 17, 35)",9.879436335594404
"(7, 13, 46)",9.878577052258272
"(13, 19, 47)",9.878113899345596
"(1, 11, 48)",9.87778649084434
"(20, 29, 41)",9.877186182877262
"(1, 6, 48)",9.876583238741054
"(13, 25, 28)",9.87651509114374
"(0, 19, 29)",9.876208806515834
"(1, 12, 35)",9.875431647314066
"(31, 40, 44)",9.874233620031495
"(15, 19, 23)",9.87272712185723
"(4, 5, 25)",9.872448172379473
"(5, 23, 45)",9.870776603581012
"(0, 10, 16)",9.865093266801509
"(10, 32, 48)",9.864191166155063
"(15, 32, 33)",9.863127209266878
"(19, 35, 41)",9.862844076928448
"(3, 14, 25)",9.862557075072004
"(1, 21, 34)",9.862369926486341
"(9, 15, 25)",9.860546040974894
"(8, 33, 39)",9.859750884115162
"(17, 21, 47)",9.859730858977464
"(15, 16, 30)",9.858474299379797
"(0, 13, 39)",9.85847280164463
"(0, 30)",9.856416426902797
"(6, 16, 40)",9.856224304963229
"(6, 22, 24)",9.856012383304378
"(16, 32, 34)",9.854066783726015
"(5, 17, 32)",9.853897893190977
"(8, 21, 37)",9.853839850725372
"(19, 25, 44)",9.852472803874209
"(10, 21, 40)",9.852135375137566
"(17, 20, 48)",9.851256752007682
"(4, 8, 20)",9.850693187189904
"(9, 11, 31)",9.85066461099032
"(6, 9, 31)",9.849461358887034
"(11, 23, 49)",9.849084016279663
"(13, 28, 34)",9.848968810838805
"(17, 26, 43)",9.84846149844347
"(15, 19, 45)",9.84807095004463
"(6, 23, 49)",9.847880764176377
"(8, 25, 26)",9.845272966535553
"(0, 14, 21)",9.842351536226499
"(4, 20, 32)",9.841533852630066
"(28, 37, 39)",9.840184119838058
"(20, 23, 41)",9.839508852033028
"(0, 19, 23)",9.8385314756716
"(7, 8, 21)",9.837726603259807
"(31, 40, 43)",9.836716598202027
"(7, 14, 44)",9.836308317497599
"(9, 15, 34)",9.83299976066996
"(14, 30, 37)",9.830352463356261
"(21, 24, 33)",9.829754957768303
"(10, 19, 39)",9.829379644673457
"(29, 34, 39)",9.82775199166582
"(21, 28, 29)",9.827295201323105
"(0, 9, 25)",9.826350394789264
"(14, 31, 48)",9.826015829527423
"(19, 34, 44)",9.824926523569275
"(11, 45, 49)",9.824427844467063
"(0, 16, 30)",9.824278653194167
"(7, 28, 39)",9.824070872372495
"(30, 32, 48)",9.823376552547723
"(6, 45, 49)",9.823224592363777
"(34, 35)",9.822276851416271
"(35, 40, 49)",9.822261269489406
"(10, 30, 38)",9.820854478639719
"(14, 27, 31)",9.820102003547856
"(8, 26, 34)",9.81772668623062
"(8, 29, 38)",9.817509809077038
"(19, 25, 43)",9.814955782044741
"(20, 41, 45)",9.814852680220428
"(0, 19, 45)",9.813875303859
"(10, 35, 48)",9.8116433186322
"(10, 33, 47)",9.811142329007694
"(15, 33, 35)",9.810579361744015
"(2, 19, 48)",9.803089505554226
"(18, 19, 48)",9.803089505554226
"(19, 36, 48)",9.803089505554226
"(19, 42, 48)",9.803089505554226
"(19, 46, 48)",9.803089505554226
"(16, 34, 35)",9.801518936203152
"(5, 17, 35)",9.801350045668112
"(17, 24, 41)",9.79948952962235
"(8, 9, 35)",9.79874107441533
"(24, 39, 43)",9.797563362481464
"(10, 29, 44)",9.795400831429177
"(2, 20, 29)",9.793463275996231
"(18, 20, 29)",9.793463275996231
"(20, 22, 29)",9.793463275996231
"(20, 27, 29)",9.793463275996231
"(20, 29, 42)",9.793463275996231
"(20, 29, 46)",9.793463275996231
"(11, 13, 25)",9.791499729023517
"(4, 14, 27)",9.791038964427335
"(6, 13, 25)",9.790296476920231
"(23, 34, 39)",9.790074660821587
"(21, 23, 28)",9.789617870478871
"(20, 27, 48)",9.787860584532412
"(19, 34, 43)",9.787409501739806
"(15, 32)",9.786220167522785
"(1, 15, 21)",9.785784289701155
"(1, 14, 41)",9.783741294795682
"(8, 39)",9.781155679795209
"(8, 23, 38)",9.779832478232803
"(9, 21, 47)",9.77903559779839
"(15, 16, 32)",9.777481146940827
"(0, 33, 35)",9.776383715558385
"(8, 16, 39)",9.774104821789109
"(7, 17, 24)",9.77365109414578
"(5, 9, 32)",9.773202632011902
"(13, 33, 49)",9.772917393041286
"(1, 24, 47)",9.772725130527533
"(13, 15, 28)",9.77238317405362
"(37, 40, 47)",9.772256455375032
"(5, 29, 43)",9.771206849335236
"(21, 41, 49)",9.771167105714504
"(5, 23, 44)",9.77104654032047
"(30, 35, 48)",9.77082870502486
"(30, 33, 47)",9.770327715400352
"(1, 28, 31)",9.768636018707811
"(17, 25, 47)",9.767448655848472
"(34, 39, 45)",9.765418489008987
"(21, 28, 45)",9.764961698666271
"(11, 13, 34)",9.763953448718583
"(4, 8, 24)",9.762932276979353
"(6, 13, 34)",9.762750196615297
"(8, 25, 37)",9.76155764759638
"(16,)",9.760003105776912
"(7, 40, 47)",9.756143207909467
"(2, 20, 23)",9.755785945151997
"(18, 20, 23)",9.755785945151997
"(20, 22, 23)",9.755785945151997
"(20, 23, 27)",9.755785945151997
"(20, 23, 36)",9.755785945151997
"(20, 23, 42)",9.755785945151997
"(20, 23, 46)",9.755785945151997
"(8, 38, 45)",9.755176306420204
"(11, 37, 39)",9.755168757717836
"(29, 30, 44)",9.754586217821837
"(6, 37, 39)",9.75396550561455
"(1, 11, 38)",9.753456650890026
"(1, 6, 38)",9.752253398786738
"(15, 29, 39)",9.751166354880633
"(10, 30, 31)",9.751018484337283
"(4, 10, 17)",9.747760682960907
"(8, 29, 31)",9.7476738147746
"(5, 26, 41)",9.746496797229954
"(5, 44, 45)",9.74639036850787
"(2, 14, 40)",9.746071863372219
"(17, 33, 38)",9.745849819439593
"(7, 8, 25)",9.745444400130815
"(12, 13, 17)",9.744613266053014
"(19, 26, 33)",9.742776127445605
"(11, 21, 29)",9.742279839202883
"(8, 43, 48)",9.742259061284507
"(8, 15, 26)",9.741141049445433
"(6, 21, 29)",9.741076587099597
"(1, 24, 37)",9.740691082967265
"(17, 34, 47)",9.73990237554354
"(10, 32, 38)",9.73986132620075
"(8, 28, 33)",9.73946561033852
"(7, 11, 39)",9.739055510252271
"(0, 13, 28)",9.73818752786799
"(8, 24, 48)",9.738042917383172
"(6, 7, 39)",9.737852258148987
"(19, 29, 47)",9.736611806395969
"(25, 28, 29)",9.735012998194113
"(8, 34, 37)",9.734011367291444
"(10, 34, 40)",9.73230689170364
"(18, 20, 45)",9.731129773339397
"(20, 22, 45)",9.731129773339397
"(20, 27, 45)",9.731129773339397
"(20, 36, 45)",9.731129773339397
"(20, 45, 46)",9.731129773339397
"(21, 32, 40)",9.730327609091255
"(16, 42)",9.729692495643146
"(1, 5, 10)",9.727966443655482
"(39, 41, 48)",9.727574314614426
"(10, 16, 47)",9.725496266681642
"(15, 16, 35)",9.724933299417964
"(11, 44, 49)",9.724697781206519
"(13, 37, 48)",9.723413568551418
"(26, 37, 49)",9.722108504156
"(5, 9, 35)",9.720654784489039
"(0, 7, 20)",9.720405748301063
"(13, 39, 47)",9.718875801524764
"(9, 24, 41)",9.718794268443277
"(11, 26, 28)",9.71859880288037
"(7, 8, 34)",9.71789811982588
"(0, 29, 39)",9.716970708695003
"(2, 17, 24)",9.71576662274132
"(17, 22, 24)",9.71576662274132
"(17, 24, 27)",9.71576662274132
"(17, 24, 36)",9.71576662274132
"(20, 41, 44)",9.715122616959885
"(15, 23, 39)",9.713489024036399
"(20, 31, 46)",9.712060613337638
"(15, 19, 43)",9.71082386495462
"(9, 17, 20)",9.710245868200321
"(8, 23, 31)",9.709996483930368
"(10, 19, 28)",9.709094370896816
"(5, 43, 45)",9.708873346678402
"(10, 47)",9.70824284713401
"(19, 32, 39)",9.707571878627146
"(28, 29, 34)",9.70746671788918
"(15, 35)",9.70739839623849
"(7, 13, 48)",9.707300321085853
"(4, 17, 30)",9.706946069353567
"(0, 8, 26)",9.706945403259803
"(7, 26, 49)",9.705995256690434
"(11, 21, 23)",9.704602508358649
"(9, 16, 48)",9.703838335888783
"(35, 39, 41)",9.703605979107618
"(6, 21, 23)",9.703399256255363
"(1, 14, 22)",9.700018387914652
"(1, 14, 27)",9.700018387914652
"(1, 14, 42)",9.700018387914652
"(1, 14, 46)",9.700018387914652
"(30, 32, 38)",9.699046712593407
"(19, 23, 47)",9.698934475551734
"(23, 25, 28)",9.69733566734988
"(10, 12, 41)",9.694274448756461
"(1, 15, 25)",9.693502086572163
"(19, 31, 41)",9.692646578178506
"(0, 16, 35)",9.690737653232334
"(32, 35, 48)",9.68983555258589
"(8, 19, 40)",9.689775261541257
"(32, 33, 47)",9.689334562961383
"(15, 39, 45)",9.6888328522238
"(2, 21, 49)",9.687444198833475
"(21, 22, 49)",9.687444198833475
"(21, 27, 49)",9.687444198833475
"(21, 36, 49)",9.687444198833475
"(21, 42, 49)",9.687444198833475
"(21, 46, 49)",9.687444198833475
"(11, 13, 15)",9.687367811933395
"(10, 35, 38)",9.687313478677886
"(13, 16, 49)",9.687271330715236
"(11, 43, 49)",9.687180759377053
"(9, 25, 47)",9.686753394669399
"(6, 13, 15)",9.686164559830111
"(6, 43, 49)",9.685977507273767
"(8, 31, 45)",9.685340312117768
"(16, 30, 47)",9.684681653074303
"(14, 16, 27)",9.684486191854388
"(9, 19, 45)",9.684446313439498
"(14, 22, 30)",9.684410079696194
"(1, 11, 31)",9.683620656587589
"(1, 6, 31)",9.682417404484303
"(20, 42, 47)",9.682221081459838
"(11, 21, 45)",9.679946336546049
"(0, 23, 39)",9.679293377850769
"(25, 41, 49)",9.678884902585512
"(2, 19, 38)",9.678759665599912
"(18, 19, 38)",9.678759665599912
"(19, 27, 38)",9.678759665599912
"(19, 36, 38)",9.678759665599912
"(19, 38, 42)",9.678759665599912
"(19, 38, 46)",9.678759665599912
"(6, 21, 45)",9.678743084442763
"(0, 19, 43)",9.67662821876899
"(17, 31, 33)",9.676013825137158
"(9, 48)",9.675755950944719
"(19, 45, 47)",9.674278303739136
"(29, 32, 44)",9.673593065382866
"(25, 28, 45)",9.67267949553728
"(10, 31, 32)",9.670025331898312
"(23, 28, 34)",9.669789387044945
"(19, 28, 30)",9.668279757289476
"(0, 3, 40)",9.667707215175522
"(12, 28, 38)",9.667330869717901
"(1, 15, 34)",9.66595580626723
"(26, 29, 48)",9.665626794540966
"(21, 28, 44)",9.665231635405728
"(9, 12, 13)",9.66391800487394
"(15, 17, 47)",9.663316738758352
"(5, 37, 41)",9.662781478290778
"(2, 5, 26)",9.662773890348923
"(5, 22, 26)",9.662773890348923
"(5, 26, 27)",9.662773890348923
"(5, 26, 36)",9.662773890348923
"(10, 14, 46)",9.661378958770444
"(16, 17, 38)",9.660203757113543
"(0, 1, 25)",9.659306440386533
"(9, 34, 47)",9.659207114364465
"(19, 33, 37)",9.65906080850643
"(8, 15, 37)",9.657425730506258
"(16, 19, 26)",9.657130065119555
"(0, 35)",9.656104926960046
"(10, 15, 40)",9.655721254918454
"(8, 38, 44)",9.65544624315966
"(19, 35, 39)",9.655024031104283
"(0, 39, 45)",9.65463720603817
"(8, 16, 28)",9.653819548012468
"(12, 30, 41)",9.653459835149123
"(6, 8, 33)",9.653246996115012
"(0, 11, 13)",9.653172165747765
"(0, 6, 13)",9.651968913644481
"(34, 41, 49)",9.65133862228058
"(13, 49)",9.6509054431844
"(11, 25, 29)",9.649997636073891
"(6, 25, 29)",9.648794383970605
"(2, 8, 35)",9.647651833291063
"(30, 47)",9.647020926722998
"(5, 7, 41)",9.646668230825215
"(30, 35, 38)",9.646498865070544
"(28, 34, 45)",9.645133215232345
"(8, 13, 14)",9.644154441475932
"(2, 39, 48)",9.643851407733397
"(18, 39, 48)",9.643851407733397
"(22, 39, 48)",9.643851407733397
"(36, 39, 48)",9.643851407733397
"(39, 42, 48)",9.643851407733397
"(39, 46, 48)",9.643851407733397
"(4, 23, 45)",9.642831627304632
"(3, 40, 48)",9.64224656971295
"(7, 8, 15)",9.641312483040693
"(14, 23, 43)",9.63896787517072
"(14, 28, 49)",9.638622761862086
"(9, 22, 24)",9.635071361562247
"(9, 24, 27)",9.635071361562247
"(9, 24, 36)",9.635071361562247
"(11, 28, 37)",9.634883483941195
"(6, 11, 26)",9.632380188656862
"(1, 8, 35)",9.6316971200126
"(29, 33, 49)",9.63141530009166
"(2, 20, 44)",9.631399710078854
"(18, 20, 44)",9.631399710078854
"(20, 22, 44)",9.631399710078854
"(20, 27, 44)",9.631399710078854
"(20, 36, 44)",9.631399710078854
"(20, 42, 44)",9.631399710078854
"(20, 44, 46)",9.631399710078854
"(15, 28, 29)",9.630881081103993
"(5, 21, 30)",9.630559441776583
"(30, 31, 32)",9.629210718290972
"(0, 17, 47)",9.629121092572722
"(23, 26, 48)",9.627949463696732
"(21, 28, 43)",9.62771461357626
"(8, 12, 24)",9.626592015355758
"(10, 11, 19)",9.624079008776594
"(0, 20, 32)",9.623805218060426
"(0, 8, 37)",9.623230084320628
"(6, 10, 19)",9.622875756673308
"(11, 29, 34)",9.622451355768955
"(7, 37, 49)",9.622279937751259
"(6, 29, 34)",9.621248103665671
"(29, 35, 44)",9.621045217860003
"(7, 11, 28)",9.61877023647563
"(8, 38, 43)",9.617929221330193
"(10, 31, 35)",9.61747748437545
"(11, 20, 35)",9.616273053752767
"(11, 23, 25)",9.612320305229657
"(9, 14, 24)",9.612190159154803
"(6, 23, 25)",9.611117053126371
"(2, 10, 12)",9.61055154187543
"(10, 12, 18)",9.61055154187543
"(10, 12, 27)",9.61055154187543
"(10, 12, 36)",9.61055154187543
"(10, 12, 42)",9.61055154187543
"(32, 34, 40)",9.61049912565733
"(0, 21, 24)",9.610360555471361
"(17, 38)",9.610304082781857
"(5, 43, 44)",9.60914328341786
"(18, 19, 31)",9.608923671297475
"(19, 31, 36)",9.608923671297475
"(19, 31, 42)",9.608923671297475
"(28, 41, 48)",9.607289040837784
"(1, 5, 32)",9.606158677609171
"(4, 42, 45)",9.605969815797831
"(19, 26)",9.605693544790876
"(7, 24, 44)",9.604317336742461
"(16, 32, 47)",9.603688500635332
"(26, 45, 48)",9.603293291884132
"(12, 17, 29)",9.603111173103388
"(8, 28)",9.600727769130248
"(13, 37, 38)",9.599083728597103
"(13, 28, 47)",9.598590527748122
"(24, 30, 37)",9.598361482601124
"(14, 16, 29)",9.596885415909075
"(0, 28, 29)",9.596685434918363
"(14, 32, 49)",9.596540219166831
"(2, 25, 49)",9.595161995704483
"(22, 25, 49)",9.595161995704483
"(25, 27, 49)",9.595161995704483
"(25, 36, 49)",9.595161995704483
"(25, 42, 49)",9.595161995704483
"(25, 46, 49)",9.595161995704483
"(18, 20, 43)",9.593882688249387
"(20, 22, 43)",9.593882688249387
"(20, 27, 43)",9.593882688249387
"(20, 36, 43)",9.593882688249387
"(20, 42, 43)",9.593882688249387
"(20, 43, 46)",9.593882688249387
"(23, 33, 49)",9.593737969247426
"(15, 23, 28)",9.593203750259757
"(16, 17, 31)",9.590367762811105
"(24, 27, 31)",9.588111022792718
"(11, 25, 45)",9.587664133417057
"(6, 25, 45)",9.586460881313771
"(8, 31, 44)",9.585610248857225
"(11, 23, 34)",9.584774024924723
"(7, 22, 49)",9.584385524315255
"(6, 23, 34)",9.583570772821437
"(28, 35, 41)",9.583320705330976
"(11, 19, 30)",9.583264395169254
"(6, 20, 44)",9.583232383216505
"(8, 12, 49)",9.582645739200261
"(9, 15, 47)",9.582621477579277
"(29, 37, 48)",9.58191147560179
"(13, 27, 30)",9.581699350342317
"(13, 30, 36)",9.581699350342317
"(11, 21, 44)",9.580216273285506
"(9, 16, 38)",9.57950849593447
"(2, 5, 37)",9.579058571409748
"(5, 22, 37)",9.579058571409748
"(5, 27, 37)",9.579058571409748
"(5, 36, 37)",9.579058571409748
"(21, 26, 37)",9.577626996234985
"(29, 39, 47)",9.577373708575138
"(30, 31, 35)",9.576662870768109
"(15, 41, 49)",9.574752985495392
"(19, 44, 47)",9.574548240478592
"(3, 4, 24)",9.573849529287697
"(16, 19, 37)",9.57341474618038
"(4, 17, 35)",9.573405069391734
"(25, 28, 44)",9.572949432276737
"(24, 25, 34)",9.572475441588507
"(12, 32, 41)",9.572466682710152
"(1, 14, 43)",9.570202214792046
"(2, 12, 30)",9.569736928268092
"(12, 18, 30)",9.569736928268092
"(12, 30, 42)",9.569736928268092
"(12, 30, 46)",9.569736928268092
"(2, 14, 45)",9.569166244748702
"(15, 28, 45)",9.56854757844716
"(2, 34, 49)",9.56761571539955
"(22, 34, 49)",9.56761571539955
"(27, 34, 49)",9.56761571539955
"(34, 36, 49)",9.56761571539955
"(34, 46, 49)",9.56761571539955
"(6, 8, 16)",9.567600933788961
"(7, 29, 48)",9.565798228136227
"(32, 35, 38)",9.565505712631575
"(12, 17, 23)",9.565433842259154
"(13, 30, 46)",9.563547839354424
"(8, 10, 21)",9.563512003963297
"(14, 27, 33)",9.56343520802623
"(2, 5, 7)",9.562945323944184
"(5, 7, 27)",9.562945323944184
"(5, 7, 36)",9.562945323944184
"(6, 20, 28)",9.5626140481053
"(17, 19, 49)",9.561802999635143
"(7, 21, 26)",9.56151374876942
"(11, 34, 45)",9.560117853112123
"(4, 24, 27)",9.559047983672198
"(0, 23, 28)",9.559008104074127
"(6, 34, 45)",9.558914601008837
"(34, 35, 40)",9.557951278134468
"(14, 23, 40)",9.554439361338929
"(1, 5, 35)",9.553610830086308
"(1, 24, 41)",9.551750314040545
"(10, 28, 39)",9.549856273075985
"(6, 11, 37)",9.548664869717687
"(0, 9, 47)",9.548425831393647
"(8, 31, 43)",9.548093227027756
"(11, 15, 29)",9.54586571898377
"(28, 34, 44)",9.545403151971803
"(6, 15, 29)",9.544662466880485
"(23, 37, 48)",9.544234144757556
"(1, 17, 20)",9.543201913797589
"(4, 23, 44)",9.54310156404409
"(13, 16, 21)",9.542789822794221
"(11, 21, 43)",9.542699251456039
"(5, 6, 30)",9.541783629461202
"(2, 14, 31)",9.541753353232677
"(6, 21, 43)",9.541495999352751
"(26, 29, 38)",9.541296954586652
"(12, 17, 45)",9.540777670446554
"(0, 41, 49)",9.540557339309762
"(23, 39, 47)",9.539696377730905
"(19, 43, 47)",9.537031218649124
"(1, 16, 48)",9.536794381486052
"(25, 28, 43)",9.535432410447267
"(19, 28, 35)",9.534738757327641
"(21, 25, 41)",9.5344033946645
"(0, 28, 45)",9.53435193226153
"(15, 32, 40)",9.533913488872143
"(31, 39, 41)",9.533408480357677
"(6, 7, 11)",9.532551622252123
"(24, 35, 36)",9.532316602578675
"(8, 39, 40)",9.530537163720425
"(13, 31, 37)",9.529247734294668
"(7, 23, 48)",9.528120897291993
"(18, 20, 24)",9.5275221028173
"(32, 47)",9.525531198064543
"(9, 39, 45)",9.525208215618667
"(18, 28, 48)",9.523566133956756
"(28, 36, 48)",9.523566133956756
"(28, 42, 48)",9.523566133956756
"(33, 40)",9.52312071216296
"(9, 12, 29)",9.522415911924314
"(6, 41, 48)",9.521070426614276
"(37, 45, 48)",9.519577972944958
"(2, 38, 39)",9.519521567779082
"(18, 38, 39)",9.519521567779082
"(22, 38, 39)",9.519521567779082
"(27, 38, 39)",9.519521567779082
"(36, 38, 39)",9.519521567779082
"(38, 39, 42)",9.519521567779082
"(38, 39, 46)",9.519521567779082
"(4, 44, 45)",9.51844539223149
"(3, 38, 40)",9.517916729758635
"(39, 45, 47)",9.515040205918304
"(2, 24, 40)",9.514080882617082
"(11, 13, 47)",9.513575165627902
"(7, 13, 31)",9.513134486829102
"(6, 13, 47)",9.512371913524614
"(0, 11, 29)",9.51167007279814
"(0, 6, 29)",9.510466820694855
"(9, 16, 31)",9.509672501632032
"(13, 33, 34)",9.508607401686346
"(11, 15, 23)",9.508188388139535
"(16, 23, 49)",9.508091906921376
"(28, 34, 43)",9.507886130142335
"(6, 15, 23)",9.506985136036251
"(21, 34, 41)",9.506857114359565
"(17, 31)",9.505550091328203
"(23, 26, 38)",9.503619623742416
"(7, 45, 48)",9.503464725479393
"(6, 19, 32)",9.501067990626998
"(1, 4, 10)",9.500021467379103
"(33, 37, 39)",9.4998227106856
"(1, 33, 38)",9.498110603857787
"(6, 35, 41)",9.497102091107468
"(1, 12, 13)",9.49687405047121
"(2, 14, 43)",9.495977475833193
"(31, 32, 35)",9.49566971832914
"(2, 15, 49)",9.491030078614362
"(15, 22, 49)",9.491030078614362
"(15, 27, 49)",9.491030078614362
"(15, 36, 49)",9.491030078614362
"(15, 42, 49)",9.491030078614362
"(15, 46, 49)",9.491030078614362
"(2, 8, 29)",9.489354401575069
"(9, 38)",9.489261191013247
"(2, 12, 32)",9.488743775829121
"(12, 18, 32)",9.488743775829121
"(12, 27, 32)",9.488743775829121
"(12, 32, 36)",9.488743775829121
"(12, 32, 42)",9.488743775829121
"(12, 32, 46)",9.488743775829121
"(11, 25, 44)",9.487934070156514
"(16, 40, 42)",9.486218673212406
"(25, 26, 37)",9.485344793105993
"(14, 20, 48)",9.484906195714135
"(9, 12, 23)",9.48473858108008
"(7, 33, 39)",9.483709463220034
"(8, 37, 47)",9.483633084200763
"(11, 15, 45)",9.483532216326935
"(16, 45, 49)",9.483435735108776
"(13, 32, 46)",9.482554686915453
"(6, 15, 45)",9.482328964223651
"(14, 35, 43)",9.482082856123426
"(10, 40, 47)",9.481928608612957
"(15, 35, 40)",9.48136564134928
"(9, 19, 49)",9.481107738456068
"(4, 43, 45)",9.480928370402022
"(19, 37)",9.480120566382114
"(26, 38, 45)",9.478963451929818
"(5, 14, 46)",9.478570363889594
"(7, 21, 37)",9.477798429830244
"(10, 17, 43)",9.474418332742221
"(0, 11, 23)",9.473992741953905
"(8, 11)",9.473204725949914
"(0, 6, 23)",9.472789489850621
"(6, 8)",9.471399847794986
"(8, 10, 25)",9.471229800834305
"(4, 13, 20)",9.469925267338908
"(33, 44, 49)",9.469351734174282
"(7, 25, 26)",9.469231545640428
"(1, 22, 24)",9.468027407159514
"(1, 24, 27)",9.468027407159514
"(1, 24, 36)",9.468027407159514
"(7, 8, 47)",9.4675198367352
"(24, 28, 32)",9.46717147406543
"(14, 20, 28)",9.467020372523432
"(26, 43, 48)",9.466046206794122
"(10, 11, 39)",9.464840910955763
"(1, 14, 30)",9.464348934941663
"(14, 41, 43)",9.464076510669294
"(6, 10, 39)",9.463637658852477
"(26, 28, 33)",9.463252755848133
"(5, 30, 39)",9.462708196991974
"(11, 34, 44)",9.46038778985158
"(9, 40, 48)",9.460270677820098
"(26, 34, 37)",9.457798512801059
"(29, 37, 38)",9.457581635647475
"(28, 29, 47)",9.457088434798496
"(0, 2, 49)",9.456834432428732
"(0, 22, 49)",9.456834432428732
"(0, 27, 49)",9.456834432428732
"(0, 36, 49)",9.456834432428732
"(0, 42, 49)",9.456834432428732
"(16, 24, 27)",9.45249521109925
"(22, 24, 30)",9.452419098941057
"(14, 18, 33)",9.452181600455603
"(2, 8, 23)",9.451677070730835
"(2, 21, 25)",9.450680487783469
"(18, 21, 25)",9.450680487783469
"(21, 22, 25)",9.450680487783469
"(21, 25, 27)",9.450680487783469
"(21, 25, 36)",9.450680487783469
"(21, 25, 42)",9.450680487783469
"(21, 25, 46)",9.450680487783469
"(13, 16, 25)",9.45050761966523
"(11, 25, 43)",9.450417048327047
"(18, 31, 39)",9.449685573476646
"(22, 31, 39)",9.449685573476646
"(31, 36, 39)",9.449685573476646
"(31, 39, 42)",9.449685573476646
"(0, 11, 45)",9.449336570141305
"(6, 25, 43)",9.44921379622376
"(6, 19, 35)",9.448520143104133
"(0, 6, 45)",9.448133318038021
"(3, 31, 40)",9.4480807354562
"(13, 40, 49)",9.443703672646551
"(8, 10, 34)",9.443683520529373
"(12, 21, 35)",9.443119749405811
"(7, 14, 38)",9.442838444967085
"(8, 21, 32)",9.441704237916987
"(7, 26, 34)",9.441685265335494
"(12, 17, 44)",9.441047607186011
"(27, 29, 30)",9.440197257392692
"(7, 21, 22)",9.439904016394241
"(20, 26, 47)",9.439328583383949
"(29, 49)",9.438652303759959
"(2, 11, 48)",9.438550771836532
"(11, 18, 48)",9.438550771836532
"(11, 36, 48)",9.438550771836532
"(11, 42, 48)",9.438550771836532
"(12, 28, 49)",9.437633654302228
"(6, 18, 48)",9.437347519733247
"(6, 42, 48)",9.437347519733247
"(6, 46, 48)",9.437347519733247
"(2, 12, 35)",9.436195928306258
"(12, 18, 35)",9.436195928306258
"(12, 27, 35)",9.436195928306258
"(12, 35, 42)",9.436195928306258
"(12, 35, 46)",9.436195928306258
"(11, 22, 24)",9.435792589098707
"(13, 21)",9.434183181302876
"(17, 30, 43)",9.433603719134881
"(10, 13, 48)",9.433085721789343
"(13, 15, 33)",9.432021764901158
"(33, 43, 49)",9.431834712344816
"(4, 24, 42)",9.431820975944817
"(10, 26, 49)",9.431780657393926
"(15, 28, 43)",9.43130049335715
"(8, 25, 30)",9.430415187226966
"(15, 21, 41)",9.430271477574378
"(13, 35, 46)",9.43000683939259
"(13, 14, 45)",9.42917729770706
"(1, 31, 33)",9.428274609555352
"(24, 29, 36)",9.427125002838448
"(1, 48)",9.425190019340622
"(2, 21, 34)",9.423134207478535
"(18, 21, 34)",9.423134207478535
"(21, 22, 34)",9.423134207478535
"(21, 27, 34)",9.423134207478535
"(21, 34, 36)",9.423134207478535
"(21, 34, 46)",9.423134207478535
"(13, 16, 34)",9.422961339360295
"(11, 34, 43)",9.422870768022111
"(5, 13, 17)",9.422792448825257
"(5, 12, 22)",9.422548966272569
"(6, 34, 43)",9.421667515918827
"(23, 37, 38)",9.419904304803243
"(23, 28, 47)",9.419411103954264
"(17, 19, 21)",9.417321491714128
"(17, 38, 40)",9.416636099044858
"(16, 37, 39)",9.414176648359549
"(19, 26, 40)",9.41356240705087
"(28, 31, 41)",9.413123206581036
"(1, 16, 38)",9.412464541531737
"(0, 4, 7)",9.41163199572075
"(4, 20, 29)",9.409904773664445
"(0, 20, 46)",9.409863726817202
"(0, 15, 20)",9.409194392037442
"(2, 6, 20)",9.408394046858799
"(23, 24, 43)",9.406976894415584
"(9, 28, 45)",9.404922941842026
"(19, 20, 22)",9.404317096739604
"(10, 14, 22)",9.402939706091097
"(8, 30, 34)",9.40286890692203
"(17, 39, 49)",9.402564901814312
"(23, 27, 30)",9.402519926548457
"(23, 30, 36)",9.402519926548457
"(41, 47, 49)",9.400960339189897
"(14, 37, 43)",9.400259052240953
"(7, 16, 39)",9.398063400893985
"(0, 13, 33)",9.397826118715528
"(0, 28, 43)",9.39710484717152
"(37, 38, 45)",9.395248132990643
"(28, 45, 47)",9.394754932141662
"(16, 40)",9.394651618673885
"(13, 30, 48)",9.392271108182005
"(26, 30, 49)",9.390966043786586
"(12, 14, 36)",9.388852367461597
"(29, 31, 37)",9.38774564134504
"(7, 25, 37)",9.385516226701252
"(9, 31)",9.384507199559593
"(20, 30, 40)",9.382384435022672
"(23, 49)",9.382136307493608
"(15, 26, 37)",9.381212876015871
"(4, 43, 44)",9.38119830714148
"(1, 2, 14)",9.380878854490447
"(28, 33, 37)",9.379537436908958
"(26, 38, 44)",9.379233388669276
"(27, 30, 45)",9.377863754735857
"(30, 36, 45)",9.377863754735857
"(16, 26, 28)",9.377606693522083
"(6, 26, 33)",9.377034141624625
"(28, 35, 39)",9.375500659506812
"(5, 10, 41)",9.372453631528705
"(11, 29, 47)",9.372073072678274
"(7, 29, 31)",9.371632393879477
"(6, 29, 47)",9.370869820574988
"(10, 19, 33)",9.368732961744357
"(29, 33, 34)",9.367105308736718
"(8, 10, 15)",9.367097883744185
"(7, 43, 48)",9.366217640389383
"(20, 28, 46)",9.366143679740063
"(0, 20, 48)",9.365870158812506
"(7, 10, 14)",9.365182316941176
"(7, 15, 26)",9.365099628550308
"(16, 24, 29)",9.364894435153937
"(24, 32, 49)",9.364549238411694
"(16, 21, 23)",9.363610399000361
"(7, 28, 33)",9.363424189443393
"(14, 20, 38)",9.360576355759822
"(9, 12, 44)",9.360352346006938
"(32, 40, 47)",9.360120842566648
"(20, 22, 28)",9.360020371101026
"(7, 34, 37)",9.35796994639632
"(1, 12, 29)",9.355371957521584
"(17, 32, 43)",9.35261056669591
"(2, 4, 37)",9.35111359513337
"(4, 18, 37)",9.35111359513337
"(4, 22, 37)",9.35111359513337
"(4, 37, 42)",9.35111359513337
"(4, 37, 46)",9.35111359513337
"(23, 31, 37)",9.350068310500806
"(8, 25, 32)",9.349422034787995
"(10, 37, 49)",9.34806533845475
"(9, 24, 37)",9.347800177656163
"(7, 22, 25)",9.347621813265249
"(0, 26, 37)",9.347017229830241
"(17, 31, 40)",9.346800104742421
"(2, 15, 21)",9.346548570693347
"(15, 18, 21)",9.346548570693347
"(15, 21, 22)",9.346548570693347
"(15, 21, 27)",9.346548570693347
"(15, 21, 36)",9.346548570693347
"(15, 21, 42)",9.346548570693347
"(15, 21, 46)",9.346548570693347
"(13, 15, 16)",9.34637570257511
"(11, 15, 43)",9.346285131236925
"(16, 43, 49)",9.346188650018764
"(5, 28, 38)",9.345510052490143
"(45, 49)",9.345152049774708
"(6, 15, 43)",9.345081879133641
"(10, 11, 28)",9.344555637179122
"(2, 14, 41)",9.344505575787876
"(14, 18, 41)",9.344505575787876
"(14, 22, 41)",9.344505575787876
"(14, 41, 42)",9.344505575787876
"(14, 41, 46)",9.344505575787876
"(4, 14, 41)",9.344083171962934
"(12, 25, 35)",9.34282171829674
"(1, 16, 31)",9.342628547229301
"(5, 9, 13)",9.342097187646182
"(6, 32, 39)",9.341829892806167
"(26, 38, 43)",9.341716366839808
"(1, 9, 24)",9.341376611938331
"(16, 21, 45)",9.338954227187761
"(1, 24, 43)",9.338211234036908
"(15, 25, 41)",9.337989274445386
"(9, 19, 21)",9.336626230535053
"(9, 38, 40)",9.335940837865785
"(11, 23, 47)",9.33439574183404
"(7, 23, 31)",9.333955063035242
"(6, 23, 47)",9.333192489730756
"(0, 8, 10)",9.332902237558555
"(24, 27, 33)",9.331444227271092
"(19, 37, 40)",9.329847088111695
"(0, 12, 34)",9.32965676538119
"(23, 33, 34)",9.329427977892486
"(18, 28, 31)",9.329400299700005
"(28, 31, 36)",9.329400299700005
"(28, 31, 42)",9.329400299700005
"(19, 30, 33)",9.327918348137016
"(2, 8, 44)",9.327290835657692
"(6, 31, 41)",9.326904592357527
"(8, 15, 30)",9.326283270136845
"(1, 4, 35)",9.32566585380993
"(31, 37, 45)",9.325412138688208
"(8, 11, 40)",9.325236527823563
"(17, 19, 25)",9.325039288585137
"(6, 8, 40)",9.324033275720277
"(9, 12, 43)",9.322835324177468
"(23, 24, 40)",9.322448380583792
"(8, 32, 34)",9.321875754483061
"(9, 39, 49)",9.321869640635239
"(7, 22, 34)",9.320075532960313
"(9, 11, 45)",9.319907579721804
"(6, 9, 45)",9.318704327618518
"(1, 12, 23)",9.31769462667735
"(2, 47, 49)",9.317237432308868
"(22, 47, 49)",9.317237432308868
"(27, 47, 49)",9.317237432308868
"(36, 47, 49)",9.317237432308868
"(46, 47, 49)",9.317237432308868
"(2, 11, 38)",9.314220931882218
"(11, 18, 38)",9.314220931882218
"(11, 27, 38)",9.314220931882218
"(11, 36, 38)",9.314220931882218
"(11, 38, 42)",9.314220931882218
"(1, 19, 49)",9.314063784053339
"(6, 18, 38)",9.313017679778932
"(6, 27, 38)",9.313017679778932
"(6, 38, 42)",9.313017679778932
"(6, 38, 46)",9.313017679778932
"(0, 13, 16)",9.31218005638948
"(0, 11, 43)",9.312089485051295
"(13, 32, 48)",9.311277955743034
"(0, 6, 43)",9.310886232948011
"(15, 34, 41)",9.310442994140454
"(2, 24, 31)",9.30976237247754
"(11, 45, 47)",9.309739570021442
"(7, 31, 45)",9.309298891222642
"(5, 42, 47)",9.30917131290957
"(10, 13, 38)",9.30875588183503
"(6, 45, 47)",9.308536317918154
"(5, 8, 24)",9.304771198128002
"(9, 24, 33)",9.304064957374809
"(0, 25, 41)",9.303793628259756
"(11, 28, 30)",9.303741023571781
"(29, 40, 49)",9.302201579696924
"(1, 14, 18)",9.299892397537919
"(13, 21, 40)",9.299222164725537
"(17, 19, 34)",9.297493008280203
"(3, 25, 38)",9.296181521206618
"(13, 25)",9.295759876609388
"(37, 38, 44)",9.2955180697301
"(28, 44, 47)",9.29502486888112
"(16, 28, 37)",9.293891374582907
"(6, 33, 37)",9.29331882268545
"(1, 40, 48)",9.293226723417368
"(1, 12, 45)",9.29303845486475
"(0, 8, 30)",9.292087623951215
"(10, 29, 48)",9.291583628839717
"(6, 16, 26)",9.291388079298574
"(7, 30, 49)",9.291137477381845
"(14, 20, 31)",9.290740361457384
"(15, 29, 33)",9.290519671951532
"(4, 12, 26)",9.290192045063867
"(6, 35, 39)",9.289282045283304
"(2, 5, 10)",9.288730724647674
"(5, 10, 27)",9.288730724647674
"(5, 10, 36)",9.288730724647674
"(10, 21, 26)",9.287299149472911
"(14, 17, 42)",9.283353163029183
"(20, 38, 41)",9.28316709312758
"(10, 16, 19)",9.283086899418306
"(12, 16, 33)",9.282096632354357
"(7, 15, 37)",9.281384309611132
"(5, 17, 29)",9.281290355875631
"(27, 30, 44)",9.278133691475315
"(30, 36, 44)",9.278133691475315
"(13, 20, 26)",9.277834198489186
"(7, 16, 28)",9.277778127117344
"(6, 7, 33)",9.277205575219886
"(13, 19, 39)",9.276466434261428
"(14, 27, 41)",9.273223676146946
"(16, 23, 25)",9.27132819587137
"(13, 30, 38)",9.26794126822769
"(9, 31, 40)",9.266104843563348
"(12, 25, 38)",9.264444224938995
"(2, 24, 43)",9.263986495078056
"(5, 8, 49)",9.260824921972505
"(2, 14, 18)",9.260782668906845
"(2, 14, 22)",9.260782668906845
"(2, 14, 27)",9.260782668906845
"(2, 14, 42)",9.260782668906845
"(2, 14, 46)",9.260782668906845
"(14, 18, 22)",9.260782668906845
"(14, 18, 27)",9.260782668906845
"(14, 18, 42)",9.260782668906845
"(14, 18, 46)",9.260782668906845
"(14, 22, 27)",9.260782668906845
"(14, 22, 42)",9.260782668906845
"(14, 22, 46)",9.260782668906845
"(14, 27, 42)",9.260782668906845
"(14, 27, 46)",9.260782668906845
"(14, 42, 46)",9.260782668906845
"(13, 35, 48)",9.25873010822017
"(6, 10, 11)",9.258337022955613
"(13, 33, 47)",9.258229118595665
"(17, 21, 39)",9.258083393893298
"(28, 43, 47)",9.257507847051652
"(26, 35, 49)",9.257425043824751
"(21, 41, 47)",9.256478831268883
"(0, 29, 33)",9.256324025765903
"(20, 24, 45)",9.255494160190686
"(13, 34)",9.254440456151986
"(2, 15, 25)",9.254266367564355
"(15, 18, 25)",9.254266367564355
"(15, 22, 25)",9.254266367564355
"(15, 25, 27)",9.254266367564355
"(15, 25, 36)",9.254266367564355
"(15, 25, 42)",9.254266367564355
"(15, 25, 46)",9.254266367564355
"(10, 23, 48)",9.253906297995483
"(15, 23, 33)",9.252842341107298
"(29, 30, 48)",9.250769015232377
"(5, 32, 41)",9.250645865482396
"(24, 35, 43)",9.25009187536829
"(19, 32, 33)",9.246925195698047
"(16, 25, 45)",9.24667202405877
"(8, 15, 32)",9.245290117697875
"(11, 18, 31)",9.244384937579781
"(11, 31, 36)",9.244384937579781
"(11, 31, 42)",9.244384937579781
"(9, 19, 25)",9.244344027406061
"(6, 20, 22)",9.244211955352839
"(16, 23, 34)",9.243781915566435
"(5, 17, 23)",9.243613025031397
"(7, 15, 22)",9.243489896175127
"(6, 18, 31)",9.243181685476497
"(6, 31, 42)",9.243181685476497
"(33, 35, 41)",9.242959296178517
"(13, 29, 44)",9.242487621017148
"(16, 19, 30)",9.242272285810966
"(37, 39)",9.241263419650867
"(27, 30, 43)",9.240616669645846
"(30, 36, 43)",9.240616669645846
"(40, 45, 49)",9.239868077040091
"(12, 35, 47)",9.238944169663544
"(10, 13, 31)",9.238919887532592
"(1, 38)",9.23869525940915
"(1, 24, 30)",9.232357954186526
"(24, 41, 43)",9.232085529914157
"(10, 45, 48)",9.229250126182883
"(2, 15, 34)",9.226720087259423
"(15, 18, 34)",9.226720087259423
"(15, 22, 34)",9.226720087259423
"(15, 27, 34)",9.226720087259423
"(15, 34, 36)",9.226720087259423
"(15, 34, 46)",9.226720087259423
"(31, 37, 44)",9.225682075427665
"(21, 29)",9.221930041878437
"(15, 17, 19)",9.220907371495016
"(0, 2, 25)",9.220070721378725
"(0, 18, 25)",9.220070721378725
"(0, 22, 25)",9.220070721378725
"(0, 25, 27)",9.220070721378725
"(0, 25, 36)",9.220070721378725
"(0, 25, 42)",9.220070721378725
"(16, 34, 45)",9.219125743753835
"(5, 17, 45)",9.218956853218797
"(0, 23, 33)",9.218646694921668
"(20, 21, 33)",9.217954529816765
"(7, 39)",9.217093548452521
"(9, 19, 34)",9.216797747101129
"(20, 44, 48)",9.21631773150025
"(23, 30, 48)",9.213091684388143
"(7, 24, 38)",9.210847464211948
"(11, 44, 47)",9.210009506760898
"(10, 33, 39)",9.209494863923526
"(6, 16, 37)",9.207672760359399
"(11, 12, 16)",9.2058529137504
"(33, 34, 44)",9.205041742819343
"(10, 21, 37)",9.203583830533736
"(16, 21, 43)",9.20170714209775
"(5, 9, 29)",9.200595094696556
"(3, 24, 40)",9.200222100491095
"(13, 30, 31)",9.198105273925254
"(8, 16, 42)",9.197595302038138
"(11, 17, 49)",9.197264265917449
"(6, 17, 49)",9.196061013814163
"(44, 49)",9.195556954883894
"(10, 25, 26)",9.19501694634392
"(4, 12, 22)",9.194603989996189
"(19, 33, 35)",9.194377348175184
"(1, 12, 44)",9.193308391604207
"(8, 10, 47)",9.19330523743869
"(8, 18, 35)",9.192461401004792
"(8, 22, 35)",9.192461401004792
"(8, 27, 35)",9.192461401004792
"(8, 35, 42)",9.192461401004792
"(8, 35, 46)",9.192461401004792
"(6, 7, 16)",9.191559512893836
"(30, 45, 48)",9.188435512575545
"(17, 20, 41)",9.187689101670813
"(13, 32, 38)",9.18694811578872
"(0, 17, 19)",9.186711725309387
"(26, 28)",9.186408487394667
"(20, 39, 43)",9.185762934529926
"(16, 41, 48)",9.181281569359275
"(13, 34, 40)",9.17939368129161
"(9, 21, 39)",9.177388132714224
"(1, 5, 13)",9.175053233243453
"(35, 37, 49)",9.173709724885576
"(2, 21, 47)",9.172755924387854
"(18, 21, 47)",9.172755924387854
"(21, 22, 47)",9.172755924387854
"(21, 27, 47)",9.172755924387854
"(21, 36, 47)",9.172755924387854
"(21, 46, 47)",9.172755924387854
"(13, 16, 47)",9.172583056269612
"(11, 43, 47)",9.17249248493143
"(7, 31, 43)",9.172051806132632
"(8, 9, 48)",9.17164730664583
"(6, 43, 47)",9.171289232828144
"(10, 22, 24)",9.17094872533596
"(37, 39, 40)",9.170608990290864
"(29, 32, 48)",9.169775862793408
"(1, 19, 21)",9.169582276132324
"(1, 38, 40)",9.168896883463052
"(24, 37, 43)",9.168268071485816
"(33, 34, 43)",9.167524720989874
"(10, 26, 34)",9.167470666038986
"(10, 29, 38)",9.167253788885404
"(15, 16, 23)",9.167196278781248
"(2, 5, 32)",9.166922958601365
"(5, 22, 32)",9.166922958601365
"(5, 27, 32)",9.166922958601365
"(5, 32, 36)",9.166922958601365
"(21, 26, 32)",9.165491383426602
"(21, 23)",9.165414045612085
"(12, 21, 30)",9.165108043829674
"(25, 41, 47)",9.16419662813989
"(5, 9, 23)",9.162917763852322
"(7, 17, 20)",9.161850666194242
"(16, 19, 32)",9.161279133371997
"(1, 20, 47)",9.160924702575997
"(21, 29, 40)",9.157720071775909
"(7, 35, 49)",9.157596477420013
"(16, 35, 41)",9.157313233852467
"(13, 19, 28)",9.156181160484786
"(1, 39, 49)",9.154825686232506
"(7, 39, 40)",9.1544957428253
"(25, 26, 30)",9.15420233273658
"(8, 30, 47)",9.15249062383135
"(1, 2, 24)",9.14888787373531
"(15, 16, 45)",9.14254010696865
"(12, 13, 41)",9.141361238344432
"(9, 15, 19)",9.140212110315941
"(40, 44, 49)",9.140138013779548
"(13, 15)",9.139562000974207
"(43, 49)",9.139281422139693
"(17, 34, 39)",9.138254910459372
"(17, 21, 28)",9.137798120116656
"(11, 24, 41)",9.13773849886108
"(34, 41, 47)",9.136650347834957
"(19, 29, 39)",9.1349643413118
"(13, 35, 38)",9.134400268265857
"(1, 31)",9.133941267955496
"(7, 10, 24)",9.133191336186039
"(0, 16, 23)",9.133000632595618
"(23, 32, 48)",9.132098531949174
"(10, 23, 38)",9.12957645804117
"(1, 20, 37)",9.128890655015727
"(2, 9, 24)",9.128750648431444
"(21, 45)",9.128429787893186
"(8, 17, 38)",9.128012727870589
"(26, 30, 34)",9.126656052431645
"(29, 30, 38)",9.126439175278062
"(8, 19, 26)",9.1249390358766
"(10, 16, 39)",9.123848801597475
"(5, 21, 35)",9.121298932178053
"(5, 17, 44)",9.119226789958255
"(4, 28, 38)",9.117565076213765
"(29, 35, 48)",9.117228015270545
"(13, 31, 32)",9.117112121486283
"(29, 33, 47)",9.116727025646037
"(9, 11, 49)",9.116569004738373
"(5, 28, 49)",9.115812837074472
"(6, 9, 49)",9.115365752635089
"(2, 5, 35)",9.114375111078502
"(5, 22, 35)",9.114375111078502
"(5, 27, 35)",9.114375111078502
"(6, 12, 30)",9.113155774145783
"(2, 24, 41)",9.112514595032739
"(22, 24, 41)",9.112514595032739
"(24, 36, 41)",9.112514595032739
"(4, 24, 41)",9.112092191207797
"(10, 25, 37)",9.111301627404744
"(16, 25, 43)",9.109424938968758
"(16, 19, 35)",9.108731285849132
"(0, 16, 45)",9.10834446078302
"(7, 37, 47)",9.107591663305637
"(32, 45, 48)",9.107442360136574
"(9, 20, 41)",9.10699384049174
"(0, 9, 19)",9.106016464130311
"(10, 38, 45)",9.10492028622857
"(2, 17, 20)",9.103966194789782
"(17, 18, 20)",9.103966194789782
"(17, 20, 22)",9.103966194789782
"(17, 20, 27)",9.103966194789782
"(17, 20, 36)",9.103966194789782
"(17, 20, 46)",9.103966194789782
"(13, 15, 40)",9.102808044506425
"(40, 43, 49)",9.10262099195008
"(1, 31, 40)",9.099060889160617
"(2, 16, 48)",9.097558662478246
"(16, 18, 48)",9.097558662478246
"(16, 22, 48)",9.097558662478246
"(16, 36, 48)",9.097558662478246
"(16, 46, 48)",9.097558662478246
"(10, 29, 31)",9.097417794582967
"(19, 23, 39)",9.097287010467568
"(6, 24, 36)",9.097155053036053
"(21, 40, 45)",9.095386569119077
"(20, 33, 45)",9.094679570152318
"(10, 43, 48)",9.092003041092873
"(15, 33, 43)",9.090939084204688
"(10, 15, 26)",9.090885029253798
"(8, 33)",9.090185655401559
"(10, 28, 33)",9.089209590146885
"(23, 30, 38)",9.08876184443383
"(0, 13)",9.088268531695762
"(32, 33, 39)",9.087687097877215
"(12, 33, 48)",9.086755103980058
"(10, 34, 37)",9.08375534709981
"(25, 29)",9.083506737184948
"(16, 34, 43)",9.081878658663825
"(21, 32, 37)",9.081776064487425
"(2, 25, 47)",9.080473721258862
"(18, 25, 47)",9.080473721258862
"(22, 25, 47)",9.080473721258862
"(25, 27, 47)",9.080473721258862
"(25, 36, 47)",9.080473721258862
"(25, 46, 47)",9.080473721258862
"(23, 35, 48)",9.07955068442631
"(23, 33, 47)",9.079049694801803
"(1, 19, 25)",9.077300073003332
"(25, 26, 32)",9.07320918029761
"(31, 33, 41)",9.072761797428575
"(19, 39, 45)",9.072630838654968
"(8, 32, 47)",9.07149747139238
"(11, 13, 19)",9.071165798364564
"(6, 13, 19)",9.069962546261278
"(8, 33, 40)",9.069890480791326
"(7, 22, 47)",9.069697249869632
"(5, 14, 36)",9.067031550233839
"(7, 21, 32)",9.065662817021861
"(13, 31, 35)",9.06456427396342
"(30, 38, 45)",9.06410567262123
"(23, 29, 44)",9.063308197223286
"(15, 17, 39)",9.061669273674184
"(28, 37)",9.060835508985905
"(2, 4, 10)",9.060785748371295
"(4, 10, 18)",9.060785748371295
"(4, 10, 42)",9.060785748371295
"(15, 41, 47)",9.060064711049769
"(10, 23, 31)",9.059740463738732
"(14, 28, 48)",9.059071843721107
"(11, 26)",9.058885444214335
"(2, 33, 38)",9.058874884849981
"(22, 33, 38)",9.058874884849981
"(33, 36, 38)",9.058874884849981
"(33, 38, 42)",9.058874884849981
"(33, 38, 46)",9.058874884849981
"(8, 17, 31)",9.058176733568153
"(2, 12, 13)",9.057638331463401
"(12, 13, 18)",9.057638331463401
"(12, 13, 27)",9.057638331463401
"(12, 13, 36)",9.057638331463401
"(12, 13, 42)",9.057638331463401
"(9, 34, 39)",9.057559649280297
"(9, 21, 28)",9.057102858937583
"(6, 26)",9.057080566059406
"(0, 33, 43)",9.056743438019058
"(0, 10, 26)",9.056689383068168
"(29, 30, 31)",9.056603180975626
"(35, 45, 48)",9.05489451261371
"(7, 25, 30)",9.054373766331839
"(3, 15, 20)",9.054201647657877
"(2, 34, 47)",9.052927440953926
"(18, 34, 47)",9.052927440953926
"(22, 34, 47)",9.052927440953926
"(27, 34, 47)",9.052927440953926
"(34, 36, 47)",9.052927440953926
"(34, 46, 47)",9.052927440953926
"(11, 17, 21)",9.052782757996434
"(6, 17, 21)",9.051579505893148
"(30, 43, 48)",9.051188427485533
"(15, 26, 30)",9.050070415646458
"(1, 19, 34)",9.049753792698397
"(11, 26, 40)",9.049023673333176
"(28, 30, 33)",9.048394976539544
"(6, 26, 40)",9.04782042122989
"(8, 9, 38)",9.047317466691515
"(17, 19, 47)",9.04711472518952
"(26, 32, 34)",9.045662899992674
"(17, 25, 28)",9.045515916987664
"(29, 32, 38)",9.045446022839092
"(10, 19)",9.044628796239003
"(12, 26, 39)",9.04340547715896
"(29, 34)",9.042187316727547
"(24, 27, 41)",9.041232695391809
"(8, 19, 37)",9.041223716937427
"(10, 19, 40)",9.039519241349621
"(29, 44, 45)",9.038652025410688
"(5, 9, 44)",9.03853152877918
"(29, 34, 40)",9.037891588341985
"(7, 28)",9.036665637787559
"(33, 35, 39)",9.035139250354352
"(10, 31, 45)",9.035084291926132
"(1, 5, 29)",9.033551140293826
"(8, 24, 49)",9.031610491192527
"(40,)",9.029300131570858
"(2, 22, 24)",9.028791688151708
"(2, 24, 27)",9.028791688151708
"(2, 24, 36)",9.028791688151708
"(22, 24, 27)",9.028791688151708
"(22, 24, 36)",9.028791688151708
"(24, 27, 36)",9.028791688151708
"(0, 17, 39)",9.027473627488554
"(23, 25)",9.026990740918597
"(7, 30, 34)",9.026827486026907
"(0, 41, 47)",9.025869064864139
"(12, 30, 39)",9.024428897988841
"(9, 18, 20)",9.023270933610709
"(9, 20, 22)",9.023270933610709
"(9, 20, 27)",9.023270933610709
"(9, 20, 36)",9.023270933610709
"(9, 20, 42)",9.023270933610709
"(9, 20, 46)",9.023270933610709
"(5, 25, 35)",9.021000901068984
"(2, 4, 30)",9.019971134763956
"(4, 18, 30)",9.019971134763956
"(4, 30, 42)",9.019971134763956
"(4, 30, 46)",9.019971134763956
"(23, 30, 31)",9.018925850131392
"(3, 20, 25)",9.01876566636533
"(17, 28, 34)",9.01796963668273
"(10, 30, 49)",9.016922878085337
"(0, 26, 30)",9.015874769460828
"(4, 17, 23)",9.015668048755018
"(19, 28, 29)",9.01467906753516
"(1, 21, 39)",9.010344178311492
"(0, 5, 34)",9.007835948153431
"(23, 32, 38)",9.007768691994858
"(10, 15, 37)",9.007169710314624
"(15, 16, 43)",9.005293021878638
"(10, 38, 44)",9.005190222968027
"(1, 8, 48)",9.004603352243098
"(10, 16, 28)",9.003563527820834
"(6, 10, 33)",9.002990975923376
"(16, 32, 39)",9.002041035551166
"(5, 9, 43)",9.001014506949712
"(12, 29, 41)",8.999859145394806
"(0, 20, 21)",8.998560127519823
"(13, 28, 39)",8.996943062663956
"(1, 5, 23)",8.995873809449591
"(21, 40, 44)",8.995656505858534
"(30, 31, 45)",8.994269678318794
"(16, 23, 47)",8.993403632475754
"(26, 34, 35)",8.993115052469811
"(29, 35, 38)",8.99289817531623
"(7, 20, 44)",8.992516908790924
"(4, 17, 45)",8.99101187694242
"(8, 35, 41)",8.990486613291493
"(25, 45)",8.990006483199698
"(25, 32, 37)",8.989493861358433
"(22, 31, 33)",8.989038890547544
"(31, 33, 36)",8.989038890547544
"(31, 33, 42)",8.989038890547544
"(16, 31, 41)",8.987115735102526
"(20, 30, 37)",8.986561054649586
"(23, 34)",8.985671320461197
"(8, 16, 40)",8.984244418465273
"(19, 30)",8.983406875827992
"(32, 38, 45)",8.98311252018226
"(11, 14, 20)",8.982601349051489
"(20, 31, 48)",8.982224420820748
"(9, 15, 39)",8.98097401249511
"(9, 16, 45)",8.978915470363516
"(21, 44)",8.978834693002371
"(8, 9, 31)",8.97748147238908
"(19, 23, 28)",8.977001736690926
"(2, 15, 47)",8.97634180416874
"(15, 18, 47)",8.97634180416874
"(15, 22, 47)",8.97634180416874
"(15, 27, 47)",8.97634180416874
"(15, 36, 47)",8.97634180416874
"(15, 46, 47)",8.97634180416874
"(20, 27, 31)",8.97631059484118
"(29, 31, 32)",8.975610028536657
"(34, 40, 45)",8.975558085685151
"(12, 17, 48)",8.973929714525228
"(7, 25, 32)",8.97338061389287
"(4, 8, 12)",8.973366149707449
"(2, 16, 38)",8.97322882252393
"(16, 18, 38)",8.97322882252393
"(16, 22, 38)",8.97322882252393
"(16, 36, 38)",8.97322882252393
"(16, 38, 46)",8.97322882252393
"(1, 15, 19)",8.97316815591321
"(0, 10, 37)",8.972974064128994
"(9, 11, 21)",8.972087496817359
"(1, 5, 45)",8.971217637636993
"(0, 16, 43)",8.971097375693008
"(6, 9, 21)",8.970884244714075
"(32, 43, 48)",8.970195275046564
"(15, 26, 32)",8.969077263207488
"(16, 45, 47)",8.968747460663153
"(4, 5, 26)",8.96837122783611
"(3, 8, 24)",8.967709662877438
"(10, 38, 43)",8.96767320113856
"(9, 19, 47)",8.966419464010446
"(11, 37, 40)",8.965308354394
"(9, 25, 28)",8.964820655808591
"(30, 38, 44)",8.964375609360687
"(4, 12, 32)",8.96420681514761
"(6, 37, 40)",8.964105102290715
"(16, 28, 30)",8.962748914213494
"(12, 23, 41)",8.962181814550572
"(32, 34, 37)",8.9619475810535
"(8, 16)",8.961716561912482
"(15, 29, 40)",8.961305951556797
"(20, 25, 34)",8.960675013636969
"(11, 17, 25)",8.960500554867442
"(5, 16, 33)",8.9602758151266
"(6, 17, 25)",8.959297302764156
"(19, 41, 49)",8.95855097192656
"(21, 40, 43)",8.958139484029065
"(23, 35, 38)",8.955220844471995
"(33, 44, 47)",8.95466345972866
"(19, 28, 45)",8.952345564878327
"(7, 15, 30)",8.950241849241719
"(1, 11, 49)",8.949525050335644
"(16, 35, 39)",8.949493188028303
"(7, 11, 40)",8.949195106928435
"(34, 45)",8.948687062742298
"(1, 6, 49)",8.948321798232357
"(6, 7, 40)",8.947991854825151
"(4, 20, 27)",8.94724755572066
"(0, 9, 39)",8.94677836630948
"(7, 32, 34)",8.945834333587936
"(5, 25, 38)",8.942623407711238
"(0, 2, 47)",8.94214615798311
"(0, 18, 47)",8.94214615798311
"(0, 22, 47)",8.94214615798311
"(0, 27, 47)",8.94214615798311
"(0, 36, 47)",8.94214615798311
"(17, 33, 49)",8.941918218885212
"(15, 17, 28)",8.941383999897543
"(1, 20, 41)",8.939949886089007
"(0, 1, 19)",8.93897250972758
"(23, 31, 32)",8.937932697692423
"(40, 41, 48)",8.93771391129059
"(12, 41, 45)",8.937525642737972
"(9, 28, 34)",8.937274375503655
"(10, 31, 44)",8.93535422866559
"(5, 30, 40)",8.934494093633369
"(11, 37)",8.933312465805573
"(11, 17, 34)",8.932954274562508
"(6, 17, 34)",8.931751022459222
"(6, 37)",8.931507587650644
"(35, 38, 45)",8.930564672659397
"(11, 19, 29)",8.929663705414939
"(13, 40, 47)",8.929015398200928
"(6, 19, 29)",8.928460453311653
"(15, 29)",8.927308861549768
"(30, 38, 43)",8.926858587531218
"(29, 31, 35)",8.923062181013794
"(21, 43)",8.922559160258169
"(13, 17, 43)",8.921505122330192
"(16, 26, 42)",8.921382447547751
"(20, 35, 36)",8.920516174627137
"(19, 32, 40)",8.91771147530331
"(6, 10, 16)",8.917344913597326
"(33, 43, 47)",8.917146437899193
"(5, 35, 47)",8.917123352435786
"(15, 26, 35)",8.916529415684625
"(2, 12, 29)",8.916136238513776
"(12, 18, 29)",8.916136238513776
"(12, 27, 29)",8.916136238513776
"(12, 29, 42)",8.916136238513776
"(12, 29, 46)",8.916136238513776
"(28, 33, 35)",8.91485397657771
"(35, 40, 41)",8.913745575783782
"(31, 32, 45)",8.913276525879823
"(11, 13, 39)",8.911927700543734
"(6, 13, 39)",8.910724448440448
"(12, 27, 48)",8.910533547049956
"(13, 29, 46)",8.909947149600107
"(34, 35, 37)",8.909399733530638
"(7, 11)",8.909142594607225
"(6, 7)",8.907337716452297
"(0, 17, 28)",8.907188353711913
"(16, 18, 31)",8.903392828221495
"(16, 22, 31)",8.903392828221495
"(16, 31, 36)",8.903392828221495
"(2, 20, 40)",8.902280454665544
"(29, 43, 44)",8.901404940320676
"(15, 40, 45)",8.898972448899965
"(10, 31, 43)",8.897837206836122
"(9, 26, 48)",8.895434452155444
"(30, 31, 44)",8.89453961505825
"(7, 34, 35)",8.893286486065072
"(11, 19, 23)",8.891986374570704
"(41, 48)",8.891920801150457
"(4, 17, 44)",8.891281813681875
"(6, 19, 23)",8.890783122467418
"(1, 34, 39)",8.890515694877568
"(1, 21, 28)",8.89005890453485
"(17, 39, 47)",8.88787662736869
"(4, 28, 49)",8.887867860798092
"(2, 4, 35)",8.886430134802122
"(4, 18, 35)",8.886430134802122
"(4, 22, 35)",8.886430134802122
"(4, 35, 42)",8.886430134802122
"(4, 35, 46)",8.886430134802122
"(23, 31, 35)",8.885384850169558
"(15, 32, 37)",8.885361944268313
"(5, 11, 16)",8.884032096522642
"(32, 38, 44)",8.883382456921716
"(10, 35, 49)",8.883381878123505
"(0, 26, 35)",8.882333769498995
"(8, 37, 39)",8.881985619116595
"(6, 32, 33)",8.881183209877067
"(10, 39, 40)",8.88028114352879
"(1, 8, 38)",8.880273512288785
"(9, 11, 25)",8.879805293688367
"(13, 47)",8.878873031515965
"(6, 9, 25)",8.878602041585083
"(2, 12, 23)",8.878458907669541
"(12, 18, 23)",8.878458907669541
"(12, 23, 27)",8.878458907669541
"(12, 23, 36)",8.878458907669541
"(12, 23, 42)",8.878458907669541
"(12, 23, 46)",8.878458907669541
"(0, 29)",8.876015392271324
"(34, 40, 44)",8.875828022424608
"(2, 19, 49)",8.87482806504553
"(19, 27, 49)",8.87482806504553
"(19, 36, 49)",8.87482806504553
"(19, 42, 49)",8.87482806504553
"(19, 46, 49)",8.87482806504553
"(35, 41)",8.874246551344202
"(4, 38, 48)",8.874020895353771
"(13, 23, 46)",8.872269818755873
"(1, 5, 44)",8.871487574376449
"(15, 23)",8.870792865283416
"(11, 20, 46)",8.870664643230388
"(7, 15, 32)",8.86924869680275
"(8, 21, 29)",8.869096700601641
"(14, 20, 34)",8.867876192340777
"(11, 19, 45)",8.867330202758104
"(6, 19, 45)",8.866126950654818
"(7, 8, 39)",8.865872371651031
"(19, 35, 40)",8.865163627780447
"(14, 28, 31)",8.864906009464356
"(19, 32)",8.861917147169539
"(31, 35, 45)",8.86072867835696
"(9, 15, 28)",8.86068873871847
"(30, 31, 43)",8.857022593228782
"(11, 15, 17)",8.85636863777732
"(16, 17, 49)",8.856272156559161
"(1, 20, 22)",8.856226979207976
"(1, 20, 27)",8.856226979207976
"(1, 20, 36)",8.856226979207976
"(1, 20, 42)",8.856226979207976
"(1, 20, 46)",8.856226979207976
"(28, 29, 39)",8.85544096971433
"(20, 28, 32)",8.855371046113891
"(6, 15, 17)",8.855165385674036
"(18, 40, 48)",8.853991004409561
"(22, 40, 48)",8.853991004409561
"(36, 40, 48)",8.853991004409561
"(40, 42, 48)",8.853991004409561
"(40, 46, 48)",8.853991004409561
"(12, 18, 45)",8.853802735856942
"(12, 27, 45)",8.853802735856942
"(12, 36, 45)",8.853802735856942
"(12, 45, 46)",8.853802735856942
"(19, 28, 44)",8.852615501617784
"(9, 11, 34)",8.852259013383435
"(17, 26, 38)",8.851799873380202
"(6, 9, 34)",8.851055761280149
"(32, 38, 43)",8.845865435092248
"(8, 26, 28)",8.845415664279129
"(0, 7, 12)",8.843078710818608
"(30, 35, 49)",8.842567264516163
"(16, 20, 27)",8.840694783147713
"(20, 22, 30)",8.84061867098952
"(25, 44)",8.840411388308883
"(34, 40, 43)",8.83831100059514
"(12, 41, 44)",8.83779557947743
"(16, 37, 42)",8.837667128608576
"(12, 31, 46)",8.834733575855184
"(15, 45)",8.833808607564517
"(10, 37, 47)",8.833377064009127
"(9, 12, 17)",8.832918830717865
"(15, 35, 37)",8.83281409674545
"(16, 43, 47)",8.831500375573142
"(8, 21, 23)",8.831419369757407
"(35, 38, 44)",8.830834609398853
"(16, 28, 35)",8.829207914251661
"(6, 33, 35)",8.828635362354202
"(5, 18, 24)",8.828423937593612
"(0, 9, 28)",8.82649309253284
"(11, 20, 22)",8.823992161147169
"(0, 11, 17)",8.82217299159169
"(7, 16, 42)",8.821553881143013
"(0, 6, 17)",8.820969739488406
"(5, 13, 41)",8.819540421116676
"(0, 23)",8.819499396004971
"(23, 28, 39)",8.817763638870096
"(10, 20, 46)",8.817587550063768
"(7, 15, 35)",8.816700849279886
"(13, 19, 33)",8.815819751332327
"(20, 29, 36)",8.81532457488691
"(19, 28, 43)",8.815098479788315
"(19, 21, 41)",8.814069464005547
"(1, 15, 39)",8.81393005809238
"(31, 32, 44)",8.81354646261928
"(1, 8, 31)",8.810437517986347
"(9, 39, 47)",8.807181366189615
"(8, 21, 45)",8.806763197944807
"(10, 39)",8.805771649507758
"(1, 11, 21)",8.80504354241463
"(12, 42, 47)",8.804894043977384
"(1, 6, 21)",8.803840290311342
"(8, 13, 20)",8.800363032769257
"(2, 8, 17)",8.79985732036862
"(39, 41, 49)",8.79931287410573
"(34, 44)",8.799091967851481
"(0, 35, 37)",8.79861845055982
"(1, 25, 28)",8.797776701405859
"(7, 9, 48)",8.795605885750703
"(6, 16, 32)",8.795537147551016
"(20, 23, 43)",8.795176466464046
"(13, 37, 49)",8.795152128042721
"(26, 33, 40)",8.793677626300939
"(28, 39, 45)",8.793107467057496
"(11, 13, 28)",8.791642426767092
"(10, 21, 32)",8.791448217725353
"(29, 40, 47)",8.787513305251302
"(25, 43)",8.784135855564681
"(19, 35)",8.783095375885242
"(0, 45)",8.782515138286072
"(10, 25, 30)",8.78015916703533
"(17, 29, 43)",8.780003029380564
"(0, 4, 34)",8.779890971877053
"(0, 1, 39)",8.77973441190675
"(7, 13, 49)",8.779038880577158
"(4, 21, 38)",8.778714749337079
"(8, 25, 29)",8.77681449747265
"(7, 30, 47)",8.776449202936224
"(31, 32, 43)",8.776029440789813
"(9, 11, 15)",8.775673376598247
"(9, 16, 49)",8.775576895380087
"(6, 9, 15)",8.774470124494961
"(9, 26, 38)",8.771104612201128
"(11, 29, 39)",8.770425607594106
"(1, 28, 34)",8.770230421100926
"(6, 29, 39)",8.769222355490822
"(17, 37, 38)",8.768084554441028
"(1, 4, 23)",8.767928833173213
"(11, 19, 44)",8.767600139497562
"(17, 28, 47)",8.76759135359205
"(2, 48)",8.766336440828912
"(18, 48)",8.766336440828912
"(22, 48)",8.766336440828912
"(36, 48)",8.766336440828912
"(42, 48)",8.766336440828912
"(46, 48)",8.766336440828912
"(19, 26, 37)",8.76501086244704
"(5, 33, 48)",8.764934286752302
"(15, 40, 43)",8.761725363809953
"(8, 28, 37)",8.761700345339953
"(31, 35, 44)",8.760998615096417
"(8, 11, 26)",8.760400302158907
"(6, 8, 26)",8.759197050055622
"(32, 39, 40)",8.758473377482481
"(2, 12, 44)",8.754072672596399
"(12, 18, 44)",8.754072672596399
"(12, 27, 44)",8.754072672596399
"(12, 36, 44)",8.754072672596399
"(12, 42, 44)",8.754072672596399
"(12, 44, 46)",8.754072672596399
"(16, 20, 29)",8.7530940072024
"(10, 30, 34)",8.752612886730397
"(8, 10, 19)",8.750895870175352
"(17, 27, 30)",8.750700176186243
"(17, 30, 36)",8.750700176186243
"(8, 29, 34)",8.749268217167716
"(13, 44, 46)",8.74788358368273
"(0, 12, 32)",8.74647818057797
"(7, 8, 28)",8.74558709787439
"(4, 7, 17)",8.745348291186426
"(31, 40, 41)",8.743548077033841
"(1, 4, 45)",8.743272661360614
"(6, 16, 35)",8.742989300028153
"(34, 43)",8.742816435107281
"(0, 9, 11)",8.741477730412617
"(0, 6, 9)",8.740274478309333
"(8, 23, 25)",8.739137166628415
"(11, 12, 35)",8.738946016270313
"(13, 29, 48)",8.738670418427688
"(26, 29, 49)",8.73736535403227
"(9, 20, 37)",8.735999749704625
"(2, 5, 13)",8.735817514235645
"(5, 13, 22)",8.735817514235645
"(5, 13, 27)",8.735817514235645
"(5, 13, 36)",8.735817514235645
"(9, 40, 45)",8.735347812294831
"(4, 26, 31)",8.733807833570522
"(11, 23, 39)",8.732748276749874
"(4, 16, 33)",8.73233083885022
"(6, 23, 39)",8.731545024646588
"(2, 19, 21)",8.730346557124516
"(18, 19, 21)",8.730346557124516
"(19, 21, 27)",8.730346557124516
"(19, 21, 36)",8.730346557124516
"(19, 21, 42)",8.730346557124516
"(19, 21, 46)",8.730346557124516
"(13, 16, 19)",8.730173689006277
"(11, 19, 43)",8.730083117668094
"(18, 38, 40)",8.729661164455246
"(22, 38, 40)",8.729661164455246
"(27, 38, 40)",8.729661164455246
"(36, 38, 40)",8.729661164455246
"(38, 40, 42)",8.729661164455246
"(38, 40, 46)",8.729661164455246
"(1, 9, 20)",8.729576183986794
"(6, 19, 43)",8.728879865564807
"(1, 26, 48)",8.728390497752713
"(1, 20, 43)",8.72641080608537
"(2, 20, 45)",8.725374836042027
"(40, 45, 47)",8.725179802594468
"(19, 25, 41)",8.721787260876555
"(5, 26, 39)",8.721584659931203
"(20, 27, 33)",8.719643799319554
"(17, 43, 45)",8.717669526723732
"(12, 18, 43)",8.716555650766932
"(12, 27, 43)",8.716555650766932
"(12, 36, 43)",8.716555650766932
"(12, 42, 43)",8.716555650766932
"(12, 43, 46)",8.716555650766932
"(2, 39, 49)",8.7155899672247
"(22, 39, 49)",8.7155899672247
"(27, 39, 49)",8.7155899672247
"(36, 39, 49)",8.7155899672247
"(39, 42, 49)",8.7155899672247
"(39, 46, 49)",8.7155899672247
"(8, 25, 45)",8.714480994815816
"(3, 40, 49)",8.713985129204255
"(1, 11, 25)",8.712761339285638
"(16, 17, 21)",8.711790648638146
"(8, 23, 34)",8.711590886323481
"(32, 37, 47)",8.711569297962818
"(1, 6, 25)",8.71155808718235
"(20, 23, 40)",8.710647952632254
"(13, 43, 46)",8.710366561853263
"(8, 19, 30)",8.710081256568014
"(33, 37, 40)",8.709962307361764
"(4, 21, 31)",8.708878755034643
"(11, 39, 45)",8.708092104937274
"(16, 26, 40)",8.708031563974888
"(8, 21, 44)",8.707033134684265
"(6, 39, 45)",8.706888852833988
"(35, 39, 40)",8.705925529959618
"(6, 12, 44)",8.705905345734049
"(6, 11, 13)",8.705423812543584
"(18, 24, 48)",8.704608139431189
"(13, 23, 48)",8.700993087583454
"(23, 26, 49)",8.699688023188035
"(10, 25, 32)",8.699166014596361
"(17, 31, 37)",8.698248560138591
"(2, 20, 31)",8.697961944526002
"(7, 32, 47)",8.695456050497253
"(19, 34, 41)",8.694240980571621
"(1, 33, 49)",8.694179003303406
"(7, 33, 40)",8.693849059896198
"(1, 15, 28)",8.693644784315739
"(9, 20, 33)",8.692264529423271
"(4, 35, 47)",8.689178376159408
"(8, 34, 45)",8.686934714510883
"(9, 28, 47)",8.686896092412974
"(6, 12, 28)",8.685287010622844
"(1, 11, 34)",8.685215058980702
"(1, 6, 34)",8.684011806877418
"(11, 17, 47)",8.682575991471825
"(6, 17, 47)",8.681372739368541
"(5, 29, 41)",8.67803832816705
"(17, 33, 34)",8.677608227530271
"(8, 11, 37)",8.676684983219733
"(10, 15, 30)",8.67602724994521
"(26, 33)",8.67586637366598
"(6, 8, 37)",8.675481731116447
"(26, 45, 49)",8.675031851375437
"(10, 11, 40)",8.674980507631927
"(19, 29, 33)",8.674317658382702
"(6, 10, 40)",8.673777255528641
"(3, 30, 40)",8.673250754514344
"(8, 15, 29)",8.67268258038253
"(10, 32, 34)",8.671619734291426
"(9, 27, 30)",8.67000491500717
"(9, 30, 36)",8.67000491500717
"(8, 21, 43)",8.669516112854797
"(29, 47)",8.666619892091525
"(1, 12, 17)",8.665874876315135
"(7, 8, 11)",8.660571735754168
"(18, 31, 40)",8.65982517015281
"(22, 31, 40)",8.65982517015281
"(31, 36, 40)",8.65982517015281
"(31, 40, 42)",8.65982517015281
"(0, 1, 28)",8.659449138130109
"(6, 7, 8)",8.659368483650884
"(25, 30, 32)",8.658351400989021
"(13, 33, 39)",8.656581653511497
"(4, 11, 16)",8.656087120246264
"(21, 39, 41)",8.654831366184716
"(29, 37, 49)",8.653650035093094
"(2, 20, 43)",8.652186067126518
"(5, 17, 48)",8.652108897297472
"(4, 5, 8)",8.65154533247969
"(13, 21, 37)",8.650670620121707
"(12, 18, 24)",8.650195065334845
"(11, 28, 29)",8.650140333817466
"(8, 41, 48)",8.649090540116323
"(1, 4, 44)",8.64354259810007
"(4, 5, 32)",8.642385997919854
"(0, 10, 30)",8.64183160375958
"(5, 23, 41)",8.640360997322816
"(0, 8, 29)",8.6384869341969
"(20, 35, 43)",8.638291447416751
"(2, 19, 25)",8.638064353995524
"(18, 19, 25)",8.638064353995524
"(19, 25, 27)",8.638064353995524
"(19, 25, 36)",8.638064353995524
"(19, 25, 42)",8.638064353995524
"(19, 25, 46)",8.638064353995524
"(7, 29, 49)",8.63753678762753
"(19, 23, 33)",8.636640327538467
"(8, 15, 23)",8.635005249538295
"(5, 20, 46)",8.634778955182918
"(7, 13, 21)",8.634557372656143
"(5, 18, 49)",8.631914205372468
"(9, 16, 21)",8.631095387459073
"(30, 32, 34)",8.630805120684087
"(8, 19, 32)",8.629088104129043
"(1, 7, 48)",8.628561931347972
"(15, 43)",8.6279379799295
"(40, 44, 47)",8.625449739333925
"(10, 28)",8.625343738842794
"(16, 37, 40)",8.624316245035713
"(32, 39)",8.623060000438292
"(1, 20, 30)",8.620557526234988
"(20, 41, 43)",8.620285101962619
"(16, 17, 25)",8.619508445509155
"(10, 34, 35)",8.619071886768563
"(17, 43, 44)",8.617939463463188
"(15, 19, 41)",8.617655343786433
"(23, 37, 49)",8.615972704248861
"(5, 41, 45)",8.615704825510214
"(8, 25, 44)",8.614750931555273
"(13, 29, 38)",8.614340578473374
"(17, 40, 49)",8.612704498490476
"(11, 23, 28)",8.612463002973232
"(2, 19, 34)",8.61051807369059
"(18, 19, 34)",8.61051807369059
"(19, 27, 34)",8.61051807369059
"(19, 34, 36)",8.61051807369059
"(19, 34, 46)",8.61051807369059
"(8, 15, 45)",8.610349077725695
"(23, 47)",8.610103895825175
"(1, 11, 15)",8.608629422195516
"(1, 16, 49)",8.608532940977355
"(18, 20, 33)",8.608390191748928
"(7, 16, 40)",8.60820299757015
"(1, 6, 15)",8.60742617009223
"(9, 45)",8.606097600689113
"(1, 26, 38)",8.604060657798398
"(9, 11, 47)",8.601880730292752
"(7, 9, 31)",8.601440051493952
"(6, 14, 28)",8.601243561487378
"(15, 17, 33)",8.601022590745085
"(0, 8, 23)",8.600809603352666
"(6, 9, 47)",8.600677478189468
"(31, 41)",8.60067204976533
"(7, 23, 49)",8.599859456783296
"(7, 20, 38)",8.59904703626041
"(4, 7, 44)",8.598792681971812
"(8, 40)",8.596365074809455
"(8, 20, 36)",8.59574563779504
"(10, 15, 32)",8.59503409750624
"(2, 5, 29)",8.59431542128602
"(5, 22, 29)",8.59431542128602
"(5, 27, 29)",8.59431542128602
"(21, 26, 29)",8.592883846111256
"(6, 41, 49)",8.592808986105581
"(4, 12, 13)",8.592598229856453
"(16, 17, 34)",8.59196216520422
"(8, 10, 39)",8.591657772354523
"(37, 45, 49)",8.591316532436261
"(5, 27, 48)",8.5887127298222
"(40, 43, 47)",8.587932717504458
"(11, 28, 45)",8.587806831160632
"(8, 34, 44)",8.587204651250339
"(12, 14, 34)",8.586267810448803
"(12, 18, 49)",8.586041321703135
"(13, 20, 45)",8.585385889000385
"(0, 19, 41)",8.583459697600803
"(2, 38)",8.57984168089744
"(18, 38)",8.57984168089744
"(22, 38)",8.57984168089744
"(27, 38)",8.57984168089744
"(36, 38)",8.57984168089744
"(38, 42)",8.57984168089744
"(38, 46)",8.57984168089744
"(30, 34, 35)",8.578257273161224
"(8, 25, 43)",8.577233909725805
"(13, 23, 38)",8.57666324762914
"(0, 43)",8.576644510651056
"(0, 8, 45)",8.576153431540066
"(26, 44, 49)",8.575301788114892
"(7, 45, 49)",8.575203284970698
"(0, 1, 11)",8.574433776009887
"(0, 1, 6)",8.5732305239066
"(45, 47)",8.573119638106274
"(2, 21, 39)",8.571108459303685
"(18, 21, 39)",8.571108459303685
"(21, 22, 39)",8.571108459303685
"(21, 27, 39)",8.571108459303685
"(21, 36, 39)",8.571108459303685
"(21, 39, 42)",8.571108459303685
"(21, 39, 46)",8.571108459303685
"(13, 16, 39)",8.570935591185446
"(11, 16, 33)",8.570062348312689
"(3, 21, 40)",8.56950362128324
"(0, 17, 33)",8.566826944559455
"(8, 18, 48)",8.565367633235292
"(8, 22, 48)",8.565367633235292
"(8, 42, 48)",8.565367633235292
"(8, 46, 48)",8.565367633235292
"(24, 42, 47)",8.56496321867231
"(28, 30)",8.564121818431785
"(6, 11, 29)",8.563921719593958
"(4, 6, 30)",8.563389980641647
"(12, 26, 47)",8.562001545901495
"(23, 29, 48)",8.559490994633828
"(10, 20, 22)",8.559148297384422
"(13, 25, 37)",8.558388416992715
"(2, 5, 23)",8.556638090441785
"(5, 22, 23)",8.556638090441785
"(5, 23, 27)",8.556638090441785
"(5, 23, 36)",8.556638090441785
"(20, 37, 43)",8.556467643534278
"(21, 23, 26)",8.555206515267022
"(15, 30, 32)",8.5542194838989
"(6, 32, 40)",8.551969489482332
"(16, 19, 23)",8.550994265212417
"(33, 37)",8.550293395257217
"(8, 34, 43)",8.549687629420871
"(16, 26)",8.547397280176902
"(10, 16, 42)",8.547339281846504
"(13, 29, 31)",8.544504584170937
"(35, 39)",8.544238229153997
"(10, 15, 35)",8.542486249983376
"(7, 13, 25)",8.542275169527151
"(13, 43, 48)",8.539089830680844
"(9, 16, 25)",8.538813184330081
"(4, 25, 38)",8.537955512516326
"(26, 43, 49)",8.537784766285425
"(1, 2, 20)",8.537087445783772
"(13, 28, 33)",8.536296379734855
"(34, 39, 41)",8.53500288275079
"(29, 45, 48)",8.534834822821228
"(21, 28, 41)",8.534546092408075
"(2, 15, 19)",8.533932436905403
"(15, 18, 19)",8.533932436905403
"(15, 19, 27)",8.533932436905403
"(15, 19, 36)",8.533932436905403
"(15, 19, 42)",8.533932436905403
"(15, 19, 46)",8.533932436905403
"(4, 12, 29)",8.532577736181992
"(0, 12, 46)",8.532536689334746
"(9, 40, 49)",8.532009237311403
"(5, 22, 45)",8.531981918629185
"(5, 27, 45)",8.531981918629185
"(5, 36, 45)",8.531981918629185
"(0, 12, 15)",8.531867354554986
"(2, 6, 12)",8.531067009376343
"(13, 34, 37)",8.530842136687781
"(21, 26, 45)",8.530550343454422
"(5, 30, 37)",8.53040872995262
"(16, 19, 45)",8.526338093399817
"(6, 11, 23)",8.526244388749724
"(7, 33)",8.52612352405887
"(11, 20, 41)",8.525938070909541
"(9, 10, 48)",8.521391286454195
"(7, 10, 20)",8.521390908234501
"(0, 5, 7)",8.521257893590851
"(2, 9, 20)",8.516950220479906
"(5, 41, 44)",8.515974762249671
"(15, 16, 17)",8.515376528419033
"(29, 33, 39)",8.515079560561869
"(7, 13, 34)",8.514728889222216
"(19, 33, 44)",8.512254092465325
"(9, 16, 34)",8.511266904025145
"(5, 9, 17)",8.511098013490107
"(2, 11, 49)",8.510289331327836
"(11, 27, 49)",8.510289331327836
"(11, 36, 49)",8.510289331327836
"(11, 42, 49)",8.510289331327836
"(21, 29, 37)",8.50916852717208
"(6, 27, 49)",8.50908607922455
"(6, 42, 49)",8.50908607922455
"(6, 46, 49)",8.50908607922455
"(0, 10, 35)",8.508290603797747
"(13, 23, 31)",8.506827253326703
"(16, 30, 42)",8.506524668239162
"(7, 37, 39)",8.50594419822147
"(12, 30, 40)",8.505057397540217
"(8, 26, 33)",8.50505425512667
"(10, 13, 49)",8.504824281280648
"(3, 29, 48)",8.503858903556349
"(10, 30, 47)",8.502234603639714
"(15, 30, 35)",8.501671636376036
"(6, 11, 45)",8.501588216937124
"(2, 20, 41)",8.5007141670812
"(18, 20, 41)",8.5007141670812
"(20, 22, 41)",8.5007141670812
"(20, 36, 41)",8.5007141670812
"(20, 41, 42)",8.5007141670812
"(20, 41, 46)",8.5007141670812
"(25, 26, 29)",8.500601642982264
"(4, 20, 41)",8.500291763256259
"(0, 2, 19)",8.499736790719773
"(0, 18, 19)",8.499736790719773
"(0, 19, 27)",8.499736790719773
"(0, 19, 36)",8.499736790719773
"(0, 19, 42)",8.499736790719773
"(6, 35, 40)",8.499421641959469
"(8, 29, 47)",8.498889934077035
"(10, 11)",8.497820695662462
"(32, 34, 35)",8.497264120722253
"(23, 45, 48)",8.497157491976994
"(6, 10)",8.496015817507534
"(7, 21, 29)",8.493055279706516
"(37, 44, 49)",8.491586469175719
"(12, 28, 46)",8.488816642257609
"(0, 12, 48)",8.48854312133005
"(11, 28, 44)",8.48807676790009
"(13, 19, 40)",8.486606030937592
"(26, 28, 37)",8.485487490849568
"(6, 20, 36)",8.485354625084515
"(24, 45, 48)",8.484433858704884
"(0, 16, 17)",8.481180882233403
"(9, 30, 48)",8.480576672846855
"(10, 17, 38)",8.477756707678955
"(23, 33, 39)",8.477402229717637
"(18, 31)",8.475087689443786
"(22, 31)",8.475087689443786
"(31, 36)",8.475087689443786
"(31, 42)",8.475087689443786
"(19, 33, 43)",8.474737070635857
"(10, 19, 26)",8.474683015684967
"(4, 30, 39)",8.474663104484705
"(20, 34, 42)",8.474342850722538
"(4, 35, 36)",8.473263656304917
"(8, 15, 43)",8.473101992635684
"(26, 29, 34)",8.473055362677329
"(21, 23, 37)",8.471491196327847
"(8, 10, 28)",8.471372498577882
"(8, 32, 39)",8.469850006308212
"(7, 26, 28)",8.469374243384003
"(17, 21, 40)",8.468222990569462
"(7, 22, 39)",8.468049784785464
"(0, 30, 35)",8.467475990190406
"(1, 16, 21)",8.46405143305634
"(13, 30, 49)",8.464009667673308
"(23, 25, 26)",8.46292431213803
"(8, 23, 47)",8.461212603232799
"(42, 45, 48)",8.460295680470193
"(15, 39, 41)",8.458417245965604
"(1, 18, 20)",8.456100988831244
"(7, 21, 23)",8.455377948862282
"(8, 31, 41)",8.454924705859572
"(13, 15, 37)",8.454256499902595
"(13, 38, 44)",8.452277012555998
"(2, 34, 39)",8.45127997586976
"(18, 34, 39)",8.45127997586976
"(22, 34, 39)",8.45127997586976
"(27, 34, 39)",8.45127997586976
"(34, 36, 39)",8.45127997586976
"(34, 39, 46)",8.45127997586976
"(18, 21, 28)",8.450823185527044
"(21, 27, 28)",8.450823185527044
"(21, 28, 36)",8.450823185527044
"(21, 28, 42)",8.450823185527044
"(13, 16, 28)",8.450650317408805
"(11, 28, 43)",8.45055974607062
"(6, 13, 33)",8.450077765511347
"(3, 34, 40)",8.449675137849313
"(6, 21, 41)",8.448327478184567
"(21, 37, 45)",8.446835024515247
"(8, 9, 45)",8.446724441120562
"(17, 19, 39)",8.445467260105353
"(19, 41, 47)",8.443862697480938
"(25, 28, 41)",8.442263889279083
"(8, 18, 38)",8.441037793280977
"(8, 22, 38)",8.441037793280977
"(8, 27, 38)",8.441037793280977
"(8, 38, 42)",8.441037793280977
"(8, 38, 46)",8.441037793280977
"(17, 20, 42)",8.439561754322508
"(0, 8, 43)",8.438906346450054
"(25, 26, 45)",8.43826814032543
"(7, 13, 15)",8.43814325243703
"(7, 43, 49)",8.437956199880686
"(17, 30, 38)",8.436942094071615
"(11, 30)",8.43659877525145
"(8, 45, 47)",8.4365564314202
"(23, 26, 34)",8.435378031833096
"(23, 29, 38)",8.435161154679513
"(3, 24, 25)",8.434989748369931
"(9, 15, 16)",8.43468126723996
"(1, 7, 31)",8.434396097091222
"(19, 26, 30)",8.433868402077627
"(2, 5, 44)",8.432251855368643
"(5, 22, 44)",8.432251855368643
"(5, 27, 44)",8.432251855368643
"(5, 36, 44)",8.432251855368643
"(21, 26, 44)",8.43082028019388
"(7, 21, 45)",8.430721777049683
"(8, 28, 30)",8.43055788497054
"(1, 33, 34)",8.429869011948465
"(20, 27, 41)",8.429432267440271
"(17, 33, 47)",8.427229944439588
"(16, 32, 42)",8.425531515800193
"(0, 5, 32)",8.424657363350212
"(0, 39, 41)",8.424221599779974
"(44, 47)",8.42352454321546
"(16, 37)",8.42182430176814
"(8, 33, 37)",8.421338936187496
"(10, 32, 47)",8.421241451200745
"(15, 32, 35)",8.420678483937067
"(0, 13, 37)",8.420060853716965
"(10, 33, 40)",8.41963446059969
"(8, 16, 26)",8.419408192800619
"(5, 11, 35)",8.417125199042557
"(2, 18, 20)",8.41699126020017
"(2, 20, 22)",8.41699126020017
"(2, 20, 27)",8.41699126020017
"(2, 20, 36)",8.41699126020017
"(2, 20, 42)",8.41699126020017
"(2, 20, 46)",8.41699126020017
"(18, 20, 22)",8.41699126020017
"(18, 20, 27)",8.41699126020017
"(18, 20, 36)",8.41699126020017
"(18, 20, 42)",8.41699126020017
"(18, 20, 46)",8.41699126020017
"(20, 22, 27)",8.41699126020017
"(20, 22, 36)",8.41699126020017
"(20, 22, 42)",8.41699126020017
"(20, 22, 46)",8.41699126020017
"(20, 27, 36)",8.41699126020017
"(20, 27, 42)",8.41699126020017
"(20, 27, 46)",8.41699126020017
"(20, 36, 42)",8.41699126020017
"(20, 36, 46)",8.41699126020017
"(20, 42, 46)",8.41699126020017
"(25, 29, 37)",8.416886324043087
"(11, 14, 28)",8.415808650658548
"(13, 38, 43)",8.41475999072653
"(28, 34, 41)",8.414717608974149
"(14, 20, 21)",8.412163247284425
"(17, 29, 44)",8.411488446861071
"(26, 34, 45)",8.410721860020496
"(29, 38, 45)",8.410504982866915
"(10, 17, 31)",8.407920713376518
"(4, 21, 48)",8.407432718014121
"(12, 38, 41)",8.405840055645125
"(7, 8, 33)",8.40522568872193
"(17, 49)",8.404406681950286
"(3, 16, 29)",8.401145907839997
"(7, 25, 29)",8.400773076577524
"(3, 15, 24)",8.400694118521356
"(12, 13, 26)",8.400507161006733
"(0, 9, 16)",8.40048562105433
"(11, 26, 37)",8.400472128729346
"(9, 32, 48)",8.399583520407885
"(6, 26, 37)",8.39926887662606
"(7, 16)",8.397654430569794
"(29, 43, 48)",8.397587737731218
"(9, 10, 38)",8.39706144649988
"(15, 26, 29)",8.396469725892143
"(28, 29, 33)",8.394794286785228
"(5, 22, 43)",8.394734833539175
"(5, 27, 43)",8.394734833539175
"(5, 36, 43)",8.394734833539175
"(21, 26, 43)",8.393303258364412
"(16, 23, 39)",8.391756167391586
"(10, 19, 37)",8.390967696745792
"(26, 31, 39)",8.390795259656777
"(29, 34, 37)",8.389340043738155
"(16, 19, 43)",8.389091008309805
"(9, 21, 40)",8.387527729390388
"(8, 10, 11)",8.386357136457658
"(7, 28, 37)",8.38565892444483
"(6, 8, 10)",8.385153884354374
"(4, 9, 14)",8.38446054720049
"(7, 11, 26)",8.38435888126378
"(5, 6, 44)",8.384084528506293
"(6, 7, 26)",8.383155629160497
"(13, 31, 44)",8.38244101825356
"(30, 32, 47)",8.380426837593404
"(3, 29, 38)",8.379529063602034
"(23, 25, 37)",8.379208993198855
"(12, 24, 45)",8.378167122708232
"(2, 15, 39)",8.374694339084574
"(15, 18, 39)",8.374694339084574
"(15, 22, 39)",8.374694339084574
"(15, 27, 39)",8.374694339084574
"(15, 36, 39)",8.374694339084574
"(15, 39, 42)",8.374694339084574
"(15, 39, 46)",8.374694339084574
"(7, 29, 34)",8.37322679627259
"(16, 35, 42)",8.37298366827733
"(26, 41, 48)",8.372877685625935
"(23, 38, 45)",8.37282765202268
"(1, 16, 25)",8.371769229927349
"(8, 18, 31)",8.371201798978541
"(8, 22, 31)",8.371201798978541
"(8, 31, 42)",8.371201798978541
"(43, 47)",8.367249010471259
"(17, 30, 31)",8.367106099769178
"(16, 39, 45)",8.367099995578986
"(2, 11, 21)",8.365807823406822
"(11, 18, 21)",8.365807823406822
"(11, 21, 27)",8.365807823406822
"(11, 21, 36)",8.365807823406822
"(11, 21, 42)",8.365807823406822
"(4, 7, 38)",8.36547548494735
"(23, 29, 31)",8.365325160377077
"(1, 40, 49)",8.36496528290867
"(9, 19, 39)",8.36477199892628
"(6, 18, 21)",8.364604571303536
"(6, 21, 27)",8.364604571303536
"(6, 21, 42)",8.364604571303536
"(6, 21, 46)",8.364604571303536
"(6, 13, 16)",8.364431703185296
"(6, 11, 43)",8.364341131847112
"(28, 35)",8.363810318489035
"(5, 6, 28)",8.363466193395086
"(10, 29, 49)",8.363322188331022
"(7, 23, 25)",8.36309574573329
"(0, 26, 29)",8.362274079706513
"(10, 13, 21)",8.360342773359633
"(2, 19, 47)",8.36013979059991
"(18, 19, 47)",8.36013979059991
"(19, 27, 47)",8.36013979059991
"(19, 36, 47)",8.36013979059991
"(19, 46, 47)",8.36013979059991
"(15, 23, 26)",8.358792395047908
"(18, 25, 28)",8.358540982398052
"(25, 27, 28)",8.358540982398052
"(25, 28, 36)",8.358540982398052
"(25, 28, 42)",8.358540982398052
"(0, 3, 15)",8.358358444340453
"(23, 28, 33)",8.357116955940995
"(9, 30, 38)",8.356246832892541
"(6, 25, 41)",8.356045275055575
"(17, 32, 38)",8.355948941632644
"(25, 37, 45)",8.354552821386255
"(1, 10, 48)",8.354347332051464
"(1, 15, 33)",8.35328337516328
"(19, 26, 32)",8.352875249638657
"(23, 34, 37)",8.351662712893921
"(26, 35, 41)",8.348909350119127
"(17, 34, 40)",8.348394507135536
"(21, 37, 44)",8.347104961254704
"(9, 35, 48)",8.34703567288502
"(8, 11, 30)",8.34554252285032
"(19, 29, 40)",8.345103937987965
"(13, 31, 43)",8.344923996424093
"(1, 16, 34)",8.344222949622415
"(1, 5, 17)",8.344054059087377
"(16, 17, 47)",8.341583882113538
"(29, 31, 45)",8.340668988564477
"(12, 21, 33)",8.340627492334312
"(0, 2, 39)",8.340498692898944
"(0, 18, 39)",8.340498692898944
"(0, 22, 39)",8.340498692898944
"(0, 27, 39)",8.340498692898944
"(0, 36, 39)",8.340498692898944
"(0, 39, 42)",8.340498692898944
"(12, 44, 48)",8.338990694017797
"(33, 41, 49)",8.33866619117663
"(25, 26, 44)",8.338538077064888
"(7, 25, 45)",8.338439573920692
"(15, 28, 41)",8.338131972188963
"(8, 44, 47)",8.336826368159656
"(38, 42, 45)",8.335965840515879
"(8, 16, 37)",8.335692873861444
"(7, 23, 34)",8.335549465428356
"(43, 45, 48)",8.335254235074384
"(15, 26, 45)",8.334136223235308
"(10, 16, 40)",8.33398839827364
"(18, 28, 34)",8.330994702093118
"(27, 28, 34)",8.330994702093118
"(28, 34, 36)",8.330994702093118
"(9, 29, 44)",8.330793185681998
"(13, 35, 49)",8.330468667711475
"(2, 4, 23)",8.328693114165405
"(4, 18, 23)",8.328693114165405
"(4, 22, 23)",8.328693114165405
"(4, 23, 42)",8.328693114165405
"(4, 23, 46)",8.328693114165405
"(6, 34, 41)",8.32849899475064
"(13, 39, 40)",8.327367933116761
"(9, 10, 31)",8.327225452197444
"(34, 37, 45)",8.327006541081321
"(10, 23, 49)",8.325644857486788
"(17, 19, 28)",8.325181986328712
"(0, 23, 26)",8.324596748862279
"(29, 30, 49)",8.32250757472368
"(14, 20, 25)",8.319881044155434
"(7, 8, 16)",8.31957962639588
"(0, 1, 33)",8.31908772897765
"(6, 32)",8.31330416843807
"(15, 29, 37)",8.312754406952967
"(5, 22, 30)",8.312046452749437
"(0, 14, 34)",8.31152453989145
"(26, 34, 44)",8.310991796759954
"(7, 34, 45)",8.310893293615756
"(12, 17, 41)",8.310362064188357
"(3, 29, 31)",8.309693069299598
"(6, 29, 33)",8.308575672561721
"(12, 39, 43)",8.308435897047472
"(4, 25, 31)",8.304663226518706
"(4, 18, 45)",8.304036942352806
"(4, 22, 45)",8.304036942352806
"(4, 45, 46)",8.304036942352806
"(0, 28, 41)",8.303936326003333
"(3, 24, 38)",8.303845554005743
"(17, 35, 38)",8.30340109410978
"(23, 31, 45)",8.302991657720243
"(25, 26, 43)",8.30102105523542
"(10, 45, 49)",8.300988685674188
"(7, 11, 37)",8.300643562324606
"(19, 26, 35)",8.300327402115794
"(0, 26, 45)",8.299940577049679
"(6, 7, 37)",8.299440310221321
"(8, 43, 47)",8.29930934633019
"(32, 33, 40)",8.297826694553379
"(7, 15, 29)",8.296641159487404
"(7, 21, 43)",8.293474691959672
"(37, 41, 48)",8.28916236668676
"(2, 26, 48)",8.289154778744905
"(18, 26, 48)",8.289154778744905
"(22, 26, 48)",8.289154778744905
"(26, 36, 48)",8.289154778744905
"(26, 42, 48)",8.289154778744905
"(26, 46, 48)",8.289154778744905
"(9, 30, 31)",8.286410838590104
"(17, 31, 32)",8.286112947330208
"(4, 31, 46)",8.284967782351048
"(23, 30, 49)",8.284830243879448
"(39, 41, 47)",8.284624599660107
"(7, 12, 17)",8.284523628711787
"(1, 12, 47)",8.283597665093541
"(9, 49)",8.283363790181674
"(19, 40, 45)",8.282770435331132
"(13, 37, 47)",8.280463853597098
"(0, 29, 37)",8.278558760767337
"(9, 32, 38)",8.27525368045357
"(15, 23, 37)",8.275077076108733
"(2, 11, 25)",8.27352562027783
"(11, 18, 25)",8.27352562027783
"(11, 25, 27)",8.27352562027783
"(11, 25, 36)",8.27352562027783
"(11, 25, 42)",8.27352562027783
"(26, 34, 43)",8.273474774930484
"(29, 38, 43)",8.273257897776903
"(23, 38, 44)",8.273097588762138
"(7, 41, 48)",8.273049119221197
"(6, 18, 25)",8.272322368174544
"(6, 25, 27)",8.272322368174544
"(6, 25, 42)",8.272322368174544
"(6, 25, 46)",8.272322368174544
"(15, 17, 40)",8.271808870350348
"(16, 23, 28)",8.271470893614945
"(6, 23, 33)",8.270898341717487
"(4, 5, 13)",8.270777412628696
"(19, 32, 37)",8.26915993069948
"(10, 13, 25)",8.268060570230642
"(9, 34, 40)",8.26769924595646
"(1, 15, 16)",8.267637312837229
"(31, 42, 45)",8.266129846213442
"(35, 37, 41)",8.265194031179952
"(5, 14, 34)",8.264446993221046
"(7, 13, 47)",8.264350606131535
"(6, 8, 32)",8.263346118308064
"(9, 16, 47)",8.260888620934464
"(30, 45, 49)",8.260174072066848
"(7, 15, 23)",8.25896382864317
"(4, 42, 47)",8.255128250473248
"(2, 33, 49)",8.2549432842956
"(22, 33, 49)",8.2549432842956
"(33, 36, 49)",8.2549432842956
"(33, 42, 49)",8.2549432842956
"(33, 46, 49)",8.2549432842956
"(25, 37, 44)",8.254822758125712
"(15, 18, 28)",8.254409065307932
"(15, 27, 28)",8.254409065307932
"(15, 28, 36)",8.254409065307932
"(15, 28, 42)",8.254409065307932
"(16, 41, 49)",8.25302012885058
"(6, 15, 41)",8.251913357965455
"(1, 12, 37)",8.251563617533272
"(15, 37, 45)",8.250420904296135
"(7, 35, 41)",8.249080783714387
"(38, 44, 45)",8.248441416949536
"(16, 28, 45)",8.246814721802345
"(2, 11, 34)",8.245979339972896
"(11, 18, 34)",8.245979339972896
"(11, 27, 34)",8.245979339972896
"(11, 34, 36)",8.245979339972896
"(33, 35, 40)",8.245278847030516
"(6, 18, 34)",8.24477608786961
"(6, 27, 34)",8.24477608786961
"(6, 34, 46)",8.24477608786961
"(9, 19, 28)",8.244486725149638
"(3, 28, 40)",8.24397336512078
"(0, 23, 37)",8.240881429923103
"(10, 13, 34)",8.240514289925708
"(5, 26, 47)",8.240180728673739
"(11, 17, 19)",8.24016662420849
"(6, 17, 19)",8.238963372105204
"(13, 21, 32)",8.238535007313324
"(6, 35)",8.234482397153773
"(7, 15, 45)",8.23430765683057
"(3, 24, 31)",8.234009559703308
"(17, 31, 35)",8.233565099807345
"(0, 1, 16)",8.233441666651599
"(28, 33, 44)",8.232730720867853
"(1, 32, 48)",8.232539566005155
"(10, 37, 39)",8.23172959892496
"(1, 10, 38)",8.230017492097149
"(9, 12, 41)",8.229666803009284
"(34, 37, 44)",8.227276477820778
"(13, 25, 30)",8.227245956623301
"(2, 12, 17)",8.226639157307327
"(12, 17, 18)",8.226639157307327
"(12, 17, 27)",8.226639157307327
"(12, 17, 36)",8.226639157307327
"(12, 17, 46)",8.226639157307327
"(9, 35, 38)",8.222705832930707
"(1, 21, 40)",8.220483774987656
"(13, 17, 46)",8.22045006839366
"(0, 18, 28)",8.220213419122302
"(0, 27, 28)",8.220213419122302
"(0, 28, 36)",8.220213419122302
"(0, 28, 42)",8.220213419122302
"(10, 21, 29)",8.218840680410008
"(0, 6, 41)",8.217717711779825
"(12, 33, 45)",8.217352532669864
"(19, 35, 37)",8.216612083176617
"(0, 37, 45)",8.216225258110505
"(14, 15, 20)",8.215749127065312
"(13, 19)",8.215258980620959
"(16, 32, 40)",8.21218063222733
"(38, 43, 45)",8.21092439512007
"(4, 5, 29)",8.210756918954234
"(0, 5, 15)",8.21004653732723
"(2, 5, 6)",8.209246192148585
"(2, 37, 48)",8.205439459805731
"(18, 37, 48)",8.205439459805731
"(22, 37, 48)",8.205439459805731
"(36, 37, 48)",8.205439459805731
"(37, 42, 48)",8.205439459805731
"(37, 46, 48)",8.205439459805731
"(9, 31, 32)",8.205417686151135
"(5, 19, 22)",8.205169242029392
"(2, 4, 44)",8.204306879092263
"(4, 18, 44)",8.204306879092263
"(4, 22, 44)",8.204306879092263
"(4, 42, 44)",8.204306879092263
"(4, 44, 46)",8.204306879092263
"(29, 31, 43)",8.203421903474467
"(23, 31, 44)",8.2032615944597
"(10, 44, 49)",8.201258622413643
"(7, 25, 43)",8.20119248883068
"(2, 39, 47)",8.200901692779077
"(18, 39, 47)",8.200901692779077
"(22, 39, 47)",8.200901692779077
"(27, 39, 47)",8.200901692779077
"(36, 39, 47)",8.200901692779077
"(39, 46, 47)",8.200901692779077
"(13, 30, 34)",8.199699676318367
"(3, 40, 47)",8.199296854758632
"(1, 19, 39)",8.197728044523547
"(15, 26, 43)",8.196889138145298
"(2, 8, 41)",8.196605292660038
"(28, 33, 43)",8.195213699038383
"(10, 26, 28)",8.195159644087495
"(9, 15, 40)",8.191113609171275
"(2, 7, 48)",8.189326212340166
"(7, 18, 48)",8.189326212340166
"(7, 36, 48)",8.189326212340166
"(7, 42, 48)",8.189326212340166
"(7, 46, 48)",8.189326212340166
"(4, 11, 35)",8.189180222766177
"(29, 35, 49)",8.188966574761848
"(17, 21)",8.187684420068763
"(29, 39, 40)",8.185865840167136
"(6, 16, 23)",8.185252279391436
"(19, 40, 44)",8.18304037207059
"(26, 40)",8.182045793073875
"(0, 14, 20)",8.181553480879682
"(10, 21, 23)",8.181163349565773
"(1, 35, 48)",8.17999171848229
"(8, 17, 21)",8.179599619395193
"(31, 44, 45)",8.1786054226471
"(3, 12, 15)",8.176874610175421
"(8, 26, 40)",8.175840534731934
"(7, 34, 43)",8.173646208525746
"(4, 31, 48)",8.171929840175034
"(3, 25, 34)",8.171470280291974
"(4, 7, 10)",8.171067658536924
"(9, 26, 45)",8.170511586630177
"(2, 11, 15)",8.169393703187708
"(11, 15, 18)",8.169393703187708
"(11, 15, 27)",8.169393703187708
"(11, 15, 36)",8.169393703187708
"(11, 15, 42)",8.169393703187708
"(2, 16, 49)",8.169297221969549
"(16, 22, 49)",8.169297221969549
"(16, 36, 49)",8.169297221969549
"(16, 46, 49)",8.169297221969549
"(6, 15, 18)",8.168190451084424
"(6, 15, 27)",8.168190451084424
"(6, 15, 42)",8.168190451084424
"(6, 15, 46)",8.168190451084424
"(4, 18, 43)",8.166789857262795
"(4, 22, 43)",8.166789857262795
"(4, 42, 43)",8.166789857262795
"(4, 43, 46)",8.166789857262795
"(0, 5, 48)",8.166722304102292
"(17, 28, 39)",8.165943888507881
"(2, 26, 38)",8.164824938790591
"(18, 26, 38)",8.164824938790591
"(22, 26, 38)",8.164824938790591
"(26, 27, 38)",8.164824938790591
"(26, 36, 38)",8.164824938790591
"(26, 38, 42)",8.164824938790591
"(26, 38, 46)",8.164824938790591
"(28, 41, 47)",8.164339325883466
"(10, 13, 15)",8.16392865314052
"(1, 29, 44)",8.163749231279267
"(10, 43, 49)",8.163741600584178
"(8,)",8.163430018048054
"(0, 26, 43)",8.162693491959669
"(24, 38, 42)",8.161817000662863
"(5, 22, 28)",8.160872516390814
"(6, 16, 45)",8.160596107578836
"(30, 44, 49)",8.160444008806305
"(1, 10, 31)",8.160181497794714
"(16, 35, 40)",8.159632784704467
"(9, 11, 19)",8.159471363029414
"(4, 25, 48)",8.159066876997244
"(6, 9, 19)",8.15826811092613
"(10, 21, 45)",8.156507177753173
"(4, 6, 44)",8.156139552229913
"(26, 28, 30)",8.154345030480155
"(9, 31, 35)",8.15286983862827
"(23, 35, 49)",8.151289243917613
"(5, 34, 42)",8.148965216428472
"(30, 36, 41)",8.147448148477661
"(13, 25, 32)",8.146252804184332
"(9, 12, 18)",8.145943896128253
"(9, 12, 27)",8.145943896128253
"(9, 12, 36)",8.145943896128253
"(9, 12, 42)",8.145943896128253
"(9, 12, 46)",8.145943896128253
"(19, 40, 43)",8.14552335024112
"(26, 33, 37)",8.145126081697109
"(3, 12, 25)",8.141438628882872
"(31, 43, 45)",8.141088400817633
"(9, 13, 46)",8.139754807214585
"(29, 37, 47)",8.138961760647472
"(4, 6, 28)",8.135521217118708
"(0, 2, 11)",8.135198057002079
"(0, 11, 18)",8.135198057002079
"(0, 11, 27)",8.135198057002079
"(0, 11, 36)",8.135198057002079
"(0, 11, 42)",8.135198057002079
"(0, 6, 18)",8.133994804898794
"(0, 6, 27)",8.133994804898794
"(0, 6, 42)",8.133994804898794
"(8, 10, 33)",8.13101108942542
"(0, 10, 13)",8.12973300695489
"(7, 26, 33)",8.129012834231544
"(35, 45, 49)",8.126633072105015
"(10, 25, 29)",8.126558477281016
"(39, 40, 45)",8.123532337510301
"(13, 15, 30)",8.123114039533181
"(9, 12, 14)",8.12306269372081
"(30, 43, 49)",8.122926986976836
"(7, 29, 47)",8.122848513181907
"(11, 13, 40)",8.122067297219898
"(0, 12, 21)",8.12123309003737
"(6, 13, 40)",8.120864045116612
"(27, 30, 36)",8.120285890116907
"(13, 32, 34)",8.118706523879396
"(1, 4, 17)",8.116109082810999
"(7, 12, 44)",8.11518987130847
"(10, 33)",8.114801625114106
"(1, 5, 30)",8.113538504093075
"(2, 8, 18)",8.112882385779008
"(2, 8, 22)",8.112882385779008
"(2, 8, 27)",8.112882385779008
"(2, 8, 42)",8.112882385779008
"(10, 28, 37)",8.11144432514832
"(38, 43, 44)",8.111194331859526
"(10, 11, 26)",8.110144281967273
"(32, 37, 39)",8.109921832878651
"(16, 28, 43)",8.109567636712335
"(12, 30, 37)",8.109234017167129
"(6, 33, 43)",8.108995084814875
"(6, 10, 26)",8.108941029863987
"(16, 21, 41)",8.108538620929565
"(1, 32, 38)",8.10820972605084
"(4, 6, 36)",8.107791641889325
"(12, 31, 48)",8.104897383338294
"(23, 37, 47)",8.101284429803238
"(1, 34, 40)",8.100655291553732
"(4, 18, 24)",8.10042927183071
"(10, 29, 34)",8.09901219697608
"(12, 27, 31)",8.098983557358727
"(8, 9, 21)",8.098904358216119
"(17, 40, 47)",8.098016224044853
"(7, 15, 43)",8.09706057174056
"(21, 29, 32)",8.097032914363696
"(31, 37, 41)",8.094996532430011
"(7, 32, 39)",8.093808585413086
"(8, 37, 40)",8.092125215792759
"(24, 31, 42)",8.091981006360427
"(8, 30, 33)",8.090196475818082
"(0, 13, 30)",8.088918393347551
"(10, 23, 25)",8.088881146436782
"(8, 17, 25)",8.0873174162662
"(25, 29, 30)",8.085743863673674
"(24, 34, 42)",8.085666397733533
"(9, 28, 39)",8.085248627328806
"(7, 23, 47)",8.085171182337675
"(5, 38, 41)",8.084019238417367
"(12, 25, 34)",8.083347976154514
"(2, 37, 38)",8.081109619851416
"(18, 37, 38)",8.081109619851416
"(22, 37, 38)",8.081109619851416
"(27, 37, 38)",8.081109619851416
"(36, 37, 38)",8.081109619851416
"(37, 38, 42)",8.081109619851416
"(37, 38, 46)",8.081109619851416
"(11, 17, 39)",8.080928526387659
"(18, 28, 47)",8.080616419002435
"(27, 28, 47)",8.080616419002435
"(28, 36, 47)",8.080616419002435
"(6, 17, 39)",8.079725274284373
"(7, 31, 41)",8.078883284964446
"(5, 13, 26)",8.078686343778974
"(6, 41, 47)",8.07812071165996
"(1, 19, 28)",8.077442770746906
"(37, 45, 47)",8.076628257990638
"(7, 8, 40)",8.076011968327196
"(33, 34, 41)",8.07435619982169
"(7, 9, 45)",8.070683020225438
"(4, 48, 49)",8.07008929479939
"(4, 12, 27)",8.069920518238206
"(11, 26, 30)",8.069329668359932
"(9, 21)",8.066641528300153
"(13, 34, 35)",8.066158676356533
"(10, 25, 45)",8.064224974624182
"(2, 27, 30)",8.06372524159663
"(2, 30, 36)",8.06372524159663
"(18, 30, 36)",8.06372524159663
"(27, 30, 42)",8.06372524159663
"(27, 30, 46)",8.06372524159663
"(30, 36, 42)",8.06372524159663
"(1, 12, 41)",8.062622848606553
"(10, 23, 34)",8.061334866131848
"(7, 45, 47)",8.060515010525075
"(10, 19, 30)",8.059825236376378
"(8, 17, 34)",8.059771135961267
"(16, 26, 37)",8.059480019371058
"(21, 23, 32)",8.059355583519464
"(29, 30, 34)",8.058197583368742
"(35, 37, 39)",8.057373985355788
"(10, 21, 44)",8.05677711449263
"(8, 19, 29)",8.056480566813697
"(37, 40)",8.056472814665113
"(5, 24, 45)",8.056346305480476
"(1, 35, 38)",8.055661878527976
"(7, 28, 30)",8.054516464075416
"(30, 33)",8.053579704703097
"(17, 25)",8.049261115375275
"(12, 22, 48)",8.04892985466855
"(23, 25, 30)",8.048066532829441
"(17, 26, 49)",8.04786827282582
"(18, 24, 49)",8.04641079163144
"(8, 10, 16)",8.045365027099372
"(7, 33, 37)",8.045297515292368
"(5, 6, 22)",8.045064100642627
"(7, 16, 26)",8.043366771905493
"(12, 35, 36)",8.043189137144683
"(13, 15, 32)",8.04212088709421
"(14, 20, 47)",8.041956480759817
"(31, 43, 44)",8.04135833755709
"(7, 35, 39)",8.041260737890223
"(1, 31, 32)",8.038373731748404
"(10, 34, 45)",8.036678694319248
"(4, 14, 34)",8.036502016944667
"(4, 18, 49)",8.036275528198999
"(21, 32, 45)",8.034699411706864
"(1, 49)",8.032797858577577
"(7, 40)",8.032302943466767
"(35, 44, 49)",8.02690300884447
"(10, 11, 37)",8.026428963028097
"(6, 10, 37)",8.025225710924811
"(2, 12, 40)",8.02495341718309
"(2, 16, 21)",8.024815714048534
"(16, 18, 21)",8.024815714048534
"(16, 21, 22)",8.024815714048534
"(16, 21, 36)",8.024815714048534
"(16, 21, 46)",8.024815714048534
"(1, 15, 40)",8.024069654768544
"(25, 30, 45)",8.023410361016841
"(6, 16, 43)",8.023349022488826
"(10, 15, 29)",8.022426560190894
"(26, 28, 35)",8.02080403051832
"(23, 30, 34)",8.020520252524507
"(10, 21, 43)",8.019260092663163
"(5, 21, 33)",8.018806675106555
"(8, 19, 23)",8.018803235969463
"(9, 40, 47)",8.01732096286578
"(5, 44, 48)",8.017169876790039
"(16, 25, 41)",8.016256417800573
"(18, 31, 37)",8.01127362554898
"(22, 31, 37)",8.01127362554898
"(31, 36, 37)",8.01127362554898
"(31, 37, 42)",8.01127362554898
"(9, 17, 43)",8.009810686995042
"(40, 41, 49)",8.009452470781895
"(8, 32, 33)",8.009203323379111
"(17, 34)",8.007941694917875
"(7, 22, 33)",8.007403101856365
"(8, 9, 25)",8.006622155087127
"(25, 29, 32)",8.004750711234704
"(8, 16, 30)",8.00455041349203
"(19, 29)",8.003005841196519
"(9, 11, 39)",8.000233265208585
"(6, 9, 39)",7.999030013105299
"(10, 41, 48)",7.998834519924687
"(15, 33, 41)",7.997770563036502
"(30, 34, 45)",7.9958640807119075
"(2, 11, 47)",7.995601056882214
"(11, 18, 47)",7.995601056882214
"(11, 27, 47)",7.995601056882214
"(11, 36, 47)",7.995601056882214
"(7, 18, 31)",7.9951603780834155
"(7, 31, 36)",7.9951603780834155
"(7, 31, 42)",7.9951603780834155
"(13, 16, 42)",7.994426071434474
"(6, 18, 47)",7.994397804778929
"(6, 27, 47)",7.994397804778929
"(6, 46, 47)",7.994397804778929
"(8, 19, 45)",7.994147064156864
"(11, 12, 46)",7.993337605747934
"(1, 11, 19)",7.992427408626685
"(3, 23, 40)",7.991750831109055
"(1, 6, 19)",7.991224156523399
"(2, 33, 34)",7.990633292940659
"(22, 33, 34)",7.990633292940659
"(33, 34, 36)",7.990633292940659
"(33, 34, 46)",7.990633292940659
"(10, 13, 47)",7.990136006835026
"(13, 15, 35)",7.989573039571347
"(16, 34, 41)",7.988710137495638
"(5, 17, 41)",7.9885412469606
"(0, 10, 29)",7.988230914005264
"(6, 26, 32)",7.987133263817676
"(5, 39, 43)",7.986615079819715
"(10, 16)",7.98633253162503
"(14, 21, 28)",7.986328895291396
"(1, 31, 35)",7.98582588422554
"(5, 17, 42)",7.985711133578201
"(17, 19, 33)",7.984820577176253
"(10, 15, 23)",7.98474922934666
"(8, 15, 17)",7.983185499176081
"(0, 4, 46)",7.98277089583061
"(0, 4, 15)",7.98210156105085
"(15, 29, 30)",7.981611946583554
"(2, 4, 6)",7.981301215872207
"(11, 29, 40)",7.980565204270271
"(6, 29, 40)",7.979361952166986
"(8, 9, 34)",7.979075874782193
"(1, 12, 27)",7.978899941725523
"(1, 12, 36)",7.978899941725523
"(1, 12, 42)",7.978899941725523
"(1, 12, 46)",7.978899941725523
"(10, 19, 32)",7.978832083937408
"(12, 28, 32)",7.978044008631436
"(4, 19, 22)",7.977224265753014
"(29, 32, 34)",7.9772044309297705
"(37, 44, 47)",7.976898194730095
"(13, 39)",7.976401833889713
"(10, 35, 41)",7.974866184417879
"(4, 21, 49)",7.974783148782697
"(1, 13, 46)",7.972710852811854
"(28, 38, 48)",7.971890940886126
"(7, 11, 30)",7.969501101955193
"(9, 13, 48)",7.968478076042166
"(9, 26, 49)",7.967173011646747
"(23, 25, 32)",7.967073380390471
"(10, 25, 44)",7.964494911363638
"(17, 37, 49)",7.9641529538866465
"(0, 33, 41)",7.963574916850872
"(12, 16, 27)",7.963367745665259
"(5, 7, 17)",7.96270281148403
"(1, 5, 47)",7.961776847865785
"(11, 17, 28)",7.960643252611018
"(10, 15, 45)",7.960093057534061
"(7, 16, 37)",7.959651452966319
"(30, 41, 48)",7.958019906317347
"(0, 13, 35)",7.955377393385717
"(4, 30, 40)",7.955291604036081
"(0, 10, 23)",7.95055358316103
"(13, 30, 47)",7.949321393227685
"(0, 8, 17)",7.948989852990451
"(0, 29, 30)",7.947416300397924
"(19, 23)",7.946489844930168
"(26, 31, 47)",7.944797562544791
"(15, 23, 30)",7.94393461573932
"(25, 32, 45)",7.942417208577871
"(10, 12, 46)",7.940260512581314
"(23, 32, 34)",7.939527100085537
"(4, 28, 46)",7.939050848753473
"(19, 30, 32)",7.938017470330068
"(12, 29, 36)",7.9379975374044545
"(28, 35, 37)",7.937088711579146
"(10, 34, 44)",7.936948631058704
"(21, 32, 44)",7.9349693484463195
"(6, 26, 35)",7.934585416294813
"(30, 35, 41)",7.934051570810539
"(4, 22, 28)",7.932927540114435
"(2, 16, 25)",7.9325335109195425
"(16, 18, 25)",7.9325335109195425
"(16, 22, 25)",7.9325335109195425
"(16, 25, 36)",7.9325335109195425
"(16, 25, 46)",7.9325335109195425
"(32, 33)",7.932089976044641
"(1, 8, 21)",7.931860403813388
"(1, 5, 37)",7.929742800305515
"(9, 25)",7.928218223606665
"(10, 25, 43)",7.926977889534171
"(10, 19, 35)",7.926284236414545
"(0, 10, 45)",7.925897411348431
"(22, 40, 49)",7.925729563900864
"(27, 40, 49)",7.925729563900864
"(36, 40, 49)",7.925729563900864
"(40, 42, 49)",7.925729563900864
"(40, 46, 49)",7.925729563900864
"(16, 30)",7.92511061121402
"(13, 17, 38)",7.9248434972669255
"(29, 34, 35)",7.924656583406907
"(12, 22, 38)",7.924600014714237
"(4, 36, 46)",7.924199698411769
"(25, 30, 44)",7.923680297756298
"(8, 16, 32)",7.923557261053061
"(7, 43, 47)",7.923267925435064
"(8, 12, 13)",7.923035995286803
"(7, 16, 22)",7.921757039530314
"(7, 28, 35)",7.920975464113582
"(15, 30, 45)",7.9192784439267205
"(11, 40, 45)",7.918231701613438
"(1, 28, 39)",7.918204672926076
"(12, 23, 43)",7.917849428981592
"(6, 40, 45)",7.917028449510152
"(2, 10, 48)",7.915111613043657
"(10, 18, 48)",7.915111613043657
"(10, 36, 48)",7.915111613043657
"(10, 42, 48)",7.915111613043657
"(32, 34, 45)",7.914870928272937
"(2, 15, 33)",7.914047656155472
"(15, 22, 33)",7.914047656155472
"(15, 33, 36)",7.914047656155472
"(15, 33, 42)",7.914047656155472
"(15, 33, 46)",7.914047656155472
"(15, 16, 41)",7.912124500710451
"(0, 23, 30)",7.90973896955369
"(19, 45)",7.909505587211269
"(5, 9, 41)",7.907845985781526
"(2, 16, 34)",7.9049872306146085
"(16, 18, 34)",7.9049872306146085
"(16, 22, 34)",7.9049872306146085
"(16, 34, 36)",7.9049872306146085
"(16, 34, 46)",7.9049872306146085
"(2, 5, 17)",7.90481834007957
"(5, 17, 22)",7.90481834007957
"(5, 17, 27)",7.90481834007957
"(5, 17, 36)",7.90481834007957
"(6, 32, 37)",7.903417944878502
"(17, 21, 26)",7.903386764904807
"(4, 9, 37)",7.903158746266345
"(8, 9, 15)",7.902490237997006
"(15, 29, 32)",7.900618794144584
"(10, 34, 43)",7.899431609229237
"(16, 17, 19)",7.899174514850202
"(21, 32, 43)",7.897452326616852
"(8, 29, 39)",7.897242468992866
"(30, 34, 44)",7.896134017451364
"(5, 33, 45)",7.895531715442107
"(8, 19, 44)",7.89441700089632
"(14, 25, 28)",7.894046692162404
"(15, 17)",7.893063239740094
"(4, 9, 33)",7.89281758787689
"(6, 7, 32)",7.8873046974129375
"(8, 48, 49)",7.887205810368487
"(23, 34, 35)",7.886979252562674
"(9, 34)",7.886898803149264
"(25, 30, 43)",7.8861632759268305
"(19, 30, 35)",7.8854696228072045
"(0, 30, 45)",7.885082797741091
"(9, 11, 28)",7.879947991431943
"(0, 2, 33)",7.879852009969842
"(0, 22, 33)",7.879852009969842
"(0, 33, 36)",7.879852009969842
"(0, 33, 42)",7.879852009969842
"(0, 16, 41)",7.877928854524821
"(32, 41, 48)",7.877026753878377
"(12, 16, 29)",7.875766969719946
"(12, 32, 49)",7.875421772977702
"(6, 11, 17)",7.874424638387509
"(2, 30, 48)",7.874296999436317
"(18, 30, 48)",7.874296999436317
"(30, 42, 48)",7.874296999436317
"(30, 46, 48)",7.874296999436317
"(13, 32, 47)",7.868328240788715
"(0, 8, 9)",7.8682945918113765
"(7, 9, 49)",7.867344445242008
"(13, 33, 40)",7.866721250187661
"(21, 40, 41)",7.8649709628608795
"(15, 23, 32)",7.862941463300349
"(34, 35, 45)",7.862323080750074
"(8, 23, 39)",7.859565138148632
"(9, 12, 37)",7.8586727122221705
"(30, 34, 43)",7.8586169956218965
"(8, 19, 43)",7.856899979066853
"(13, 17, 31)",7.855007502964488
"(10, 26, 33)",7.854798234935036
"(12, 22, 31)",7.8547640204118
"(33, 35)",7.8532682047603455
"(32, 35, 41)",7.853058418371568
"(1, 9, 12)",7.852249146504338
"(6, 35, 37)",7.850870097355639
"(1, 12, 43)",7.849083768602914
"(10, 29, 47)",7.848633913885399
"(15, 29, 35)",7.8480709466217204
"(2, 12, 45)",7.848047798559573
"(9, 13, 38)",7.844148236087851
"(25, 32, 44)",7.842687145317328
"(12, 27, 33)",7.8423167618370995
"(19, 39, 41)",7.842215232396771
"(0, 17)",7.841769770461649
"(1, 8, 25)",7.839578200684397
"(15, 32, 45)",7.83828529148775
"(13, 19, 37)",7.838054486333762
"(8, 39, 45)",7.834908966336033
"(6, 7, 35)",7.834756849890074
"(1, 4, 9)",7.834113387827134
"(12, 23, 40)",7.8333209151498
"(1, 11, 39)",7.833189310805854
"(1, 6, 39)",7.831986058702568
"(2, 15, 16)",7.828401593829422
"(15, 16, 18)",7.828401593829422
"(15, 16, 22)",7.828401593829422
"(15, 16, 36)",7.828401593829422
"(15, 16, 46)",7.828401593829422
"(4, 24, 45)",7.828401329204096
"(9, 29, 48)",7.82697598309254
"(17, 33, 39)",7.825582479355422
"(5, 9, 22)",7.824123078900496
"(5, 9, 27)",7.824123078900496
"(5, 9, 36)",7.824123078900496
"(33, 41, 47)",7.823977916731007
"(10, 15, 43)",7.82284597244405
"(9, 21, 26)",7.822691503725732
"(2, 12, 31)",7.820634907043547
"(17, 21, 37)",7.819671445965632
"(10, 32, 39)",7.819593986116577
"(11, 40, 44)",7.8185016383528945
"(9, 16, 19)",7.818479253671128
"(4, 6, 22)",7.817119124366248
"(1, 21)",7.816075596696056
"(26, 37, 40)",7.815912361302374
"(16, 23, 42)",7.815246647640613
"(32, 34, 44)",7.815140865012394
"(9, 12, 33)",7.8149374919408165
"(3, 24, 29)",7.8145665104979045
"(26, 30, 33)",7.813983621327695
"(0, 29, 35)",7.813875300436091
"(1, 8, 34)",7.812031920379463
"(17, 25, 26)",7.8111045617758155
"(10, 23, 47)",7.810956583041165
"(13, 29, 49)",7.810408977918992
"(15, 23, 35)",7.810393615777486
"(0, 4, 48)",7.809719082058688
"(8, 17, 47)",7.809392852870586
"(29, 41, 44)",7.8082364191524904
"(29, 30, 47)",7.807819300278059
"(8, 24, 38)",7.80682224656967
"(4, 34, 48)",7.805779303444449
"(25, 32, 43)",7.80517012348786
"(10, 31, 41)",7.804668685667936
"(19, 32, 35)",7.804476470368234
"(16, 32)",7.803620882555565
"(8, 10, 40)",7.8017973690306865
"(1, 13, 48)",7.801434121639435
"(5, 9, 14)",7.8012418764930525
"(1, 26, 49)",7.800129057244016
"(7, 26, 40)",7.799799113836809
"(0, 5, 21)",7.799412272809612
"(9, 10, 45)",7.796468420928928
"(13, 28)",7.795973923224751
"(0, 2, 16)",7.794205947643792
"(0, 16, 18)",7.794205947643792
"(0, 16, 22)",7.794205947643792
"(0, 16, 36)",7.794205947643792
"(6, 9, 11)",7.793729377208436
"(5, 7, 44)",7.7933690540807135
"(2, 32, 48)",7.793303846997347
"(18, 32, 48)",7.793303846997347
"(22, 32, 48)",7.793303846997347
"(32, 36, 48)",7.793303846997347
"(32, 42, 48)",7.793303846997347
"(32, 46, 48)",7.793303846997347
"(2, 10, 38)",7.790781773089343
"(10, 18, 38)",7.790781773089343
"(10, 27, 38)",7.790781773089343
"(10, 36, 38)",7.790781773089343
"(10, 38, 42)",7.790781773089343
"(14, 15, 28)",7.789914775072283
"(9, 23, 48)",7.789298652248306
"(0, 10, 43)",7.78865032625842
"(10, 45, 47)",7.786300411228566
"(3, 24, 42)",7.785788923980973
"(15, 35, 45)",7.785737443964887
"(17, 26, 34)",7.783558281470881
"(17, 29, 38)",7.783341404317299
"(5, 31, 48)",7.783076566110537
"(15, 30, 43)",7.78203135883671
"(18, 21, 40)",7.78124805597985
"(21, 22, 40)",7.78124805597985
"(21, 27, 40)",7.78124805597985
"(21, 36, 40)",7.78124805597985
"(21, 40, 42)",7.78124805597985
"(21, 40, 46)",7.78124805597985
"(13, 16, 40)",7.78107518786161
"(11, 40, 43)",7.780984616523427
"(10, 28, 30)",7.780301864778906
"(19, 26, 29)",7.780267712323311
"(6, 40, 43)",7.779781364420141
"(28, 31, 38)",7.777725106629375
"(32, 34, 43)",7.777623843182926
"(5, 27, 31)",7.777162740130969
"(8, 28, 29)",7.776957195216225
"(0, 23, 35)",7.776197969591856
"(2, 12, 43)",7.774859029644063
"(9, 13, 31)",7.774312241785415
"(13, 23, 49)",7.7727316470747585
"(9, 15)",7.772020347971484
"(10, 33, 37)",7.77108291599586
"(23, 30, 47)",7.7701419694338245
"(10, 16, 26)",7.769152172608985
"(10, 35, 39)",7.767046138593714
"(29, 39)",7.764148694465273
"(30, 31, 41)",7.763854072060596
"(8, 38, 49)",7.762875970414173
"(34, 35, 44)",7.762593017489531
"(5, 25, 34)",7.761527158926755
"(12, 35, 43)",7.760964409934297
"(19, 44)",7.759910492320454
"(4, 39, 43)",7.758670103543336
"(2, 19, 39)",7.758492325515741
"(18, 19, 39)",7.758492325515741
"(19, 27, 39)",7.758492325515741
"(19, 36, 39)",7.758492325515741
"(19, 39, 42)",7.758492325515741
"(19, 39, 46)",7.758492325515741
"(5, 12, 46)",7.757451917700465
"(14, 25, 34)",7.757014687407602
"(3, 19, 40)",7.7568874874952956
"(0, 14, 28)",7.755719128886653
"(9, 30, 45)",7.755653807321588
"(5, 18, 33)",7.753332862875328
"(0, 35, 45)",7.751541797779257
"(2, 30, 38)",7.7499671594820025
"(18, 30, 38)",7.7499671594820025
"(30, 38, 42)",7.7499671594820025
"(30, 38, 46)",7.7499671594820025
"(8, 26)",7.749110736312474
"(4, 5, 27)",7.748099701010448
"(0, 30, 43)",7.74783571265108
"(21, 35, 48)",7.747679820574037
"(17, 23, 38)",7.745664073473065
"(30, 45, 47)",7.7454857976212255
"(34, 40, 41)",7.745142479426954
"(1, 12, 30)",7.743230488752532
"(12, 41, 43)",7.742958064480163
"(19, 23, 26)",7.7425903814790775
"(28, 48, 49)",7.742193725470455
"(1, 5, 41)",7.740802031378795
"(2, 35, 48)",7.740755999474484
"(18, 35, 48)",7.740755999474484
"(22, 35, 48)",7.740755999474484
"(35, 42, 48)",7.740755999474484
"(35, 46, 48)",7.740755999474484
"(2, 33, 47)",7.740255009849977
"(22, 33, 47)",7.740255009849977
"(33, 36, 47)",7.740255009849977
"(33, 46, 47)",7.740255009849977
"(16, 17, 39)",7.739936417029371
"(8, 23, 28)",7.739279864371991
"(16, 41, 47)",7.738331854404956
"(1, 19, 33)",7.737081361594448
"(8, 24, 31)",7.736986252267234
"(1, 8, 15)",7.735446283594275
"(1, 4, 47)",7.733831871589406
"(26, 32, 33)",7.732990468888725
"(12, 18, 33)",7.731063154266474
"(9, 25, 26)",7.73040930059674
"(4, 15, 48)",7.7291936666592616
"(8, 9, 47)",7.728697591691511
"(16, 26, 30)",7.728337559001645
"(17, 25, 37)",7.72738924283664
"(29, 32, 47)",7.726826147839089
"(29, 33, 40)",7.725219157238034
"(16, 35)",7.72479911127127
"(2, 29, 44)",7.72451351227146
"(18, 29, 44)",7.72451351227146
"(22, 29, 44)",7.72451351227146
"(27, 29, 44)",7.72451351227146
"(29, 42, 44)",7.72451351227146
"(29, 44, 46)",7.72451351227146
"(7, 9, 21)",7.722862937320993
"(19, 28, 41)",7.721929958620129
"(7, 12, 38)",7.7217199987779574
"(5, 35, 36)",7.721368319916926
"(17, 38, 45)",7.721007901660466
"(10, 18, 31)",7.7209457787869065
"(10, 31, 36)",7.7209457787869065
"(10, 31, 42)",7.7209457787869065
"(0, 9)",7.720726878693039
"(8, 12, 36)",7.718418600312584
"(19, 26, 45)",7.717934209666478
"(7, 37, 40)",7.716083794897634
"(8, 28, 45)",7.714623692559392
"(7, 30, 33)",7.714155054922956
"(17, 29, 31)",7.713505410014863
"(1, 11, 28)",7.712904037029213
"(4, 21, 34)",7.7104731574277565
"(12, 13, 45)",7.708058851517932
"(23, 39)",7.707632698198923
"(15, 17, 26)",7.706972644685694
"(17, 28, 33)",7.7052972055787805
"(19, 43)",7.703634959576252
"(2, 5, 40)",7.703132599955333
"(9, 26, 34)",7.702863020291807
"(9, 29, 38)",7.7026461431382245
"(1, 4, 37)",7.7017978240291365
"(0, 1, 8)",7.701250637408646
"(15, 32, 43)",7.701038206397739
"(1, 7, 49)",7.700300490839277
"(17, 34, 37)",7.699842962531706
"(19, 29, 37)",7.6965523933841355
"(10, 11, 30)",7.695286502658684
"(13, 26, 31)",7.694324109916099
"(14, 36, 48)",7.693412438629823
"(8, 31, 49)",7.693039976111736
"(8, 11, 29)",7.691941833096003
"(6, 8, 29)",7.690738580992718
"(23, 32, 47)",7.689148816994855
"(10, 44, 47)",7.686570347968022
"(4, 8, 49)",7.686070555048641
"(10, 16, 37)",7.68543685366981
"(31, 32, 41)",7.682860919621626
"(26, 33, 35)",7.680442621365862
"(18, 30, 31)",7.680131165179566
"(30, 31, 42)",7.680131165179566
"(8, 32, 40)",7.679989602984376
"(12, 37, 43)",7.6791406060518215
"(13, 37, 39)",7.6788163885129315
"(7, 22, 40)",7.678189381461629
"(1, 25)",7.677652292002568
"(1, 13, 38)",7.67710428168512
"(2, 4, 17)",7.676873363803192
"(4, 17, 18)",7.676873363803192
"(4, 17, 22)",7.676873363803192
"(4, 17, 46)",7.676873363803192
"(17, 23, 31)",7.675828079170628
"(9, 32, 45)",7.674660654882618
"(10, 17, 49)",7.673825107124573
"(0, 17, 26)",7.672776998500064
"(39, 45)",7.670648440480023
"(2, 32, 38)",7.668974007043032
"(18, 32, 38)",7.668974007043032
"(22, 32, 38)",7.668974007043032
"(27, 32, 38)",7.668974007043032
"(32, 36, 38)",7.668974007043032
"(32, 38, 42)",7.668974007043032
"(32, 38, 46)",7.668974007043032
"(15, 40, 41)",7.668556842641767
"(11, 13)",7.668450880044418
"(4, 33, 45)",7.667586739165729
"(6, 13)",7.6666460018894895
"(13, 21, 29)",7.665927469997977
"(9, 23, 38)",7.664968812293991
"(32, 45, 47)",7.664492645182255
"(7, 13, 39)",7.662703141047367
"(18, 34, 40)",7.661419572545924
"(22, 34, 40)",7.661419572545924
"(27, 34, 40)",7.661419572545924
"(34, 36, 40)",7.661419572545924
"(34, 40, 46)",7.661419572545924
"(1, 29, 48)",7.659932028689808
"(1, 2, 12)",7.6597604083013175
"(9, 16, 39)",7.659241155850297
"(19, 23, 37)",7.658875062539902
"(1, 5, 22)",7.657079124497765
"(1, 5, 27)",7.657079124497765
"(1, 5, 36)",7.657079124497765
"(5, 28, 32)",7.6562231914036785
"(1, 21, 26)",7.655647549323001
"(17, 19, 40)",7.655606856781517
"(2, 16, 47)",7.6546089475239265
"(16, 18, 47)",7.6546089475239265
"(16, 22, 47)",7.6546089475239265
"(16, 36, 47)",7.6546089475239265
"(16, 46, 47)",7.6546089475239265
"(8, 11, 23)",7.654264502251769
"(16, 42, 43)",7.653343390738003
"(6, 8, 23)",7.653061250148484
"(1, 16, 19)",7.651435299268396
"(17, 31, 45)",7.651171907358029
"(32, 33, 37)",7.64927514994955
"(10, 43, 47)",7.649053326138555
"(11, 12, 41)",7.648611033427088
"(13, 44, 49)",7.648345412001615
"(25, 35, 48)",7.6473817894649665
"(16, 26, 32)",7.647344406562675
"(10, 28, 35)",7.646760864817073
"(30, 44, 47)",7.645755734360682
"(32, 35, 39)",7.645238372547404
"(7, 10, 12)",7.644063870752046
"(5, 16, 27)",7.641546928437503
"(3, 24, 45)",7.640054271024045
"(2, 9, 12)",7.639623182997452
"(18, 19, 28)",7.6382070517391
"(19, 27, 28)",7.6382070517391
"(19, 28, 36)",7.6382070517391
"(19, 28, 42)",7.6382070517391
"(1, 34)",7.636332871545167
"(6, 19, 41)",7.635711344396621
"(19, 37, 45)",7.634218890727302
"(4, 15, 21)",7.63388752064257
"(7, 32, 33)",7.633161902483986
"(17, 30, 49)",7.633010493517233
"(9, 29, 31)",7.632810148835789
"(17, 47)",7.6323742702818524
"(23, 29, 49)",7.631229554125132
"(7, 9, 25)",7.630580734192002
"(8, 11, 45)",7.6296083304391695
"(7, 16, 30)",7.628508992596905
"(6, 8, 45)",7.628405078335884
"(13, 21, 23)",7.628250139153744
"(9, 43, 48)",7.627395395345695
"(3, 4, 15)",7.627108816671286
"(1, 6, 11)",7.626685422805704
"(9, 15, 26)",7.62627738350662
"(5, 11, 22)",7.624844306436958
"(8, 37)",7.623537757903712
"(2, 12, 41)",7.623387129598745
"(12, 18, 41)",7.623387129598745
"(12, 36, 41)",7.623387129598745
"(12, 41, 42)",7.623387129598745
"(12, 41, 46)",7.623387129598745
"(21, 35, 38)",7.623349980619722
"(15, 17, 37)",7.623257325746519
"(4, 12, 41)",7.622964725773805
"(1, 23, 48)",7.622254697845574
"(9, 35, 45)",7.622112807359755
"(17, 38, 44)",7.621277838399922
"(10, 40)",7.620981044522003
"(16, 17, 28)",7.61965114325273
"(6, 17, 33)",7.619078591355272
"(19, 26, 44)",7.618204146405934
"(13, 41, 46)",7.617198040685078
"(2, 35, 38)",7.616426159520169
"(18, 35, 38)",7.616426159520169
"(22, 35, 38)",7.616426159520169
"(27, 35, 38)",7.616426159520169
"(35, 38, 42)",7.616426159520169
"(35, 38, 46)",7.616426159520169
"(5, 29, 36)",7.616176720176697
"(14, 28, 47)",7.616122128766789
"(8, 28, 44)",7.614893629298848
"(2, 4, 9)",7.614079282758346
"(6, 10, 32)",7.613090098116428
"(13, 43, 49)",7.610828390172148
"(30, 43, 47)",7.6082387125312145
"(6, 12, 36)",7.60802758760206
"(1, 13, 31)",7.607268287382684
"(29, 45, 49)",7.606573382312532
"(28, 30, 35)",7.6059462512097324
"(7, 9, 34)",7.603034453887068
"(5, 8, 13)",7.601215178059046
"(14, 19, 20)",7.59954711349648
"(7, 8)",7.599367886705364
"(18, 31, 32)",7.599138012740596
"(22, 31, 32)",7.599138012740596
"(31, 32, 36)",7.599138012740596
"(31, 32, 42)",7.599138012740596
"(3, 39, 40)",7.597649389674465
"(1, 45, 48)",7.597598526032975
"(12, 34, 42)",7.597015813240084
"(33, 35, 37)",7.596727302426687
"(5, 23, 43)",7.596028611753835
"(9, 23, 31)",7.595132817991555
"(16, 26, 35)",7.594796559039811
"(9, 10, 49)",7.593129845945499
"(0, 9, 26)",7.59208173732099
"(0, 17, 37)",7.589061679560889
"(15, 18, 40)",7.584833935760737
"(15, 22, 40)",7.584833935760737
"(15, 27, 40)",7.584833935760737
"(15, 36, 40)",7.584833935760737
"(15, 40, 42)",7.584833935760737
"(15, 40, 46)",7.584833935760737
"(28, 29)",7.583720783800311
"(19, 26, 43)",7.580687124576467
"(7, 33, 35)",7.5806140549611225
"(0, 4, 21)",7.57904207061804
"(1, 12, 18)",7.57877395134879
"(1, 33, 39)",7.577843263773616
"(8, 28, 43)",7.577376607469381
"(16, 40, 45)",7.57723959225515
"(8, 21, 41)",7.576347591686611
"(3, 29, 49)",7.575597463047652
"(4, 21, 25)",7.575408869193469
"(9, 19, 40)",7.574911595602443
"(13, 25, 29)",7.5736452668689855
"(4, 25, 49)",7.570567620266759
"(14, 36, 38)",7.569082598675508
"(25, 38, 48)",7.569004296107221
"(23, 45, 49)",7.568896051468299
"(32, 44, 47)",7.564762581921713
"(16, 32, 37)",7.563629087623499
"(1, 25, 26)",7.56336534619401
"(33, 40, 44)",7.563155591320657
"(28, 39, 41)",7.562691860799299
"(12, 17, 42)",7.562234716840054
"(6, 10, 35)",7.560542250593564
"(4, 30, 37)",7.559468223662994
"(13, 28, 37)",7.55853111473629
"(1, 7, 21)",7.555818982918263
"(4, 47, 48)",7.5554010203537665
"(5, 16, 29)",7.5539461524921885
"(5, 32, 49)",7.553600955749944
"(21, 31, 35)",7.553513986317286
"(2, 11, 19)",7.5531916896188775
"(11, 18, 19)",7.5531916896188775
"(11, 19, 27)",7.5531916896188775
"(11, 19, 36)",7.5531916896188775
"(11, 19, 42)",7.5531916896188775
"(9, 30, 49)",7.552315232338159
"(12, 27, 41)",7.552105229957816
"(6, 18, 19)",7.5519884375155915
"(6, 19, 27)",7.5519884375155915
"(6, 19, 42)",7.5519884375155915
"(6, 19, 46)",7.5519884375155915
"(17, 31, 44)",7.551441844097486
"(28, 31, 49)",7.548027891213704
"(10, 13, 19)",7.547726639571689
"(7, 16, 32)",7.547515840157935
"(18, 31, 35)",7.546590165217733
"(22, 31, 35)",7.546590165217733
"(31, 35, 42)",7.546590165217733
"(13, 29, 34)",7.5460989865640515
"(35, 47, 48)",7.543504240831767
"(7, 13, 28)",7.542417867270726
"(9, 38, 44)",7.540582577220848
"(2, 12, 18)",7.5396642227177155
"(2, 12, 27)",7.5396642227177155
"(2, 12, 36)",7.5396642227177155
"(2, 12, 42)",7.5396642227177155
"(2, 12, 46)",7.5396642227177155
"(12, 18, 27)",7.5396642227177155
"(12, 18, 36)",7.5396642227177155
"(12, 18, 42)",7.5396642227177155
"(12, 18, 46)",7.5396642227177155
"(12, 27, 36)",7.5396642227177155
"(12, 27, 42)",7.5396642227177155
"(12, 27, 46)",7.5396642227177155
"(12, 36, 42)",7.5396642227177155
"(12, 36, 46)",7.5396642227177155
"(12, 42, 46)",7.5396642227177155
"(9, 16, 28)",7.5389558820736555
"(29, 37, 39)",7.537314295563305
"(5, 9, 37)",7.536851894994413
"(13, 23, 25)",7.535967936024752
"(1, 26, 34)",7.535819065889076
"(1, 29, 38)",7.535602188735494
"(19, 37, 44)",7.534488827466759
"(13, 18, 46)",7.533475133804047
"(13, 22, 46)",7.533475133804047
"(13, 27, 46)",7.533475133804047
"(13, 42, 46)",7.533475133804047
"(6, 16, 17)",7.533432529029222
"(42, 45, 49)",7.532034239961497
"(1, 5, 9)",7.530428329276581
"(8, 11, 44)",7.529878267178626
"(10, 17, 21)",7.529343599203559
"(8, 26, 37)",7.527288990128104
"(1, 5, 43)",7.527262951375157
"(32, 43, 47)",7.527245560092244
"(23, 28)",7.527204787533961
"(7, 9, 15)",7.526448817101881
"(2, 5, 45)",7.526226981331815
"(33, 40, 43)",7.52563856949119
"(10, 26, 40)",7.5255845145403
"(1, 15)",7.521454416367387
"(7, 29, 39)",7.5212010480977405
"(5, 27, 33)",7.520495944609342
"(5, 23, 40)",7.511500097922043
"(9, 47)",7.511331378513241
"(1, 5, 18)",7.511226082154534
"(7, 8, 26)",7.511175742662541
"(16, 35, 37)",7.511081240100636
"(11, 16, 48)",7.510412984918625
"(0, 34, 38)",7.509886996595101
"(4, 33, 48)",7.508554539130273
"(13, 23, 34)",7.508421655719818
"(13, 19, 30)",7.506912025964349
"(13, 21, 44)",7.5038639040806006
"(9, 38, 43)",7.50306555539138
"(26, 28, 29)",7.500744340725839
"(3, 24, 49)",7.499913953451362
"(23, 37, 39)",7.4996369647190715
"(41, 49)",7.499528640387413
"(17, 35, 49)",7.499469493555399
"(14, 31, 36)",7.499246604373072
"(2, 5, 31)",7.49881408981579
"(1, 23, 38)",7.49792485789126
"(17, 39, 40)",7.496368758960687
"(7, 16, 35)",7.494967992635072
"(40, 41, 47)",7.494764196336272
"(5, 9, 33)",7.493116674713059
"(8, 18, 21)",7.492624684805581
"(8, 21, 22)",7.492624684805581
"(8, 21, 27)",7.492624684805581
"(8, 21, 42)",7.492624684805581
"(8, 21, 46)",7.492624684805581
"(8, 11, 43)",7.492361245349159
"(1, 16, 39)",7.492197201447565
"(6, 8, 43)",7.491157993245873
"(28, 45)",7.490220529815061
"(21, 23, 29)",7.486748046204117
"(8, 25, 41)",7.484065388557619
"(7, 23, 39)",7.483523717253506
"(18, 28, 39)",7.478968953918269
"(27, 28, 39)",7.478968953918269
"(28, 36, 39)",7.478968953918269
"(28, 39, 42)",7.478968953918269
"(6, 39, 41)",7.47647324657579
"(2, 4, 40)",7.475187623678954
"(37, 39, 45)",7.4749807929064715
"(11, 13, 37)",7.473515752616068
"(1, 38, 45)",7.473268686078661
"(6, 13, 37)",7.472312500512782
"(9, 31, 44)",7.470746582918411
"(4, 26, 38)",7.4704222762777786
"(0, 1)",7.470160947088942
"(21, 30, 48)",7.4696681149979
"(13, 15, 29)",7.469513349778865
"(29, 43, 49)",7.469326297222521
"(23, 44, 49)",7.469165988207755
"(13, 21, 43)",7.466346882251133
"(1, 29, 31)",7.465766194433058
"(1, 7, 25)",7.463536779789271
"(23, 26, 28)",7.4630670098816045
"(16, 33, 38)",7.4623268635682685
"(21, 29, 45)",7.462091874391517
"(4, 21, 47)",7.4600948743370745
"(1, 15, 26)",7.4592334291038895
"(5, 18, 27)",7.459035760533298
"(7, 39, 45)",7.458867545440907
"(1, 28, 33)",7.4575579899969755
"(7, 11, 13)",7.457402505150504
"(8, 34, 41)",7.456519108252685
"(6, 7, 13)",7.4561992530472185
"(11, 29)",7.456197740619978
"(6, 29)",7.45439286246505
"(25, 31, 35)",7.453215955208216
"(2, 5, 43)",7.453038212416306
"(6, 9, 16)",7.452737267850148
"(17, 37, 47)",7.449464679441023
"(9, 10, 21)",7.448648338024484
"(13, 41, 48)",7.4459213095126575
"(26, 41, 49)",7.444616245117239
"(44, 45, 49)",7.444509816395155
"(4, 11, 46)",7.443571812243798
"(10, 37, 40)",7.441869195601125
"(14, 20, 39)",7.440309015675649
"(0, 31, 34)",7.440051002292664
"(16, 40, 43)",7.439992507165139
"(10, 30, 33)",7.439940455626447
"(5, 35, 43)",7.4391435927065395
"(6, 32, 35)",7.438734484547255
"(26, 28, 45)",7.4384108380690055
"(32, 40)",7.438269395452538
"(10, 17, 25)",7.437061396074567
"(8, 29, 33)",7.436595786063766
"(1, 7, 34)",7.435990499484337
"(0, 13, 29)",7.435317703593235
"(9, 31, 43)",7.433229561088944
"(13, 15, 23)",7.43183601893463
"(3, 21, 29)",7.4311159551266375
"(1, 4, 22)",7.429134148221387
"(1, 4, 42)",7.429134148221387
"(1, 4, 46)",7.429134148221387
"(1, 23, 31)",7.428088863588823
"(7, 8, 37)",7.427460423723366
"(1, 10, 49)",7.426085891542767
"(14, 28, 32)",7.425951524968057
"(13, 19, 32)",7.4259188735253785
"(3, 25, 35)",7.425152048773605
"(0, 1, 26)",7.42503778291826
"(21, 23, 45)",7.424414543547284
"(13, 35, 41)",7.421952974005849
"(5, 41, 43)",7.421137247252406
"(35, 38, 47)",7.419174400877454
"(9, 35, 49)",7.418774232376325
"(2, 3, 40)",7.418743650813357
"(6, 30, 48)",7.4177158453140075
"(28, 29, 37)",7.4170290217866635
"(11, 26, 29)",7.415728978605617
"(9, 39, 40)",7.415673497781612
"(6, 26, 29)",7.4145257265023305
"(4, 22, 30)",7.4135258400029285
"(4, 25, 34)",7.413244271601678
"(13, 25, 44)",7.411581700951609
"(18, 40, 47)",7.411041289455242
"(22, 40, 47)",7.411041289455242
"(27, 40, 47)",7.411041289455242
"(36, 40, 47)",7.411041289455242
"(40, 46, 47)",7.411041289455242
"(10, 17, 34)",7.409515115769633
"(1, 19, 40)",7.407867641199712
"(17, 21, 32)",7.407535833157248
"(43, 45, 49)",7.406992794565688
"(10, 19, 29)",7.406224546622062
"(26, 32, 40)",7.40377674849399
"(17, 18, 43)",7.403531013584505
"(17, 22, 43)",7.403531013584505
"(17, 27, 43)",7.403531013584505
"(17, 36, 43)",7.403531013584505
"(17, 43, 46)",7.403531013584505
"(1, 31, 45)",7.403432691776224
"(7, 28, 29)",7.400915774321099
"(8, 18, 25)",7.4003424816765895
"(8, 22, 25)",7.4003424816765895
"(8, 25, 27)",7.4003424816765895
"(8, 25, 42)",7.4003424816765895
"(8, 25, 46)",7.4003424816765895
"(5, 7, 38)",7.3998991815502
"(11, 23)",7.399681744353627
"(8, 23, 33)",7.3989184552195315
"(6, 23)",7.397876866198699
"(0, 13, 23)",7.3976403727490005
"(4, 11, 22)",7.396899330160579
"(5, 8, 36)",7.396597783084827
"(17, 25, 30)",7.396246782467227
"(23, 25, 29)",7.3944658430751256
"(2, 11, 39)",7.393953591798047
"(11, 18, 39)",7.393953591798047
"(11, 27, 39)",7.393953591798047
"(11, 36, 39)",7.393953591798047
"(11, 39, 42)",7.393953591798047
"(6, 18, 39)",7.392750339694761
"(6, 27, 39)",7.392750339694761
"(6, 39, 42)",7.392750339694761
"(6, 39, 46)",7.392750339694761
"(16, 31, 33)",7.392490869265832
"(3, 11, 40)",7.392348753777601
"(3, 6, 40)",7.391145501674316
"(4, 10, 46)",7.390494719077178
"(7, 8, 22)",7.389566010287361
"(10, 13, 39)",7.388488541750858
"(21, 42, 45)",7.387552732040483
"(5, 13, 45)",7.386238034290175
"(11, 16, 38)",7.386083144964311
"(13, 34, 44)",7.384035420646675
"(6, 14, 36)",7.381627562376256
"(19, 33, 41)",7.38156854946767
"(8, 15, 41)",7.379933471467498
"(23, 28, 37)",7.37935169094243
"(11, 23, 26)",7.378051647761383
"(6, 23, 26)",7.376848395658097
"(25, 31, 38)",7.37483846185047
"(13, 25, 43)",7.374064679122141
"(2, 49)",7.373944280065868
"(22, 49)",7.373944280065868
"(27, 49)",7.373944280065868
"(36, 49)",7.373944280065868
"(42, 49)",7.373944280065868
"(46, 49)",7.373944280065868
"(1, 38, 44)",7.373538622818117
"(13, 19, 35)",7.373371026002515
"(8, 18, 34)",7.3727962013716555
"(8, 22, 34)",7.3727962013716555
"(8, 27, 34)",7.3727962013716555
"(8, 34, 46)",7.3727962013716555
"(1, 16, 28)",7.371911927670924
"(1, 6, 33)",7.371339375773467
"(25, 29, 45)",7.369809671262526
"(17, 30, 34)",7.368700502162293
"(10, 19, 23)",7.368547215777829
"(4, 23, 43)",7.368083635477456
"(8, 17, 19)",7.366983485607248
"(23, 29, 34)",7.3669195627701916
"(19, 29, 30)",7.365409933014722
"(7, 23, 28)",7.363238443476865
"(11, 45)",7.362697486634728
"(2, 13, 48)",7.362198402631628
"(13, 18, 48)",7.362198402631628
"(13, 22, 48)",7.362198402631628
"(13, 36, 48)",7.362198402631628
"(13, 42, 48)",7.362198402631628
"(37, 41, 49)",7.360900926178065
"(2, 26, 49)",7.36089333823621
"(22, 26, 49)",7.36089333823621
"(26, 27, 49)",7.36089333823621
"(26, 36, 49)",7.36089333823621
"(26, 42, 49)",7.36089333823621
"(26, 46, 49)",7.36089333823621
"(6, 45)",7.3608926084798
"(5, 10, 22)",7.3600004426742105
"(35, 40)",7.359447624168244
"(1, 7, 15)",7.359404862699149
"(10, 32, 33)",7.358947303187477
"(24, 42, 49)",7.357885400108481
"(5, 37, 43)",7.357319788824064
"(9, 10, 25)",7.3563661348954925
"(3, 21, 24)",7.355432445530347
"(28, 37, 45)",7.35469551912983
"(10, 16, 30)",7.354294393300396
"(11, 26, 45)",7.353395475948783
"(7, 9, 47)",7.352656170796386
"(6, 26, 45)",7.352192223845497
"(26, 35, 40)",7.351228900971126
"(31, 35, 47)",7.349338406575018
"(26, 39, 48)",7.347965548327185
"(13, 34, 43)",7.346518398817207
"(0, 8, 41)",7.345737825281868
"(21, 30, 38)",7.345338275043586
"(7, 41, 49)",7.3447876787125
"(10, 19, 45)",7.343891043965229
"(29, 34, 45)",7.342263390957592
"(12, 19, 22)",7.3421654738337825
"(28, 44)",7.340625434924246
"(26, 28, 44)",7.338680774808462
"(7, 28, 45)",7.338582271664266
"(1, 2, 5)",7.33793959107356
"(26,)",7.3347914545768935
"(10, 15, 17)",7.332929478984446
"(23, 25, 45)",7.332132340418292
"(11, 29, 37)",7.332013659666441
"(6, 29, 37)",7.330810407563156
"(30, 39, 48)",7.328988969157066
"(9, 10, 34)",7.3288198545905585
"(19, 23, 30)",7.327732602170489
"(9, 21, 32)",7.326840571978174
"(5, 11, 41)",7.32679021619933
"(28, 38, 49)",7.325508344751739
"(21, 29, 43)",7.3248447893015065
"(21, 23, 44)",7.324684480286741
"(5, 7, 10)",7.322243053524289
"(32, 37, 40)",7.320061429554815
"(30, 32, 33)",7.318132689580136
"(2, 5, 9)",7.317802365769695
"(11, 16, 31)",7.316247150661875
"(7, 11, 29)",7.315900412200877
"(9, 25, 30)",7.315551521288152
"(17, 25, 32)",7.3152536300282565
"(6, 7, 29)",7.314697160097592
"(8, 16, 23)",7.313272392893481
"(3, 29, 34)",7.311287471692712
"(43, 44, 49)",7.307262731305144
"(10, 33, 35)",7.3063994556646135
"(23, 34, 45)",7.304586060113358
"(29, 41, 48)",7.304419216563032
"(7, 32, 40)",7.3039481820892505
"(1, 31, 44)",7.303702628515681
"(19, 30, 45)",7.303076430357889
"(2, 5, 41)",7.301566312370988
"(5, 22, 41)",7.301566312370988
"(5, 36, 41)",7.301566312370988
"(26, 28, 43)",7.301163752978995
"(4, 5, 41)",7.301143908546048
"(21, 26, 41)",7.300134737196225
"(21, 44, 45)",7.300028308474141
"(1, 4, 43)",7.299317975098778
"(0, 10, 17)",7.298733832798816
"(2, 4, 45)",7.298282005055437
"(2, 19, 33)",7.2978456425866405
"(19, 33, 36)",7.2978456425866405
"(19, 33, 42)",7.2978456425866405
"(19, 33, 46)",7.2978456425866405
"(8, 15, 18)",7.2962105645864685
"(8, 15, 22)",7.2962105645864685
"(8, 15, 27)",7.2962105645864685
"(8, 15, 42)",7.2962105645864685
"(8, 15, 46)",7.2962105645864685
"(16, 19, 41)",7.2959224871416195
"(13, 29, 47)",7.2957207034733695
"(25, 42, 45)",7.295270528911491
"(11, 23, 37)",7.294336328822208
"(6, 30, 38)",7.293386005359693
"(6, 23, 37)",7.293133076718922
"(15, 17, 30)",7.292114865377106
"(11, 17, 40)",7.291068123063823
"(15, 23, 29)",7.290333925985004
"(6, 17, 40)",7.289864870960537
"(8, 16, 45)",7.288616221080882
"(9, 30, 34)",7.288005240983218
"(17, 32, 34)",7.2877073497233225
"(8, 9, 19)",7.286288224428175
"(5, 6, 36)",7.286206770374303
"(1, 6, 16)",7.285693313447417
"(13, 33)",7.285431809496062
"(19, 29, 32)",7.284416780575752
"(28, 43)",7.284349902180045
"(4, 23, 40)",7.283555121645664
"(21, 41)",7.2828063785058905
"(1, 10, 21)",7.281604383621753
"(29, 35, 41)",7.280450881056223
"(7, 11, 23)",7.278223081356643
"(2, 37, 49)",7.277178019297034
"(22, 37, 49)",7.277178019297034
"(27, 37, 49)",7.277178019297034
"(36, 37, 49)",7.277178019297034
"(37, 42, 49)",7.277178019297034
"(37, 46, 49)",7.277178019297034
"(6, 7, 23)",7.2770198292533586
"(21, 30, 31)",7.275502280741149
"(8, 33, 44)",7.274532220146389
"(11, 18, 28)",7.2736683180214055
"(11, 27, 28)",7.2736683180214055
"(11, 28, 36)",7.2736683180214055
"(11, 28, 42)",7.2736683180214055
"(10, 16, 32)",7.273301240861426
"(2, 4, 31)",7.270869113539411
"(13, 15, 43)",7.26993276203202
"(11, 37, 45)",7.269680157009608
"(6, 37, 45)",7.268476904906322
"(10, 13, 28)",7.268203267974217
"(35, 37, 40)",7.267513582031952
"(33, 38, 48)",7.26698533519397
"(23, 41, 48)",7.2667418857187975
"(13, 32, 39)",7.266680775704548
"(15, 29, 45)",7.265677754172405
"(30, 33, 35)",7.265584842057273
"(21, 43, 45)",7.262511286644673
"(0, 8, 18)",7.262014918400839
"(0, 8, 22)",7.262014918400839
"(0, 8, 27)",7.262014918400839
"(0, 8, 42)",7.262014918400839
"(2, 7, 49)",7.26106477183147
"(7, 27, 49)",7.26106477183147
"(7, 36, 49)",7.26106477183147
"(7, 42, 49)",7.26106477183147
"(7, 46, 49)",7.26106477183147
"(13, 23, 47)",7.258043372629135
"(0, 17, 30)",7.257919219191476
"(0, 23, 29)",7.256138279799374
"(28, 37, 44)",7.254965455869287
"(11, 26, 44)",7.25366541268824
"(7, 11, 45)",7.253566909544044
"(6, 7, 45)",7.252363657440759
"(9, 10, 15)",7.252234217805372
"(13, 31, 41)",7.251755475255907
"(1, 35, 49)",7.251730277973595
"(7, 35, 40)",7.251400334566387
"(1, 39, 40)",7.248629543378882
"(10, 29, 39)",7.246986448801231
"(19, 23, 32)",7.2467394497315185
"(10, 19, 44)",7.244160980704685
"(23, 35, 41)",7.242773550211989
"(41, 45, 48)",7.242085713906198
"(2, 13, 38)",7.237868562677313
"(13, 18, 38)",7.237868562677313
"(13, 22, 38)",7.237868562677313
"(13, 27, 38)",7.237868562677313
"(13, 36, 38)",7.237868562677313
"(13, 38, 42)",7.237868562677313
"(8, 33, 43)",7.2370151983169215
"(8, 10, 26)",7.236961143366031
"(0, 13, 43)",7.235737115846391
"(3, 24, 34)",7.235603962096421
"(17, 34, 35)",7.235159502200459
"(9, 25, 32)",7.234558368849182
"(6, 14, 20)",7.233805127675501
"(25, 29, 43)",7.232562586172515
"(16, 30, 32)",7.232486627254086
"(23, 25, 44)",7.232402277157749
"(19, 29, 35)",7.231868933052889
"(0, 29, 45)",7.231482107986775
"(5, 27, 41)",7.230284412730059
"(4, 15, 25)",7.229671992126633
"(15, 23, 45)",7.2280004233281705
"(13, 28, 30)",7.227388654366877
"(2, 4, 43)",7.225093236139927
"(26, 38, 39)",7.223635708372871
"(6, 30, 31)",7.223550011057257
"(33, 39, 41)",7.222330451646839
"(19, 32, 45)",7.222083277918919
"(10, 16, 35)",7.220753393338563
"(2, 29, 48)",7.220696309682001
"(18, 29, 48)",7.220696309682001
"(22, 29, 48)",7.220696309682001
"(29, 42, 48)",7.220696309682001
"(29, 46, 48)",7.220696309682001
"(13, 33, 37)",7.218169705583831
"(35, 41, 45)",7.2181173783993895
"(0, 9, 10)",7.218038571619742
"(2, 5, 22)",7.217843405489958
"(2, 5, 27)",7.217843405489958
"(2, 5, 36)",7.217843405489958
"(5, 22, 27)",7.217843405489958
"(5, 22, 36)",7.217843405489958
"(5, 27, 36)",7.217843405489958
"(21, 37, 41)",7.21641941825705
"(2, 21, 26)",7.216411830315195
"(18, 21, 26)",7.216411830315195
"(21, 22, 26)",7.216411830315195
"(21, 26, 27)",7.216411830315195
"(21, 26, 36)",7.216411830315195
"(21, 26, 42)",7.216411830315195
"(21, 26, 46)",7.216411830315195
"(11, 26, 43)",7.2161483908587725
"(6, 26, 43)",7.214945138755486
"(13, 35, 39)",7.214132928181685
"(21, 24, 42)",7.213403892187467
"(11, 44)",7.213102391743913
"(2, 16, 19)",7.21219958026059
"(16, 18, 19)",7.21219958026059
"(16, 19, 36)",7.21219958026059
"(16, 19, 46)",7.21219958026059
"(9, 15, 30)",7.211419604198031
"(4, 35, 43)",7.211198616430161
"(15, 17, 32)",7.2111217129381355
"(9, 11, 40)",7.210372861884749
"(10, 23, 39)",7.209309117956998
"(26, 37)",7.2092184761681315
"(6, 9, 40)",7.209169609781464
"(25, 26, 41)",7.207852534067233
"(25, 44, 45)",7.207746105345149
"(8, 17, 39)",7.207745387786417
"(4, 5, 46)",7.207686124196329
"(9, 32, 34)",7.207012088544248
"(10, 19, 43)",7.206643958875218
"(8, 41, 47)",7.206140825162004
"(29, 34, 43)",7.205016305867581
"(23, 34, 44)",7.204855996852815
"(30, 38, 39)",7.204659129202751
"(19, 30, 44)",7.203346367097345
"(7, 13, 33)",7.202056458118267
"(7, 28, 43)",7.201335186574255
"(0, 3, 29)",7.200506188721896
"(7, 21, 41)",7.200306170791485
"(8, 26, 30)",7.196146529758691
"(0, 4, 25)",7.195476345941003
"(19, 23, 35)",7.194191602208655
"(0, 23, 45)",7.193804777142541
"(1, 4, 30)",7.193464695248396
"(15, 42, 45)",7.19113861182137
"(1, 10, 25)",7.189322180492761
"(8, 10)",7.188045987760601
"(6, 11, 18)",7.187449703797897
"(6, 11, 27)",7.187449703797897
"(6, 11, 42)",7.187449703797897
"(5, 31, 46)",7.186121307627849
"(7, 26)",7.185048604969785
"(10, 39, 45)",7.184652946144398
"(32, 33, 35)",7.184591689618303
"(10, 11, 13)",7.183187905853995
"(2, 23, 48)",7.183018978837767
"(18, 23, 48)",7.183018978837767
"(22, 23, 48)",7.183018978837767
"(23, 36, 48)",7.183018978837767
"(23, 42, 48)",7.183018978837767
"(23, 46, 48)",7.183018978837767
"(6, 10, 13)",7.181984653750709
"(4, 18, 33)",7.181297360762338
"(12, 22, 28)",7.180343635356839
"(26, 34, 41)",7.180306253762299
"(34, 44, 45)",7.180199825040215
"(16, 30, 35)",7.179938779731223
"(0, 9, 30)",7.1772239580124015
"(14, 19, 28)",7.173712761503452
"(25, 43, 45)",7.1702290835156814
"(11, 37, 44)",7.169950093749065
"(19, 35, 45)",7.1695354303960555
"(13, 18, 31)",7.168032568374877
"(13, 22, 31)",7.168032568374877
"(13, 31, 36)",7.168032568374877
"(13, 31, 42)",7.168032568374877
"(19, 30, 43)",7.165829345267878
"(21, 43, 44)",7.16278122338413
"(1, 10, 34)",7.161775900187827
"(26, 29, 33)",7.16038293157338
"(1, 21, 32)",7.159796617575443
"(10, 17, 47)",7.15913683267895
"(15, 17, 35)",7.158573865415272
"(18, 45, 48)",7.158362807025168
"(22, 45, 48)",7.158362807025168
"(36, 45, 48)",7.158362807025168
"(45, 46, 48)",7.158362807025168
"(2, 21)",7.157222018184346
"(18, 21)",7.157222018184346
"(21, 22)",7.157222018184346
"(21, 27)",7.157222018184346
"(21, 36)",7.157222018184346
"(21, 42)",7.157222018184346
"(21, 46)",7.157222018184346
"(13, 16)",7.156962716006986
"(0, 42, 45)",7.15694296563574
"(11, 43)",7.156826858999711
"(6, 43)",7.155021980844783
"(9, 34, 35)",7.154464241021385
"(17, 38, 48)",7.15415994573914
"(4, 8, 38)",7.15359638092136
"(8, 10, 37)",7.153245824426857
"(8, 16, 43)",7.151369135990871
"(7, 26, 37)",7.151247569232979
"(4, 32, 38)",7.144437046361522
"(25, 41)",7.144383073812403
"(34, 43, 45)",7.1426828032107474
"(11, 13, 30)",7.1423732922466545
"(2, 33, 39)",7.13860754476581
"(22, 33, 39)",7.13860754476581
"(33, 36, 39)",7.13860754476581
"(33, 39, 42)",7.13860754476581
"(33, 39, 46)",7.13860754476581
"(3, 33, 40)",7.137002706745364
"(16, 39, 41)",7.136684389320789
"(30, 31, 39)",7.134823134900316
"(13, 44, 47)",7.133657137555993
"(2, 21, 37)",7.13269651137602
"(18, 21, 37)",7.13269651137602
"(21, 22, 37)",7.13269651137602
"(21, 27, 37)",7.13269651137602
"(21, 36, 37)",7.13269651137602
"(21, 37, 42)",7.13269651137602
"(21, 37, 46)",7.13269651137602
"(13, 16, 37)",7.13252364325778
"(4, 10, 22)",7.132055466397832
"(9, 15, 32)",7.130426451759061
"(4, 37, 43)",7.1293748125476855
"(15, 29, 43)",7.128430669082394
"(8, 9, 39)",7.127050126607344
"(8, 30)",7.126824067349591
"(10, 28, 29)",7.12670117502459
"(29, 32, 39)",7.125178682754921
"(0, 3, 24)",7.1248226791256055
"(0, 17, 35)",7.1243782192296425
"(25, 37, 41)",7.124137215128058
"(2, 25, 26)",7.124129627186203
"(18, 25, 26)",7.124129627186203
"(22, 25, 26)",7.124129627186203
"(25, 26, 27)",7.124129627186203
"(25, 26, 36)",7.124129627186203
"(25, 26, 42)",7.124129627186203
"(25, 26, 46)",7.124129627186203
"(23, 26, 33)",7.122705600729145
"(8, 18, 47)",7.1224179182809735
"(8, 22, 47)",7.1224179182809735
"(8, 27, 47)",7.1224179182809735
"(8, 46, 47)",7.1224179182809735
"(19, 32, 44)",7.122353214658375
"(24, 25, 42)",7.121121689058475
"(13, 17, 49)",7.120911896712544
"(12, 22, 49)",7.120668414159855
"(3, 18, 24)",7.119593799192376
"(1, 8, 19)",7.119244270025444
"(35, 41, 44)",7.118387315138846
"(17, 30, 47)",7.11832221907161
"(2, 7, 21)",7.116583263910456
"(7, 18, 21)",7.116583263910456
"(7, 21, 27)",7.116583263910456
"(7, 21, 36)",7.116583263910456
"(7, 21, 42)",7.116583263910456
"(7, 21, 46)",7.116583263910456
"(23, 29, 47)",7.11654127967951
"(7, 13, 16)",7.116410395792216
"(7, 11, 43)",7.116319824454033
"(8, 26, 32)",7.115153377319721
"(6, 7, 43)",7.115116572350748
"(7, 22, 26)",7.113353155796974
"(4, 19, 48)",7.112991653090431
"(29, 31, 41)",7.11025338230628
"(1, 2, 4)",7.1099946147971815
"(42, 47, 48)",7.10945411514561
"(7, 25, 41)",7.1080239676624934
"(8, 29, 40)",7.1073820656690305
"(15, 26, 41)",7.103720616977111
"(34, 41)",7.103063653355002
"(9, 29, 45)",7.102053117567272
"(28, 33, 41)",7.102045177870198
"(16, 32, 35)",7.098945627292252
"(34, 37, 41)",7.096590934823124
"(2, 26, 34)",7.096583346881269
"(18, 26, 34)",7.096583346881269
"(22, 26, 34)",7.096583346881269
"(26, 27, 34)",7.096583346881269
"(26, 34, 36)",7.096583346881269
"(26, 34, 46)",7.096583346881269
"(2, 29, 38)",7.096366469727687
"(18, 29, 38)",7.096366469727687
"(22, 29, 38)",7.096366469727687
"(27, 29, 38)",7.096366469727687
"(29, 38, 42)",7.096366469727687
"(29, 38, 46)",7.096366469727687
"(7, 8, 30)",7.096317963353952
"(13, 43, 47)",7.096140115726525
"(0, 29, 43)",7.094235022896764
"(13, 28, 35)",7.093847654405043
"(29, 45, 47)",7.09188510786691
"(17, 19, 26)",7.090770631116863
"(27, 38, 48)",7.0907637782638675
"(10, 23, 28)",7.089023844180357
"(4, 21, 33)",7.088326680680739
"(23, 32, 39)",7.087501351910688
"(8, 17, 28)",7.087460114009776
"(28, 29, 30)",7.08588656141725
"(1, 10, 15)",7.085190263402641
"(19, 32, 43)",7.084836192828908
"(4, 8, 31)",7.083760386618923
"(37,)",7.0836454977593695
"(9, 16, 42)",7.082731636099325
"(7, 34, 41)",7.0804776873575594
"(6, 12, 22)",7.0793190241767
"(9, 10, 47)",7.0784415714998765
"(9, 15, 35)",7.077878604236198
"(4, 26, 47)",7.076953504967708
"(29, 33, 37)",7.076667612634204
"(0, 4, 32)",7.076264181459953
"(4, 31, 32)",7.074601052059085
"(29, 33)",7.073178670071623
"(29, 35, 39)",7.072630835232058
"(23, 31, 41)",7.072576051462046
"(10, 41, 49)",7.070573079415992
"(25, 43, 44)",7.070499020255138
"(19, 35, 44)",7.069805367135512
"(0, 26, 41)",7.069524970791481
"(1, 25, 32)",7.0675144144464515
"(15, 43, 45)",7.0660971664255605
"(9, 23, 45)",7.064375786723039
"(10, 28, 45)",7.064367672367757
"(32, 39, 45)",7.062845180098088
"(3, 29, 47)",7.0609091886020305
"(7, 29, 33)",7.06055436516864
"(6, 13, 32)",7.060176887704398
"(7, 37)",7.059475626561023
"(2, 23, 38)",7.058689138883453
"(18, 23, 38)",7.058689138883453
"(22, 23, 38)",7.058689138883453
"(23, 27, 38)",7.058689138883453
"(23, 36, 38)",7.058689138883453
"(23, 38, 42)",7.058689138883453
"(23, 38, 46)",7.058689138883453
"(4, 25, 47)",7.055879345821138
"(23, 45, 47)",7.054207777022675
"(2, 16, 39)",7.052961482439759
"(16, 18, 39)",7.052961482439759
"(16, 22, 39)",7.052961482439759
"(16, 36, 39)",7.052961482439759
"(16, 39, 46)",7.052961482439759
"(19, 40, 41)",7.052354829072935
"(3, 16, 40)",7.051356644419314
"(0, 1, 10)",7.050994617217011
"(23, 28, 30)",7.048209230573017
"(31, 41, 45)",7.047919879649447
"(4, 34, 42)",7.047250019735948
"(8, 40, 45)",7.045048563012197
"(0, 9, 35)",7.043682958050568
"(11, 35, 48)",7.043506087438539
"(1, 11, 40)",7.043328907482018
"(34, 43, 44)",7.042952739950204
"(1, 6, 40)",7.042125655378732
"(10, 11, 29)",7.041685812904368
"(6, 10, 29)",7.040482560801082
"(2, 25, 37)",7.040414308247028
"(18, 25, 37)",7.040414308247028
"(22, 25, 37)",7.040414308247028
"(25, 27, 37)",7.040414308247028
"(25, 36, 37)",7.040414308247028
"(25, 37, 42)",7.040414308247028
"(25, 37, 46)",7.040414308247028
"(9, 13, 49)",7.040216635533469
"(1, 32, 34)",7.0399681341415175
"(23, 33, 37)",7.038990281789971
"(9, 30, 47)",7.037626957892536
"(17, 32, 47)",7.0373290666326405
"(16, 23, 26)",7.037059538403096
"(17, 33, 40)",7.035722076031586
"(7,)",7.035305755362676
"(23, 35, 39)",7.034953504387824
"(18, 38, 45)",7.0340329670708535
"(22, 38, 45)",7.0340329670708535
"(27, 38, 45)",7.0340329670708535
"(36, 38, 45)",7.0340329670708535
"(38, 45, 46)",7.0340329670708535
"(4, 25, 39)",7.032255852692034
"(0, 43, 45)",7.031901520239931
"(8, 32, 37)",7.031438058380546
"(30, 41, 49)",7.029758465808651
"(10, 32, 40)",7.029733582792741
"(7, 22, 37)",7.029637836857799
"(1, 4, 18)",7.029008157844654
"(18, 29, 31)",7.02653047542525
"(22, 29, 31)",7.02653047542525
"(29, 31, 42)",7.02653047542525
"(2, 7, 25)",7.024301060781464
"(7, 18, 25)",7.024301060781464
"(7, 25, 27)",7.024301060781464
"(7, 25, 36)",7.024301060781464
"(7, 25, 42)",7.024301060781464
"(7, 25, 46)",7.024301060781464
"(28, 30, 45)",7.023553058760417
"(7, 23, 33)",7.022877034324406
"(18, 43, 48)",7.021115721935157
"(22, 43, 48)",7.021115721935157
"(36, 43, 48)",7.021115721935157
"(42, 43, 48)",7.021115721935157
"(43, 46, 48)",7.021115721935157
"(15, 37, 41)",7.020005298037937
"(2, 15, 26)",7.0199977100960815
"(15, 18, 26)",7.0199977100960815
"(15, 22, 26)",7.0199977100960815
"(15, 26, 27)",7.0199977100960815
"(15, 26, 36)",7.0199977100960815
"(15, 26, 42)",7.0199977100960815
"(15, 26, 46)",7.0199977100960815
"(2, 25)",7.018798713490858
"(18, 25)",7.018798713490858
"(22, 25)",7.018798713490858
"(25, 27)",7.018798713490858
"(25, 36)",7.018798713490858
"(25, 42)",7.018798713490858
"(25, 46)",7.018798713490858
"(28, 33, 36)",7.018322270989168
"(28, 33, 42)",7.018322270989168
"(4, 19, 21)",7.017685507073738
"(4, 26, 39)",7.0172378830133395
"(15, 24, 42)",7.016989771968355
"(23, 33)",7.016662673805271
"(16, 28, 41)",7.016399115544147
"(6, 33, 41)",7.01582656364669
"(7, 8, 32)",7.015324810914982
"(31, 38, 46)",7.014963807069095
"(14, 28, 39)",7.014474663682622
"(7, 22)",7.013456949823218
"(9, 17, 38)",7.0131490619317765
"(2, 34, 37)",7.012868027942094
"(18, 34, 37)",7.012868027942094
"(22, 34, 37)",7.012868027942094
"(27, 34, 37)",7.012868027942094
"(34, 36, 37)",7.012868027942094
"(34, 37, 46)",7.012868027942094
"(4, 17, 42)",7.012468923335918
"(16, 26, 45)",7.012403366590496
"(35, 39, 45)",7.010297332575225
"(9, 19, 26)",7.010075369937788
"(6, 13, 35)",7.007629040181535
"(17, 19, 37)",7.0070553121776875
"(8, 9, 28)",7.0067648528307025
"(8, 32)",7.005334338691136
"(10, 11, 23)",7.004008482060135
"(7, 15, 41)",7.0038920505723725
"(6, 10, 23)",7.002805229956849
"(8, 11, 17)",7.002444751889555
"(6, 8, 17)",7.0012414997862695
"(8, 14, 36)",7.0012015151913864
"(11, 29, 30)",7.000871199297028
"(26, 33, 44)",6.998319365656003
"(2, 7, 34)",6.99675478047653
"(7, 18, 34)",6.99675478047653
"(7, 27, 34)",6.99675478047653
"(7, 34, 36)",6.99675478047653
"(7, 34, 46)",6.99675478047653
"(2, 4, 18)",6.9898984292135795
"(2, 4, 22)",6.9898984292135795
"(2, 4, 42)",6.9898984292135795
"(2, 4, 46)",6.9898984292135795
"(4, 18, 22)",6.9898984292135795
"(4, 18, 42)",6.9898984292135795
"(4, 18, 46)",6.9898984292135795
"(4, 22, 42)",6.9898984292135795
"(4, 22, 46)",6.9898984292135795
"(4, 42, 46)",6.9898984292135795
"(6, 28, 48)",6.989847081791069
"(14, 28, 40)",6.989593264249015
"(18, 23, 31)",6.988853144581016
"(22, 23, 31)",6.988853144581016
"(23, 31, 36)",6.988853144581016
"(23, 31, 42)",6.988853144581016
"(15, 41)",6.988185198177222
"(1, 34, 35)",6.987420286618654
"(2, 10, 49)",6.986850172534961
"(10, 27, 49)",6.986850172534961
"(10, 36, 49)",6.986850172534961
"(10, 42, 49)",6.986850172534961
"(0, 37, 41)",6.985809651852307
"(0, 2, 26)",6.985802063910452
"(0, 18, 26)",6.985802063910452
"(0, 22, 26)",6.985802063910452
"(0, 26, 27)",6.985802063910452
"(0, 26, 36)",6.985802063910452
"(0, 26, 42)",6.985802063910452
"(3, 24, 47)",6.98522567900574
"(38, 42, 47)",6.985124275191295
"(0, 24, 42)",6.982794125782725
"(14, 20, 33)",6.979662332746549
"(17, 29, 49)",6.979409803762917
"(10, 11, 45)",6.979352310247535
"(6, 10, 45)",6.978149058144249
"(2, 34)",6.977479293033457
"(18, 34)",6.977479293033457
"(22, 34)",6.977479293033457
"(27, 34)",6.977479293033457
"(34, 36)",6.977479293033457
"(34, 46)",6.977479293033457
"(10, 35, 40)",6.977185735269878
"(13, 17, 21)",6.976430388791529
"(12, 21, 22)",6.976186906238841
"(11, 14, 36)",6.974512223808302
"(17, 19)",6.968760219386846
"(18, 19, 40)",6.968631922191905
"(19, 27, 40)",6.968631922191905
"(19, 36, 40)",6.968631922191905
"(19, 40, 42)",6.968631922191905
"(19, 40, 46)",6.968631922191905
"(10, 28, 44)",6.964637609107213
"(18, 31, 45)",6.964196972768417
"(22, 31, 45)",6.964196972768417
"(31, 36, 45)",6.964196972768417
"(1, 15, 32)",6.9633824973563305
"(11, 23, 30)",6.9631938684527945
"(26, 33, 43)",6.960802343826535
"(1, 8, 39)",6.960006172204613
"(9, 32, 47)",6.956633805453567
"(29, 43, 47)",6.954638022776899
"(23, 44, 47)",6.954477713762133
"(4, 39, 48)",6.9537535552696
"(0, 7, 31)",6.9534729477300825
"(16, 23, 37)",6.95334421946392
"(28, 29, 35)",6.952345561455417
"(16, 17, 40)",6.9500760137055355
"(31, 41, 44)",6.948189816388903
"(2, 30, 49)",6.946035558927621
"(30, 42, 49)",6.946035558927621
"(30, 46, 49)",6.946035558927621
"(14, 20, 36)",6.9453873823195975
"(8, 40, 44)",6.945318499751654
"(9, 17, 31)",6.94331306762934
"(17, 23, 49)",6.941732472918683
"(9, 44, 45)",6.939989551649895
"(11, 30, 45)",6.938537696640195
"(7, 16, 23)",6.937230971998355
"(24, 33, 45)",6.936926709245295
"(0, 41)",6.936891728898777
"(2, 15, 37)",6.936282391156907
"(15, 18, 37)",6.936282391156907
"(15, 22, 37)",6.936282391156907
"(15, 27, 37)",6.936282391156907
"(15, 36, 37)",6.936282391156907
"(15, 37, 42)",6.936282391156907
"(15, 37, 46)",6.936282391156907
"(2, 38, 44)",6.93430290381031
"(18, 38, 44)",6.93430290381031
"(22, 38, 44)",6.93430290381031
"(27, 38, 44)",6.93430290381031
"(36, 38, 44)",6.93430290381031
"(38, 42, 44)",6.93430290381031
"(38, 44, 46)",6.93430290381031
"(16, 18, 28)",6.932676208663118
"(16, 28, 36)",6.932676208663118
"(6, 33, 42)",6.93210365676566
"(6, 33, 46)",6.93210365676566
"(6, 16, 41)",6.930180501320639
"(44, 45, 47)",6.929821541949533
"(16, 37, 45)",6.92868804765132
"(10, 13, 33)",6.927841858821758
"(10, 28, 43)",6.927120587277746
"(0, 32, 38)",6.92670841179188
"(10, 21, 41)",6.926091571494976
"(28, 30, 44)",6.923822995499873
"(8, 9, 11)",6.92174949071048
"(6, 8, 9)",6.920546238607195
"(2, 7, 15)",6.920169143691343
"(7, 15, 18)",6.920169143691343
"(7, 15, 27)",6.920169143691343
"(7, 15, 36)",6.920169143691343
"(7, 15, 42)",6.920169143691343
"(7, 15, 46)",6.920169143691343
"(4, 21, 35)",6.919302801030421
"(11, 35, 38)",6.919176247484224
"(6, 29, 32)",6.918674794754772
"(17, 45, 49)",6.917076301106084
"(1, 16, 42)",6.915687681696594
"(31, 42, 47)",6.915288280888859
"(23, 28, 35)",6.914668230611183
"(33, 37, 44)",6.9146040467168275
"(7, 16, 45)",6.912574800185756
"(1, 15, 35)",6.910834649833467
"(8, 40, 43)",6.907801477922186
"(9, 43, 45)",6.902472529820428
"(0, 2, 37)",6.902086744971277
"(0, 18, 37)",6.902086744971277
"(0, 22, 37)",6.902086744971277
"(0, 27, 37)",6.902086744971277
"(0, 36, 37)",6.902086744971277
"(0, 37, 42)",6.902086744971277
"(21, 28, 38)",6.899147992456415
"(9, 29, 49)",6.898714542583843
"(18, 38, 43)",6.8967858819808425
"(22, 38, 43)",6.8967858819808425
"(27, 38, 43)",6.8967858819808425
"(36, 38, 43)",6.8967858819808425
"(38, 42, 43)",6.8967858819808425
"(38, 43, 46)",6.8967858819808425
"(9, 13, 21)",6.895735127612455
"(14, 16, 20)",6.894016270420498
"(39, 40, 41)",6.893116731252104
"(43, 45, 47)",6.8923045201200654
"(14, 34, 48)",6.890827881617029
"(18, 48, 49)",6.89060139287136
"(28, 35, 45)",6.890012058798583
"(13, 37, 40)",6.888955985189096
"(16, 23)",6.888193580316196
"(13, 30, 33)",6.8870272452144174
"(28, 30, 43)",6.886305973670406
"(6, 38, 44)",6.88613557694796
"(13, 17, 25)",6.8841481856625375
"(12, 22, 25)",6.883904703109849
"(6, 23, 32)",6.880997463910538
"(10, 11, 44)",6.879622246986991
"(10, 26, 37)",6.8770329699364705
"(0, 1, 35)",6.8766390036478375
"(16, 26, 43)",6.875156281500485
"(1, 13, 49)",6.873172681130738
"(7, 13, 40)",6.8728427377235315
"(11, 12, 22)",6.8696527192164645
"(9, 16, 40)",6.869380752526461
"(26, 47, 48)",6.86656161706972
"(6, 29, 35)",6.866126947231909
"(18, 31, 44)",6.864466909507874
"(22, 31, 44)",6.864466909507874
"(31, 36, 44)",6.864466909507874
"(31, 42, 44)",6.864466909507874
"(2, 15)",6.862600837855677
"(15, 18)",6.862600837855677
"(15, 22)",6.862600837855677
"(15, 27)",6.862600837855677
"(15, 36)",6.862600837855677
"(15, 42)",6.862600837855677
"(15, 46)",6.862600837855677
"(9, 23, 49)",6.8610372117396095
"(7, 33, 43)",6.860973777421796
"(4, 27, 31)",6.860434859221061
"(4, 21, 39)",6.858447409252907
"(8, 21, 24)",6.858409138094273
"(0, 31, 32)",6.856872417489444
"(13, 17, 34)",6.8566019053576035
"(12, 22, 34)",6.856358422804915
"(6, 32, 45)",6.856341292097939
"(32, 35, 40)",6.855377969223568
"(13, 19, 29)",6.853311336210033
"(16, 45)",6.851209322597296
"(16, 42, 45)",6.851207473142792
"(11, 31, 35)",6.849340253181788
"(16, 25, 33)",6.848116445182113
"(17, 37, 39)",6.847817214356857
"(9, 19)",6.847717327618236
"(4, 21, 30)",6.846913115698263
"(6, 16, 18)",6.8464575944396096
"(6, 16, 46)",6.8464575944396096
"(37, 41, 47)",6.846212651732442
"(1, 17, 38)",6.846105107529045
"(1, 19, 26)",6.843031415535057
"(2, 10, 21)",6.8423686646139465
"(10, 18, 21)",6.8423686646139465
"(10, 21, 27)",6.8423686646139465
"(10, 21, 36)",6.8423686646139465
"(10, 21, 42)",6.8423686646139465
"(10, 13, 16)",6.842195796495707
"(10, 11, 43)",6.842105225157524
"(6, 10, 43)",6.840901973054238
"(1, 8, 28)",6.839720898427972
"(11, 30, 44)",6.838807633379651
"(2, 6, 48)",6.835627080544569
"(17, 21, 29)",6.834928295841903
"(10, 25, 41)",6.833809368365984
"(4, 28, 48)",6.833468281492959
"(19, 22, 48)",6.831550130425375
"(26, 29, 40)",6.831169211178644
"(18, 24, 33)",6.830701248736181
"(18, 24, 38)",6.830425296548756
"(7, 41, 47)",6.830099404266878
"(33, 44)",6.830083321195557
"(6, 23, 35)",6.828449616387675
"(4, 32, 49)",6.827814308653412
"(18, 31, 43)",6.826949887678406
"(22, 31, 43)",6.826949887678406
"(31, 36, 43)",6.826949887678406
"(31, 42, 43)",6.826949887678406
"(4, 38, 41)",6.8251616911307975
"(8, 10, 30)",6.822103364057443
"(7, 26, 30)",6.820105108863565
"(21, 35, 49)",6.81941838006534
"(17, 44, 49)",6.81734623784554
"(6, 31, 44)",6.816299582645524
"(13, 19, 23)",6.8156340053657996
"(8, 21, 49)",6.814462861938777
"(2, 35, 49)",6.8124945589657875
"(22, 35, 49)",6.8124945589657875
"(27, 35, 49)",6.8124945589657875
"(35, 42, 49)",6.8124945589657875
"(35, 46, 49)",6.8124945589657875
"(0, 2)",6.811307368577232
"(0, 18)",6.811307368577232
"(0, 22)",6.811307368577232
"(0, 27)",6.811307368577232
"(0, 36)",6.811307368577232
"(0, 42)",6.811307368577232
"(17, 26, 28)",6.81124725951939
"(30, 40, 48)",6.809617468708443
"(18, 39, 40)",6.8093938243710745
"(22, 39, 40)",6.8093938243710745
"(27, 39, 40)",6.8093938243710745
"(36, 39, 40)",6.8093938243710745
"(39, 40, 42)",6.8093938243710745
"(39, 40, 46)",6.8093938243710745
"(3, 29, 36)",6.806837346335284
"(10, 34, 41)",6.80626308806105
"(13, 32, 33)",6.806034092775447
"(21, 32, 41)",6.804283805448666
"(6, 35, 45)",6.803793444575076
"(9, 13, 25)",6.803452924483463
"(13, 16, 30)",6.801381182888367
"(11, 30, 43)",6.801290611550184
"(17, 21, 23)",6.797250964997669
"(6, 28, 31)",6.7956812475343185
"(28, 46, 48)",6.793376713425834
"(25, 30, 41)",6.792994754758644
"(43, 44, 47)",6.792574456859522
"(13, 40)",6.791611228903959
"(28, 35, 44)",6.79028199553804
"(1, 33, 40)",6.78798286044978
"(22, 28, 48)",6.787253404786797
"(10, 29, 33)",6.786339765872131
"(13, 15, 17)",6.780016268572417
"(12, 15, 22)",6.779772786019727
"(28, 34, 38)",6.779319509022489
"(1, 17, 31)",6.776269113226609
"(9, 13, 34)",6.775906644178529
"(7, 16, 43)",6.775327715095745
"(33, 43)",6.7738077884513554
"(10, 26)",6.7737267060250215
"(4, 13, 38)",6.772828461070365
"(17, 21, 45)",6.772594793185069
"(26, 40, 45)",6.768835708521811
"(14, 34, 38)",6.7664980416627145
"(18, 38, 49)",6.766271552917045
"(8, 24, 25)",6.766126934965282
"(30, 34, 41)",6.76544847445371
"(14, 36, 49)",6.765150998121126
"(8, 19, 41)",6.7637314578986665
"(2, 37, 47)",6.762489744851412
"(18, 37, 47)",6.762489744851412
"(22, 37, 47)",6.762489744851412
"(27, 37, 47)",6.762489744851412
"(36, 37, 47)",6.762489744851412
"(37, 46, 47)",6.762489744851412
"(18, 24, 31)",6.76058930224632
"(26, 32, 37)",6.75522520389016
"(1, 8, 11)",6.75470553630775
"(9, 21, 29)",6.754233034662828
"(1, 6, 8)",6.753502284204464
"(13, 33, 35)",6.753486245252584
"(14, 35, 36)",6.751711985768333
"(4, 7, 48)",6.751497520345122
"(7, 9, 39)",6.751008705712218
"(2, 10, 25)",6.750086461484955
"(10, 18, 25)",6.750086461484955
"(10, 25, 27)",6.750086461484955
"(10, 25, 36)",6.750086461484955
"(10, 25, 42)",6.750086461484955
"(10, 23, 33)",6.748662435027898
"(4, 11, 48)",6.7484529193727365
"(29, 37, 40)",6.747453892239469
"(4, 6, 48)",6.74724966726945
"(8, 17, 33)",6.747098704857317
"(2, 7, 47)",6.746376497385848
"(7, 18, 47)",6.746376497385848
"(7, 27, 47)",6.746376497385848
"(7, 36, 47)",6.746376497385848
"(7, 46, 47)",6.746376497385848
"(0, 13, 17)",6.745820622386787
"(0, 12, 22)",6.745577139834097
"(29, 30, 33)",6.745525152264791
"(25, 33, 48)",6.743860126212729
"(17, 25, 29)",6.742646092712911
"(26, 38, 47)",6.742231777115406
"(8, 10, 32)",6.741110211618473
"(7, 26, 32)",6.739111956424595
"(8, 24, 34)",6.738580654660348
"(4, 21, 28)",6.738162135476266
"(9, 44, 49)",6.736650976666466
"(1, 29, 49)",6.731670588181112
"(7, 29, 40)",6.731340644773905
"(9, 26, 28)",6.730551998340316
"(17, 39)",6.729903072655601
"(4, 25, 40)",6.7298722586162985
"(10, 15, 41)",6.7296774512758635
"(1, 13, 21)",6.728691173209723
"(17, 28, 37)",6.727531940580215
"(41, 47)",6.727496228718979
"(11, 17, 26)",6.726231897399169
"(6, 17, 26)",6.7250286452958825
"(9, 14, 33)",6.724359792811308
"(2, 10, 34)",6.722540181180021
"(10, 18, 34)",6.722540181180021
"(10, 27, 34)",6.722540181180021
"(10, 34, 36)",6.722540181180021
"(8, 25, 49)",6.722180658809785
"(2, 21, 32)",6.720560898567636
"(18, 21, 32)",6.720560898567636
"(21, 22, 32)",6.720560898567636
"(21, 27, 32)",6.720560898567636
"(21, 32, 36)",6.720560898567636
"(21, 32, 42)",6.720560898567636
"(21, 32, 46)",6.720560898567636
"(13, 16, 32)",6.720388030449397
"(25, 35, 49)",6.71912034895627
"(6, 32, 43)",6.719094207007928
"(10, 17, 19)",6.716727465415614
"(9, 21, 23)",6.716555703818594
"(17, 29, 34)",6.715099812407977
"(4, 29, 38)",6.712807967395903
"(0, 38, 46)",6.712766920548658
"(26, 30)",6.71250478561401
"(0, 15, 38)",6.712097585768897
"(25, 32, 41)",6.712001602319674
"(2, 6, 38)",6.711297240590254
"(38, 41, 48)",6.71040012681335
"(2, 25, 30)",6.7092718478776145
"(18, 25, 30)",6.7092718478776145
"(25, 30, 42)",6.7092718478776145
"(25, 30, 46)",6.7092718478776145
"(23, 30, 33)",6.7078478214205575
"(14, 28, 46)",6.707720511352056
"(19, 22, 38)",6.70722029047106
"(0, 34, 49)",6.70595539604072
"(13, 26, 48)",6.705067232174957
"(17, 23, 25)",6.704968761868677
"(14, 22, 28)",6.704656560787927
"(4, 13, 31)",6.702992466767928
"(15, 28, 38)",6.702733872237302
"(26, 35, 37)",6.702677356367296
"(1, 16, 40)",6.70233679812373
"(8, 30, 32)",6.700295598011133
"(9, 13, 15)",6.699321007393342
"(9, 43, 49)",6.699133954836999
"(14, 31, 34)",6.696662047360277
"(18, 31, 49)",6.696435558614609
"(0, 10, 41)",6.695481805090234
"(8, 34, 49)",6.694634378504851
"(13, 29, 39)",6.694073238389202
"(1, 23, 49)",6.693993257336878
"(13, 19, 44)",6.691247770292656
"(15, 30, 41)",6.688862837668523
"(6, 40, 41)",6.686612843251955
"(7, 26, 35)",6.686564108901732
"(30, 38, 40)",6.685287628754128
"(37, 40, 45)",6.685120389582636
"(32, 34, 41)",6.68445532201474
"(2, 30, 34)",6.6817255675726805
"(18, 30, 34)",6.6817255675726805
"(30, 34, 46)",6.6817255675726805
"(17, 25, 45)",6.680312590056078
"(8, 18, 19)",6.680008551017637
"(8, 19, 27)",6.680008551017637
"(8, 19, 42)",6.680008551017637
"(8, 19, 46)",6.680008551017637
"(17, 23, 34)",6.677422481563743
"(17, 19, 30)",6.675912851808274
"(19, 23, 29)",6.674131912416173
"(17, 21, 44)",6.672864729924526
"(6, 22, 48)",6.671444989038609
"(21, 28, 49)",6.669450777040744
"(1, 45, 49)",6.669337085524278
"(26, 40, 44)",6.669105645261268
"(7, 40, 45)",6.669007142117072
"(0, 38, 48)",6.668773352543961
"(0, 28, 38)",6.668538226051672
"(13, 16, 35)",6.6678401829265335
"(4, 25, 35)",6.666926040083312
"(4, 26, 49)",6.666490675723397
"(0, 9, 13)",6.665125361207712
"(29, 32, 33)",6.664531999825821
"(10, 16, 23)",6.663016372701847
"(8, 15, 24)",6.66199501787516
"(9, 25, 29)",6.6619508315338365
"(8, 16, 17)",6.661452642531267
"(16, 33, 49)",6.658395263013887
"(13, 23, 39)",6.656395907544969
"(7, 32, 37)",6.6553966374854205
"(0, 30, 41)",6.654667191482893
"(13, 19, 43)",6.653730748463189
"(4, 11, 21)",6.653146773356044
"(17, 34, 45)",6.652766309751144
"(4, 6, 21)",6.651943521252758
"(14, 20, 40)",6.650448612351814
"(19, 29, 45)",6.649475740603573
"(0, 30, 40)",6.648715513398775
"(10, 37)",6.6481537276162594
"(2, 10, 15)",6.645954544394834
"(10, 15, 18)",6.645954544394834
"(10, 15, 27)",6.645954544394834
"(10, 15, 36)",6.645954544394834
"(10, 15, 42)",6.645954544394834
"(9, 11, 26)",6.645536636220093
"(16, 43)",6.64533869496228
"(6, 9, 26)",6.644333384116809
"(4, 29, 31)",6.642971973093466
"(11, 17, 37)",6.642516578459993
"(0, 15, 31)",6.642261591466461
"(6, 17, 37)",6.641313326356707
"(25, 38, 49)",6.640742855598525
"(15, 17, 29)",6.63851417562279
"(10, 16, 45)",6.638360200889247
"(19, 22, 31)",6.637384296168625
"(1, 13, 25)",6.636408970080732
"(9, 10, 19)",6.63603220423654
"(9, 29, 34)",6.6344045512289025
"(6, 15, 44)",6.634193816897947
"(26, 40, 43)",6.6315886234318
"(7, 9, 28)",6.630723431935577
"(2, 25, 32)",6.628278695438644
"(18, 25, 32)",6.628278695438644
"(22, 25, 32)",6.628278695438644
"(25, 27, 32)",6.628278695438644
"(25, 32, 36)",6.628278695438644
"(25, 32, 42)",6.628278695438644
"(25, 32, 46)",6.628278695438644
"(0, 8, 24)",6.62779937168953
"(23, 32, 33)",6.626854668981587
"(10, 33, 44)",6.624276199954754
"(9, 23, 25)",6.624273500689603
"(4, 7, 21)",6.62423780646864
"(16, 23, 30)",6.622201759094507
"(25, 26, 39)",6.621252818632883
"(14, 21, 36)",6.620669490200112
"(3, 19, 29)",6.618499821338693
"(8, 15, 49)",6.618048741719663
"(7, 22, 32)",6.6175022240494155
"(30, 31, 40)",6.615451634451691
"(35, 47, 49)",6.615242800323071
"(9, 14, 20)",6.614930354964649
"(4, 19, 25)",6.6134699785578
"(39, 43, 48)",6.612995968215698
"(29, 33, 35)",6.611984152302957
"(19, 23, 45)",6.61179840975934
"(0, 2, 10)",6.611758898209204
"(0, 10, 18)",6.611758898209204
"(0, 10, 27)",6.611758898209204
"(0, 10, 36)",6.611758898209204
"(0, 10, 42)",6.611758898209204
"(0, 34, 48)",6.611059757091052
"(1, 13, 34)",6.608862689775798
"(9, 39)",6.60886018088699
"(15, 32, 41)",6.607869685229553
"(13, 17, 47)",6.606223622266921
"(12, 22, 47)",6.605980139714232
"(2, 15, 30)",6.605139930787494
"(15, 18, 30)",6.605139930787494
"(15, 30, 42)",6.605139930787494
"(15, 30, 46)",6.605139930787494
"(8, 39, 41)",6.604493360077836
"(0, 17, 29)",6.60431852943716
"(11, 18, 40)",6.604093188474211
"(11, 27, 40)",6.604093188474211
"(11, 36, 40)",6.604093188474211
"(11, 40, 42)",6.604093188474211
"(6, 18, 40)",6.602889936370925
"(6, 27, 40)",6.602889936370925
"(6, 40, 42)",6.602889936370925
"(6, 40, 46)",6.602889936370925
"(7, 35, 37)",6.602848789962557
"(2, 47)",6.601911868397434
"(18, 47)",6.601911868397434
"(22, 47)",6.601911868397434
"(27, 47)",6.601911868397434
"(36, 47)",6.601911868397434
"(46, 47)",6.601911868397434
"(15, 17, 23)",6.600836844778556
"(2, 32, 34)",6.60073241513371
"(18, 32, 34)",6.60073241513371
"(22, 32, 34)",6.60073241513371
"(27, 32, 34)",6.60073241513371
"(32, 34, 36)",6.60073241513371
"(32, 34, 46)",6.60073241513371
"(10, 13, 40)",6.5986281384270224
"(16, 30, 45)",6.597545587281907
"(1, 19)",6.597151396014139
"(9, 23, 34)",6.596727220384669
"(0, 6, 44)",6.595427426808692
"(9, 19, 30)",6.5952175906292
"(17, 19, 32)",6.594919699369304
"(22, 28, 31)",6.593087570530046
"(9, 21, 44)",6.5921694687454515
"(26, 32)",6.5910150569555555
"(17, 35, 41)",6.590953799849775
"(4, 26, 48)",6.590392898725517
"(25, 30, 39)",6.589334413697855
"(1, 47, 48)",6.588157736261768
"(1, 21, 29)",6.587189080260098
"(10, 33, 43)",6.586759178125287
"(37, 40, 44)",6.585390326322092
"(1, 7, 39)",6.583964751309487
"(0, 8, 49)",6.5838530955340335
"(30, 33, 44)",6.583461586347414
"(11, 16, 49)",6.582151544409929
"(8, 9, 16)",6.580757381352193
"(13, 26, 38)",6.580737392220643
"(17, 25, 44)",6.580582526795534
"(29, 40)",6.57935808947952
"(25, 28, 49)",6.577168573911752
"(15, 17, 45)",6.576180672965957
"(21, 25, 35)",6.575070324903868
"(19, 42, 45)",6.574936598252538
"(23, 33, 35)",6.574306821458724
"(13, 28, 29)",6.573787964612561
"(0, 2, 30)",6.570944284601864
"(0, 18, 30)",6.570944284601864
"(0, 30, 42)",6.570944284601864
"(4, 8, 48)",6.569863988386034
"(1, 44, 49)",6.569607022263735
"(0, 17, 23)",6.566641198592926
"(7, 22, 35)",6.564954376526552
"(1, 26, 28)",6.563508043937585
"(7, 30)",6.562761936006902
"(16, 41, 42)",6.560174869569817
"(24, 38, 45)",6.558397353922144
"(9, 15, 29)",6.557818914443716
"(10, 17, 39)",6.557489367594783
"(4, 25, 33)",6.5562161427801
"(1, 37, 48)",6.556123688701498
"(10, 41, 47)",6.555884804970368
"(21, 34, 35)",6.5551083887104
"(9, 21, 43)",6.554652446915984
"(14, 28, 33)",6.553827980753521
"(17, 34, 44)",6.5530362464906
"(28, 34, 49)",6.549622293606818
"(1, 21, 23)",6.5495117494158634
"(17, 28)",6.549475161990639
"(25, 30, 40)",6.548597119593728
"(2, 34, 35)",6.548184567610847
"(18, 34, 35)",6.548184567610847
"(22, 34, 35)",6.548184567610847
"(27, 34, 35)",6.548184567610847
"(34, 35, 46)",6.548184567610847
"(6, 22, 38)",6.547115149084295
"(30, 33, 43)",6.545944564517947
"(10, 26, 30)",6.545890509567057
"(7, 9, 11)",6.545708069815355
"(6, 7, 9)",6.5445048177120695
"(3, 19, 24)",6.542816311742404
"(8, 26, 29)",6.542545840004375
"(17, 19, 35)",6.542371851846441
"(0, 17, 45)",6.541985026780327
"(21, 30, 49)",6.541406674489204
"(16, 23, 32)",6.541208606655537
"(13, 23, 28)",6.5361106337683275
"(9, 41, 48)",6.534226874177509
"(1, 13, 15)",6.532277052990612
"(7, 40, 43)",6.531760057027061
"(28, 38, 47)",6.528941225931807
"(14, 25, 36)",6.52838728707112
"(9, 13, 47)",6.525528361087847
"(1, 21, 45)",6.524855577603264
"(2, 15, 32)",6.524146778348523
"(15, 18, 32)",6.524146778348523
"(15, 22, 32)",6.524146778348523
"(15, 27, 32)",6.524146778348523
"(15, 32, 36)",6.524146778348523
"(15, 32, 42)",6.524146778348523
"(15, 32, 46)",6.524146778348523
"(0, 9, 29)",6.523623268258086
"(21, 33, 38)",6.520857723548223
"(8, 18, 39)",6.520770453196806
"(8, 22, 39)",6.520770453196806
"(8, 27, 39)",6.520770453196806
"(8, 39, 42)",6.520770453196806
"(8, 39, 46)",6.520770453196806
"(9, 15, 23)",6.520141583599482
"(38, 44, 48)",6.519220925231707
"(3, 8, 40)",6.519165615176361
"(13, 41, 49)",6.517659869003961
"(16, 32, 45)",6.516552434842937
"(2, 6, 28)",6.516545093200182
"(31, 38, 41)",6.516234292556599
"(30, 41, 47)",6.515070191363028
"(23, 29, 39)",6.514893814595342
"(9, 19, 32)",6.5142244381902294
"(19, 29, 43)",6.512228655513562
"(26, 35)",6.512193285671261
"(19, 23, 44)",6.512068346498796
"(9, 35, 41)",6.5102585386707
"(8, 23, 26)",6.504868509160142
"(8, 13, 24)",6.503463140145333
"(32, 33, 44)",6.502468433908444
"(10, 16, 43)",6.501113115799236
"(9, 25, 44)",6.49988726561646
"(1, 8, 33)",6.499359489275513
"(0, 1, 13)",6.498081406804982
"(21, 25, 38)",6.49626134767751
"(1, 25, 29)",6.494906877131106
"(29, 39, 45)",6.490237642782742
"(6, 30, 49)",6.489454404805311
"(11, 13, 29)",6.488772602492339
"(38, 39, 43)",6.488666128261383
"(16, 23, 35)",6.4886607591326735
"(24, 31, 45)",6.488561359619707
"(8, 24, 47)",6.488202371569666
"(6, 13, 29)",6.487569350389053
"(19, 26, 41)",6.48751860340828
"(19, 44, 45)",6.487412174686196
"(0, 9, 23)",6.485945937413852
"(40, 45)",6.4858578354942695
"(8, 28, 41)",6.484208086301194
"(3, 15, 48)",6.481434681343647
"(0, 5, 46)",6.480732045837214
"(8, 26, 45)",6.480212337347542
"(15, 21, 35)",6.4785227519252135
"(1, 11, 26)",6.478492681817363
"(1, 6, 26)",6.477289429714077
"(6, 22, 31)",6.477279154781859
"(13, 32, 40)",6.476820372380712
"(9, 10, 39)",6.476794106415709
"(2, 16, 42)",6.476451962688787
"(16, 18, 42)",6.476451962688787
"(16, 22, 42)",6.476451962688787
"(16, 36, 42)",6.476451962688787
"(16, 42, 46)",6.476451962688787
"(21, 33, 48)",6.476275281008275
"(15, 28, 49)",6.473036656821631
"(9, 34, 44)",6.472340985311526
"(2, 10, 47)",6.472161898089339
"(10, 18, 47)",6.472161898089339
"(10, 27, 47)",6.472161898089339
"(10, 36, 47)",6.472161898089339
"(2, 15, 35)",6.47159893082566
"(15, 18, 35)",6.47159893082566
"(15, 22, 35)",6.47159893082566
"(15, 27, 35)",6.47159893082566
"(15, 35, 42)",6.47159893082566
"(15, 35, 46)",6.47159893082566
"(17, 26, 33)",6.470885850366931
"(1, 10, 19)",6.468988249833808
"(14, 16, 28)",6.4681819184274705
"(1, 29, 34)",6.467360596826172
"(32, 37)",6.465442078546793
"(32, 33, 43)",6.464951412078976
"(10, 26, 32)",6.464897357128087
"(17, 29, 47)",6.464721529317295
"(16, 35, 45)",6.4640045873200735
"(1, 38, 47)",6.463827896307453
"(1, 7, 28)",6.463679477532846
"(33, 48, 49)",6.463053734639589
"(9, 25, 43)",6.462370243786992
"(9, 19, 35)",6.461676590667366
"(16, 30, 43)",6.460298502191896
"(3, 29, 39)",6.459261723517863
"(8, 29, 37)",6.458830521065201
"(1, 23, 25)",6.457229546286872
"(10, 29, 40)",6.457126045477396
"(23, 39, 45)",6.452560311938509
"(11, 13, 23)",6.451095271648105
"(21, 31, 33)",6.451021729245786
"(9, 18, 48)",6.450503967296479
"(9, 22, 48)",6.450503967296479
"(9, 36, 48)",6.450503967296479
"(9, 42, 48)",6.450503967296479
"(9, 46, 48)",6.450503967296479
"(33, 35, 44)",6.449920586385581
"(19, 43, 45)",6.449895152856729
"(6, 13, 23)",6.449892019544819
"(3, 25, 48)",6.445998700051098
"(8, 47, 49)",6.444256095414168
"(7, 8, 29)",6.442717273599636
"(7, 32)",6.441272207348447
"(14, 29, 36)",6.439241916798274
"(0, 28, 49)",6.4388410106360014
"(11, 16, 21)",6.437670036488915
"(0, 2, 35)",6.43740328464003
"(0, 18, 35)",6.43740328464003
"(0, 22, 35)",6.43740328464003
"(0, 27, 35)",6.43740328464003
"(0, 35, 42)",6.43740328464003
"(10, 17, 28)",6.437204093818142
"(17, 32, 39)",6.435681601548473
"(9, 34, 43)",6.434823963482058
"(32, 41, 47)",6.434077038924059
"(2, 13, 49)",6.433936962122932
"(13, 22, 49)",6.433936962122932
"(13, 27, 49)",6.433936962122932
"(13, 36, 49)",6.433936962122932
"(13, 42, 49)",6.433936962122932
"(1, 25, 45)",6.432573374474273
"(33, 40, 41)",6.432470048323004
"(1, 37, 38)",6.4317938487471835
"(2, 30, 47)",6.4313472844819985
"(18, 30, 47)",6.4313472844819985
"(30, 46, 47)",6.4313472844819985
"(1, 23, 34)",6.429683265981938
"(9, 28)",6.428432270222028
"(9, 14, 48)",6.427622764889035
"(17, 23, 47)",6.427044198473061
"(1, 21, 44)",6.425125514342721
"(13, 35, 40)",6.424272524857849
"(14, 15, 36)",6.424255369980999
"(26, 30, 32)",6.424082743520747
"(11, 17)",6.421952118810305
"(8, 23, 37)",6.421153190220966
"(17, 31, 41)",6.420756301099832
"(6, 17)",6.420147240655377
"(26, 39, 49)",6.419704107818489
"(31, 39, 43)",6.418830133958947
"(8, 17, 40)",6.417884984462582
"(39, 42, 45)",6.4156985004317075
"(30, 37, 48)",6.413794088335356
"(1, 8, 16)",6.413713426949462
"(9, 17, 45)",6.412556036360824
"(10, 26, 35)",6.412349509605224
"(13, 28, 44)",6.411724398695184
"(4, 16, 48)",6.407460810014449
"(2, 17, 38)",6.406869388521239
"(17, 18, 38)",6.406869388521239
"(17, 22, 38)",6.406869388521239
"(17, 27, 38)",6.406869388521239
"(17, 36, 38)",6.406869388521239
"(17, 38, 46)",6.406869388521239
"(7, 8, 23)",6.405039942755403
"(1, 34, 45)",6.405027094169339
"(19, 37, 41)",6.403803284469105
"(2, 19, 26)",6.403795696527251
"(18, 19, 26)",6.403795696527251
"(19, 26, 27)",6.403795696527251
"(19, 26, 36)",6.403795696527251
"(19, 26, 42)",6.403795696527251
"(19, 26, 46)",6.403795696527251
"(17, 45, 47)",6.402388026660461
"(4, 26, 34)",6.4021806843684566
"(19, 24, 42)",6.400787758399523
"(30, 39, 49)",6.400727528648369
"(8, 18, 28)",6.400485179420165
"(8, 27, 28)",6.400485179420165
"(8, 28, 42)",6.400485179420165
"(6, 8, 41)",6.397989472077687
"(33, 38, 45)",6.397582763883776
"(8, 37, 45)",6.396497018408367
"(17, 28, 30)",6.396389480210802
"(7, 17, 31)",6.3949178656232615
"(10, 40, 45)",6.3947925428205625
"(23, 28, 29)",6.394608540818701
"(16, 33, 34)",6.3940852716589465
"(1, 31, 47)",6.393991902005017
"(1, 15, 29)",6.390774960040985
"(0, 14, 36)",6.390059723795369
"(25, 34, 48)",6.387908047322739
"(17, 33, 37)",6.387170531427756
"(35, 37)",6.386620307262499
"(16, 17, 26)",6.38523978804088
"(21, 35, 47)",6.384234536630131
"(9, 29, 47)",6.384026268138221
"(3, 24, 39)",6.383578213921573
"(17, 35, 39)",6.383133754025609
"(10, 32, 37)",6.3811820381889115
"(8, 26, 44)",6.380482274086998
"(7, 8, 45)",6.380383770942803
"(16, 32, 43)",6.379305349752926
"(1, 7, 11)",6.378664115412624
"(15, 25, 35)",6.378224720816143
"(1, 6, 7)",6.377460863309338
"(29, 41, 49)",6.376157776054335
"(13, 28, 43)",6.374207376865717
"(13, 21, 41)",6.373178361082947
"(26, 30, 35)",6.3715348959978835
"(28, 29, 45)",6.369952369006101
"(1, 41, 48)",6.367182919774778
"(7, 35)",6.362450436064152
"(1, 31, 37)",6.361957854444747
"(8, 14, 20)",6.361825241177545
"(1, 39)",6.358294249282893
"(9, 15, 43)",6.358238326696871
"(3, 15, 38)",6.357104841389333
"(0, 1, 29)",6.356579313855355
"(9, 10, 28)",6.356508832639068
"(9, 32, 39)",6.354986340369399
"(1, 15, 23)",6.353097629196752
"(15, 44, 48)",6.352865202818768
"(10, 11, 17)",6.35218873169792
"(6, 10, 17)",6.350985479594634
"(34, 35, 47)",6.350932808968132
"(2, 32, 47)",6.350354132043028
"(18, 32, 47)",6.350354132043028
"(22, 32, 47)",6.350354132043028
"(27, 32, 47)",6.350354132043028
"(32, 36, 47)",6.350354132043028
"(32, 46, 47)",6.350354132043028
"(11, 14, 34)",6.35023315423192
"(17, 48, 49)",6.3502283451847585
"(19, 43, 44)",6.350165089596185
"(22, 33, 40)",6.348747141441974
"(33, 36, 40)",6.348747141441974
"(33, 40, 42)",6.348747141441974
"(33, 40, 46)",6.348747141441974
"(35, 36, 48)",6.347749208312909
"(1, 19, 32)",6.347180483787499
"(16, 40, 41)",6.346823985996953
"(9, 23, 47)",6.346348937293987
"(11, 16, 25)",6.345387833359923
"(0, 25, 35)",6.344029074630513
"(1, 35, 41)",6.343214584267969
"(8, 26, 43)",6.342965252257531
"(9, 31, 41)",6.340061039920758
"(3, 28, 29)",6.338976449741221
"(23, 41, 49)",6.338480445210101
"(8, 9, 40)",6.337189723283508
"(17, 18, 31)",6.337033394218802
"(17, 22, 31)",6.337033394218802
"(17, 31, 36)",6.337033394218802
"(40, 44)",6.336262740603455
"(29, 32, 40)",6.335318279431085
"(4, 25, 28)",6.333946606960329
"(1, 25, 44)",6.332843311213729
"(23, 28, 45)",6.3322750381618675
"(2, 40, 48)",6.329513488351315
"(10, 35, 37)",6.328634190666048
"(1, 15, 45)",6.328441457384152
"(31, 33, 45)",6.327746769581339
"(11, 13, 44)",6.326709036574962
"(9, 18, 38)",6.326174127342164
"(9, 22, 38)",6.326174127342164
"(9, 27, 38)",6.326174127342164
"(9, 36, 38)",6.326174127342164
"(9, 38, 42)",6.326174127342164
"(9, 38, 46)",6.326174127342164
"(4, 15, 26)",6.32559504758327
"(7, 30, 32)",6.324254177116007
"(0, 9, 43)",6.3240426805112415
"(2, 19, 37)",6.320080377588075
"(18, 19, 37)",6.320080377588075
"(19, 27, 37)",6.320080377588075
"(19, 36, 37)",6.320080377588075
"(19, 37, 42)",6.320080377588075
"(19, 37, 46)",6.320080377588075
"(0, 1, 23)",6.318901983011122
"(11, 16, 34)",6.317841553054989
"(15, 16, 33)",6.3174996348737595
"(9, 28, 30)",6.315694219031728
"(8, 11, 18)",6.315469817299943
"(8, 11, 27)",6.315469817299943
"(8, 11, 42)",6.315469817299943
"(6, 8, 18)",6.314266565196657
"(6, 8, 27)",6.314266565196657
"(6, 8, 42)",6.314266565196657
"(6, 8, 46)",6.314266565196657
"(41, 45, 49)",6.313824273397501
"(25, 34, 38)",6.31345746904583
"(4, 16, 21)",6.312154663997756
"(11, 17, 30)",6.31137411809058
"(1, 10, 39)",6.3097501520129775
"(11, 23, 29)",6.309593178698479
"(6, 23, 29)",6.308389926595193
"(1, 34, 44)",6.305297030908795
"(21, 25, 30)",6.304642963439198
"(9, 16, 26)",6.304544526861806
"(9, 14, 38)",6.303292924934721
"(17, 44, 47)",6.302657963399918
"(9, 35, 39)",6.302438492846536
"(16, 17, 37)",6.301524469101706
"(0, 21, 38)",6.30146332125128
"(9, 11)",6.300909227041695
"(15, 25, 38)",6.299847227458398
"(28, 47, 49)",6.299244010516136
"(6, 9)",6.299104348886766
"(11, 46, 48)",6.297897676916159
"(8, 37, 44)",6.296766955147824
"(28, 42, 45)",6.295413226655066
"(10, 40, 44)",6.295062479560019
"(1, 19, 35)",6.294632636264636
"(0, 1, 45)",6.294245811198522
"(2, 29, 49)",6.292434869173305
"(22, 29, 49)",6.292434869173305
"(27, 29, 49)",6.292434869173305
"(29, 42, 49)",6.292434869173305
"(29, 46, 49)",6.292434869173305
"(0, 4, 26)",6.29139940139764
"(26, 32, 35)",6.290541743558913
"(30, 37, 38)",6.289464248381042
"(2, 13, 21)",6.289455454201917
"(13, 18, 21)",6.289455454201917
"(13, 21, 22)",6.289455454201917
"(13, 21, 27)",6.289455454201917
"(13, 21, 36)",6.289455454201917
"(13, 21, 42)",6.289455454201917
"(11, 13, 43)",6.2891920147454945
"(6, 28, 38)",6.288129144377029
"(6, 13, 43)",6.287988762642208
"(25, 35, 47)",6.287941413570535
"(14, 28, 34)",6.28775123965865
"(3, 15, 31)",6.287268847086897
"(27, 48, 49)",6.286832177709486
"(31, 38, 48)",6.285127614552206
"(11, 29, 45)",6.284937006885879
"(6, 29, 45)",6.2837337547825936
"(1, 22, 48)",6.283460012893748
"(1, 36, 48)",6.283460012893748
"(1, 42, 48)",6.283460012893748
"(1, 46, 48)",6.283460012893748
"(0, 16, 33)",6.28330398868813
"(29, 35, 40)",6.282770431908222
"(28, 32, 48)",6.282604079799661
"(13, 25, 41)",6.280896157953955
"(40, 43)",6.279987207859254
"(27, 31, 38)",6.279213788572637
"(21, 30, 34)",6.277096683134264
"(21, 26, 39)",6.275222599897475
"(15, 35, 47)",6.274347172182945
"(32, 40, 45)",6.272984776774252
"(7, 30, 35)",6.271706329593144
"(9, 10, 11)",6.271493470518846
"(6, 9, 10)",6.2702902184155604
"(22, 30, 48)",6.26785170467529
"(0, 25, 38)",6.265651581272768
"(3, 24, 28)",6.2632929401449315
"(16, 18, 40)",6.263101079115923
"(16, 22, 40)",6.263101079115923
"(16, 36, 40)",6.263101079115923
"(16, 40, 46)",6.263101079115923
"(17, 28, 35)",6.262848480248969
"(4, 28, 32)",6.261317136892897
"(9, 14, 37)",6.257727833781087
"(10, 40, 43)",6.257545457730552
"(9, 18, 31)",6.256338133039728
"(9, 22, 31)",6.256338133039728
"(9, 31, 36)",6.256338133039728
"(9, 31, 42)",6.256338133039728
"(2, 23, 49)",6.254757538329072
"(22, 23, 49)",6.254757538329072
"(23, 27, 49)",6.254757538329072
"(23, 36, 49)",6.254757538329072
"(23, 42, 49)",6.254757538329072
"(23, 46, 49)",6.254757538329072
"(3, 11, 29)",6.253961087620999
"(13, 34, 41)",6.253349877649021
"(3, 6, 29)",6.252757835517714
"(6, 25, 30)",6.252690693755305
"(3, 25, 31)",6.251832865794348
"(11, 22, 48)",6.251225194832941
"(14, 36, 47)",6.250462723675504
"(4, 27, 38)",6.250150749452116
"(4, 11, 25)",6.248931244840106
"(4, 6, 25)",6.247727992736821
"(11, 23, 45)",6.2472596760416454
"(6, 23, 45)",6.246056423938359
"(10, 46, 48)",6.244820583749539
"(37, 39, 41)",6.244565186648274
"(7, 8, 43)",6.243136685852792
"(3, 26, 40)",6.242952760685974
"(29, 36, 48)",6.24255760857268
"(24, 39, 42)",6.241549660578692
"(11, 15, 16)",6.241255916269802
"(0, 35, 47)",6.240151525997315
"(0, 31, 46)",6.23647230363449
"(9, 14, 31)",6.2334569306322845
"(13, 29, 33)",6.233426555460102
"(28, 29, 43)",6.23270528391609
"(23, 28, 44)",6.232544974901324
"(21, 29, 41)",6.23167626813332
"(0, 21, 31)",6.2316273269488445
"(9, 11, 30)",6.2306788569115055
"(4, 7, 25)",6.230219748168553
"(22, 45, 49)",6.230101366516472
"(27, 45, 49)",6.230101366516472
"(36, 45, 49)",6.230101366516472
"(45, 46, 49)",6.230101366516472
"(6, 17, 32)",6.2291777135483235
"(7, 39, 41)",6.22845193918271
"(8, 13, 48)",6.227596066455028
"(7, 31, 44)",6.2255841082199455
"(6, 30, 34)",6.225144413450371
"(7, 13, 37)",6.224291193119702
"(35, 36, 38)",6.223419368358594
"(1, 26, 33)",6.223146634785126
"(23, 43, 48)",6.222409500149817
"(9, 44, 47)",6.221962702220845
"(35, 40, 45)",6.220436929251389
"(30, 31, 37)",6.2196282540786045
"(0, 7, 49)",6.219377341478138
"(41, 44, 49)",6.214094210136958
"(10,)",6.2126619574731485
"(31, 46, 49)",6.211032206514713
"(11, 42, 45)",6.210397864534844
"(9, 17, 49)",6.209217461377395
"(6, 42, 45)",6.209194612431558
"(26, 28, 41)",6.207995231810808
"(28, 44, 45)",6.207888803088724
"(0, 11, 16)",6.207060270084172
"(32, 35, 37)",6.206826424619738
"(17, 21, 48)",6.205746837263744
"(2, 38, 40)",6.205183648397001
"(7, 9, 16)",6.204715960457067
"(15, 21, 30)",6.200511046349076
"(33, 34, 48)",6.198743743284648
"(2, 13, 25)",6.197173251072925
"(13, 18, 25)",6.197173251072925
"(13, 22, 25)",6.197173251072925
"(13, 25, 27)",6.197173251072925
"(13, 25, 36)",6.197173251072925
"(13, 25, 42)",6.197173251072925
"(13, 23, 33)",6.195749224615868
"(21, 23, 41)",6.193998937289087
"(25, 31, 34)",6.193742213065987
"(0, 34, 47)",6.191267121595097
"(7, 32, 35)",6.190713177154174
"(1, 10, 28)",6.189464878236336
"(16, 33, 48)",6.188858720186609
"(1, 32, 39)",6.187942385966668
"(7, 13, 22)",6.1863967796836965
"(9, 43, 47)",6.184445680391376
"(26, 29, 37)",6.1826176665748145
"(9, 28, 35)",6.182153219069894
"(42, 47, 49)",6.181192674636914
"(16, 29, 48)",6.180327040888171
"(32, 48, 49)",6.179981844145927
"(4, 32, 48)",6.179538517639287
"(3, 11, 24)",6.1782775780247094
"(1, 28)",6.177866338617931
"(3, 6, 24)",6.177074325921424
"(13, 15, 41)",6.176764240863834
"(6, 17, 35)",6.17662986602546
"(0, 15, 48)",6.173601781413715
"(11, 38, 46)",6.173567836961845
"(32, 40, 44)",6.173254713513709
"(1, 31, 41)",6.173017085518027
"(28, 43, 45)",6.170371781259257
"(1, 8, 40)",6.1701457688807775
"(2, 13, 34)",6.169626970767991
"(13, 18, 34)",6.169626970767991
"(13, 22, 34)",6.169626970767991
"(13, 27, 34)",6.169626970767991
"(13, 34, 36)",6.169626970767991
"(21, 41, 45)",6.169342765476487
"(8, 10, 29)",6.168502674303127
"(7, 26, 29)",6.166504419109249
"(4, 40, 48)",6.163893151945764
"(13, 17, 19)",6.163814255003585
"(9, 37, 48)",6.163232783390397
"(2, 37, 39)",6.160842279767245
"(18, 37, 39)",6.160842279767245
"(22, 37, 39)",6.160842279767245
"(27, 37, 39)",6.160842279767245
"(36, 37, 39)",6.160842279767245
"(37, 39, 42)",6.160842279767245
"(37, 39, 46)",6.160842279767245
"(3, 37, 40)",6.159237441746799
"(1, 22, 38)",6.159130172939434
"(1, 27, 38)",6.159130172939434
"(1, 36, 38)",6.159130172939434
"(1, 38, 42)",6.159130172939434
"(1, 38, 46)",6.159130172939434
"(1, 9, 48)",6.1568092176725635
"(26, 34, 39)",6.155394116463549
"(1, 43, 48)",6.1536438397711395
"(31, 35, 36)",6.153583374056158
"(2, 45, 48)",6.152607869727799
"(10, 30)",6.151440037062138
"(6, 15, 30)",6.148558776665184
"(6, 9, 32)",6.14848245236925
"(2, 21, 29)",6.1479533612522905
"(18, 21, 29)",6.1479533612522905
"(21, 22, 29)",6.1479533612522905
"(21, 27, 29)",6.1479533612522905
"(21, 29, 42)",6.1479533612522905
"(21, 29, 46)",6.1479533612522905
"(11, 29, 43)",6.147689921795868
"(11, 23, 44)",6.147529612781102
"(6, 29, 43)",6.146486669692583
"(8, 29)",6.1464230327181175
"(23, 26, 37)",6.14494033573058
"(2, 7, 39)",6.14472903230168
"(7, 18, 39)",6.14472903230168
"(7, 27, 39)",6.14472903230168
"(7, 36, 39)",6.14472903230168
"(7, 39, 42)",6.14472903230168
"(7, 39, 46)",6.14472903230168
"(8, 33, 41)",6.143846677148735
"(16, 33, 47)",6.1437069885682645
"(16, 27, 38)",6.143597976879171
"(22, 30, 38)",6.1435218647209755
"(3, 7, 40)",6.143124194281235
"(0, 13, 41)",6.142568594678204
"(21, 27, 48)",6.142350669788471
"(17, 26, 40)",6.1416721299721955
"(25, 29, 41)",6.139394065004328
"(23, 40, 48)",6.1378809863180255
"(1, 16, 26)",6.137500572459075
"(30, 34, 39)",6.136417537293429
"(32, 40, 43)",6.135737691684241
"(1, 35, 39)",6.135394538443805
"(8, 10, 23)",6.130825343458893
"(2, 44, 49)",6.130371303255928
"(22, 44, 49)",6.130371303255928
"(27, 44, 49)",6.130371303255928
"(36, 44, 49)",6.130371303255928
"(42, 44, 49)",6.130371303255928
"(44, 46, 49)",6.130371303255928
"(7, 23, 26)",6.128827088265016
"(8, 29, 30)",6.127688060695787
"(4, 17, 48)",6.127091290385353
"(11, 22, 38)",6.126895354878626
"(25, 38, 47)",6.126054581152903
"(28, 37, 41)",6.124279912871633
"(18, 26, 28)",6.124272324929779
"(26, 27, 28)",6.124272324929779
"(26, 28, 36)",6.124272324929779
"(26, 28, 42)",6.124272324929779
"(1, 7, 33)",6.123318068380387
"(11, 44, 45)",6.122873440968502
"(15, 33, 48)",6.122158106499461
"(6, 26, 41)",6.1217766175873
"(24, 28, 42)",6.121264386802051
"(35, 40, 44)",6.1207068659908455
"(10, 38, 46)",6.120490743795225
"(26, 37, 45)",6.120284163917981
"(29, 36, 38)",6.1182277686183655
"(0, 2, 40)",6.117941217867567
"(11, 35, 49)",6.115244646929843
"(0, 6, 30)",6.114363130479554
"(10, 19, 41)",6.113475437707032
"(17, 25, 48)",6.113464634134752
"(29, 34, 41)",6.111847784699394
"(2, 21, 23)",6.110276030408057
"(18, 21, 23)",6.110276030408057
"(21, 22, 23)",6.110276030408057
"(21, 23, 27)",6.110276030408057
"(21, 23, 36)",6.110276030408057
"(21, 23, 42)",6.110276030408057
"(21, 23, 46)",6.110276030408057
"(13, 16, 23)",6.110103162289818
"(7, 28, 41)",6.108166665406069
"(8, 10, 45)",6.106169171646294
"(1, 10, 11)",6.104449516116114
"(7, 26, 45)",6.104170916452416
"(8, 13, 38)",6.103266226500714
"(1, 6, 10)",6.103246264012829
"(23, 25, 41)",6.101716734160095
"(25, 28, 38)",6.099514099480961
"(23, 38, 43)",6.098079660195503
"(10, 17, 33)",6.096842684665683
"(12, 22, 30)",6.0964319190437495
"(6, 9, 35)",6.095934604846387
"(2, 13, 15)",6.0930413339828045
"(13, 15, 18)",6.0930413339828045
"(13, 15, 22)",6.0930413339828045
"(13, 15, 27)",6.0930413339828045
"(13, 15, 36)",6.0930413339828045
"(13, 15, 42)",6.0930413339828045
"(22, 43, 49)",6.092854281426461
"(27, 43, 49)",6.092854281426461
"(36, 43, 49)",6.092854281426461
"(42, 43, 49)",6.092854281426461
"(43, 46, 49)",6.092854281426461
"(25, 38, 39)",6.091310226333304
"(30,)",6.090218116651128
"(8, 23, 30)",6.090010729851553
"(8, 23)",6.089907036451766
"(1, 22, 31)",6.089294178636997
"(1, 31, 36)",6.089294178636997
"(1, 31, 42)",6.089294178636997
"(28, 31, 32)",6.0884382455429105
"(17, 24, 42)",6.087410599615644
"(19, 28, 38)",6.0865318586684705
"(17, 34, 48)",6.085918353829818
"(18, 21, 45)",6.085619858595457
"(21, 22, 45)",6.085619858595457
"(21, 27, 45)",6.085619858595457
"(21, 36, 45)",6.085619858595457
"(21, 45, 46)",6.085619858595457
"(14, 20, 26)",6.085612386687158
"(11, 43, 45)",6.085356419139035
"(4, 8, 34)",6.085354789012038
"(6, 43, 45)",6.084153167035749
"(9, 13, 19)",6.0831189938245105
"(7, 29, 37)",6.082789100170075
"(6, 44, 49)",6.082203976393578
"(2, 43, 48)",6.079419100812289
"(15, 26, 39)",6.078808479678362
"(25, 41, 45)",6.077060562347495
"(0, 7, 19)",6.076742626600475
"(4, 32, 34)",6.0761954544522
"(23, 34, 41)",6.074170453855161
"(22, 30, 31)",6.073685870418539
"(4, 44, 48)",6.072902647339702
"(19, 30, 41)",6.0726608240996915
"(13, 33, 44)",6.071362989542725
"(28, 43, 44)",6.070641717998713
"(21, 41, 44)",6.069612702215943
"(4, 21, 40)",6.068587005929071
"(11, 16, 47)",6.067463269964307
"(21, 31, 46)",6.066550698593699
"(0, 21, 48)",6.066264065736046
"(35, 43, 48)",6.065524481102522
"(8, 30, 45)",6.065354558038954
"(9, 17, 21)",6.06473595345638
"(19, 41)",6.063882177823974
"(5, 46, 48)",6.06201198886869
"(9, 26, 40)",6.060976868793122
"(8, 22, 33)",6.0601237702677055
"(8, 33, 42)",6.0601237702677055
"(8, 33, 46)",6.0601237702677055
"(15, 30, 39)",6.059831900508243
"(0, 2, 13)",6.058845687797175
"(0, 13, 18)",6.058845687797175
"(0, 13, 22)",6.058845687797175
"(0, 13, 27)",6.058845687797175
"(0, 13, 36)",6.058845687797175
"(0, 13, 42)",6.058845687797175
"(8, 16, 41)",6.058200614822685
"(17, 37, 40)",6.057956811033021
"(11, 22, 31)",6.05705936057619
"(17, 30, 33)",6.056028071058343
"(16, 29, 38)",6.055997200933857
"(2, 25, 29)",6.055671158123299
"(18, 25, 29)",6.055671158123299
"(22, 25, 29)",6.055671158123299
"(25, 27, 29)",6.055671158123299
"(25, 29, 42)",6.055671158123299
"(25, 29, 46)",6.055671158123299
"(32, 38, 49)",6.055652004191613
"(23, 29, 33)",6.054247131666242
"(8, 45)",6.052922778732867
"(0, 34, 40)",6.05100907840553
"(1, 11)",6.050343295437598
"(25, 27, 48)",6.0500684666594795
"(10, 30, 32)",6.050039577819498
"(34, 41, 45)",6.049514282042561
"(1, 6)",6.0485384172826695
"(29, 31, 36)",6.048391774315929
"(1, 30, 48)",6.047790559920758
"(41, 43, 48)",6.04751813564839
"(8, 29, 32)",6.046694908256817
"(8, 19, 24)",6.045793004306329
"(7, 23, 37)",6.045111769325841
"(7, 22, 29)",6.04489468673407
"(0, 26, 39)",6.0446128334927325
"(1, 17, 49)",6.042173506974663
"(25, 35, 39)",6.0421352055267885
"(18, 28, 37)",6.040557005990603
"(27, 28, 37)",6.040557005990603
"(28, 36, 37)",6.040557005990603
"(28, 37, 42)",6.040557005990603
"(2, 11, 26)",6.0392569628095565
"(11, 18, 26)",6.0392569628095565
"(11, 26, 27)",6.0392569628095565
"(11, 26, 36)",6.0392569628095565
"(11, 26, 42)",6.0392569628095565
"(17, 33)",6.038933048261949
"(9, 37, 38)",6.038902943436082
"(6, 37, 41)",6.038061298648125
"(6, 18, 26)",6.03805371070627
"(6, 26, 27)",6.03805371070627
"(6, 26, 42)",6.03805371070627
"(6, 26, 46)",6.03805371070627
"(1, 7, 16)",6.037672006054336
"(21, 42, 47)",6.036711166715899
"(11, 24, 42)",6.036249024681829
"(15, 29, 41)",6.0352621479142075
"(6, 24, 42)",6.035045772578544
"(13, 33, 43)",6.033845967713257
"(8, 13, 31)",6.033430232198278
"(1, 9, 38)",6.032479377718249
"(10, 32)",6.029950308403683
"(2, 10, 19)",6.029752530826002
"(10, 18, 19)",6.029752530826002
"(10, 19, 27)",6.029752530826002
"(10, 19, 36)",6.029752530826002
"(10, 19, 42)",6.029752530826002
"(1, 38, 43)",6.029313999816825
"(5, 28, 46)",6.028413831960281
"(2, 38, 45)",6.0282780297734835
"(23, 31, 43)",6.028243665893067
"(2, 29, 34)",6.028124877818365
"(18, 29, 34)",6.028124877818365
"(22, 29, 34)",6.028124877818365
"(27, 29, 34)",6.028124877818365
"(29, 34, 46)",6.028124877818365
"(21, 30, 47)",6.026718400043581
"(7, 38, 48)",6.026280069946182
"(0, 30, 39)",6.025636254322613
"(7, 18, 28)",6.024443758525039
"(7, 27, 28)",6.024443758525039
"(7, 28, 36)",6.024443758525039
"(7, 28, 42)",6.024443758525039
"(8, 36, 48)",6.02297867148081
"(27, 33, 38)",6.0225469930510105
"(27, 34, 48)",6.0225221863545455
"(17, 19, 29)",6.022312162053958
"(7, 15, 44)",6.021990235531324
"(6, 7, 41)",6.021948051182561
"(26, 37, 44)",6.020554100657438
"(7, 37, 45)",6.020455597513242
"(16, 24, 42)",6.019303303377857
"(2, 23, 25)",6.017993827279065
"(18, 23, 25)",6.017993827279065
"(22, 23, 25)",6.017993827279065
"(23, 25, 27)",6.017993827279065
"(23, 25, 36)",6.017993827279065
"(23, 25, 42)",6.017993827279065
"(23, 25, 46)",6.017993827279065
"(2, 25, 40)",6.017822824062519
"(1, 28, 35)",6.015109264667164
"(23, 38, 40)",6.013551146363711
"(13, 45, 48)",6.0126189226861575
"(10, 16, 17)",6.011196622339632
"(15, 17, 48)",6.0093327170446305
"(8, 23, 32)",6.009017577412583
"(4, 8, 15)",6.008769152226851
"(7, 22, 23)",6.007217355889836
"(4, 21, 26)",6.006734890921741
"(8, 10, 44)",6.0064391083857505
"(13, 17, 39)",6.004576157182754
"(12, 22, 39)",6.004332674630065
"(13, 41, 47)",6.002971594558339
"(14, 20, 37)",6.001897067747984
"(8, 19, 49)",6.0018467281508325
"(0, 29, 41)",6.001066501728578
"(3, 15, 40)",6.000929633218371
"(2, 31, 38)",6.000865138257458
"(4, 15, 32)",5.999609817667013
"(0, 15, 34)",5.9986355206978486
"(3, 29, 33)",5.998615040588763
"(15, 23, 41)",5.997584817069973
"(10, 30, 35)",5.997491730296635
"(9, 33, 38)",5.995167723154728
"(18, 25, 45)",5.9933376554664655
"(22, 25, 45)",5.9933376554664655
"(25, 27, 45)",5.9933376554664655
"(25, 36, 45)",5.9933376554664655
"(25, 45, 46)",5.9933376554664655
"(19, 32, 41)",5.991667671660721
"(2, 23, 34)",5.990447546974131
"(18, 23, 34)",5.990447546974131
"(22, 23, 34)",5.990447546974131
"(23, 27, 34)",5.990447546974131
"(23, 34, 36)",5.990447546974131
"(23, 34, 46)",5.990447546974131
"(2, 19, 30)",5.988937917218662
"(18, 19, 30)",5.988937917218662
"(19, 30, 42)",5.988937917218662
"(19, 30, 46)",5.988937917218662
"(21, 25, 33)",5.987055071992473
"(10, 22, 48)",5.986381331070193
"(4, 8, 21)",5.986205980582258
"(16, 29, 31)",5.9861612066314205
"(2, 21, 44)",5.985889795334914
"(18, 21, 44)",5.985889795334914
"(21, 22, 44)",5.985889795334914
"(21, 27, 44)",5.985889795334914
"(21, 36, 44)",5.985889795334914
"(21, 42, 44)",5.985889795334914
"(21, 44, 46)",5.985889795334914
"(31, 32, 49)",5.985816009889176
"(7, 14, 20)",5.985783820282419
"(11, 43, 44)",5.985626355878491
"(17, 19, 23)",5.984634831209725
"(8, 32, 45)",5.984361405599984
"(37, 43, 48)",5.983700677220048
"(0, 7, 25)",5.982613630428132
"(7, 22, 45)",5.982561184077237
"(1, 6, 32)",5.9814384979665185
"(25, 41, 44)",5.977330499086952
"(0, 23, 40)",5.976340194957091
"(10, 12, 22)",5.975983181970728
"(17, 32, 33)",5.9750349186193725
"(6, 30, 47)",5.974766130359689
"(0, 4, 8)",5.97457350604122
"(8, 16, 18)",5.974477707941655
"(8, 16, 22)",5.974477707941655
"(8, 16, 46)",5.974477707941655
"(25, 31, 46)",5.974268495464707
"(15, 41, 45)",5.972928645257374
"(9, 17, 25)",5.9724537503273885
"(16, 17, 30)",5.970382008732292
"(9, 31, 37)",5.969066949133645
"(8, 10, 43)",5.968922086556283
"(4, 13, 49)",5.968896860515983
"(30, 32)",5.968728387992673
"(7, 26, 43)",5.966923831362405
"(18, 34, 45)",5.9657913751615315
"(22, 34, 45)",5.9657913751615315
"(27, 34, 45)",5.9657913751615315
"(34, 36, 45)",5.9657913751615315
"(34, 45, 46)",5.9657913751615315
"(8, 30, 44)",5.96562449477841
"(1, 2, 48)",5.964320479469543
"(0, 23, 41)",5.963389170884343
"(1, 9, 31)",5.962643383415813
"(14, 34, 49)",5.962566441108333
"(7, 9, 40)",5.9611483023883824
"(17, 19, 45)",5.959978659397125
"(1, 31, 43)",5.959478005514389
"(2, 11, 37)",5.955541643870381
"(11, 18, 37)",5.955541643870381
"(11, 27, 37)",5.955541643870381
"(11, 36, 37)",5.955541643870381
"(11, 37, 42)",5.955541643870381
"(2, 38, 43)",5.955089260857974
"(6, 18, 37)",5.954338391767095
"(6, 27, 37)",5.954338391767095
"(6, 37, 42)",5.954338391767095
"(6, 37, 46)",5.954338391767095
"(10, 39, 41)",5.954237339886201
"(11, 41, 48)",5.953171104595313
"(2, 15, 29)",5.951539241033178
"(15, 18, 29)",5.951539241033178
"(15, 22, 29)",5.951539241033178
"(15, 27, 29)",5.951539241033178
"(15, 29, 42)",5.951539241033178
"(15, 29, 46)",5.951539241033178
"(10, 35)",5.951128537119388
"(10, 13, 37)",5.9500765938231925
"(34, 41, 44)",5.949784218782018
"(7, 10, 48)",5.948623941920271
"(18, 21, 43)",5.948372773505446
"(21, 22, 43)",5.948372773505446
"(21, 27, 43)",5.948372773505446
"(21, 36, 43)",5.948372773505446
"(21, 42, 43)",5.948372773505446
"(21, 43, 46)",5.948372773505446
"(33, 47, 48)",5.9483654601939655
"(13, 16, 43)",5.948199905387207
"(31, 34, 46)",5.946722215159773
"(15, 27, 48)",5.945936549569359
"(9, 17, 34)",5.9449074700224545
"(25, 42, 47)",5.944428963586907
"(2, 9, 48)",5.944183254165678
"(23, 31, 40)",5.943715152061275
"(9, 19, 29)",5.941616900874884
"(35, 38, 43)",5.941194641148208
"(2, 7, 11)",5.939428396404817
"(7, 11, 18)",5.939428396404817
"(7, 11, 27)",5.939428396404817
"(7, 11, 36)",5.939428396404817
"(7, 11, 42)",5.939428396404817
"(0, 41, 45)",5.938732999071744
"(26, 47, 49)",5.9383001765610235
"(2, 19)",5.938297817502429
"(18, 19)",5.938297817502429
"(19, 27)",5.938297817502429
"(19, 36)",5.938297817502429
"(19, 42)",5.938297817502429
"(19, 46)",5.938297817502429
"(6, 7, 18)",5.938225144301532
"(6, 7, 27)",5.938225144301532
"(6, 7, 42)",5.938225144301532
"(6, 7, 46)",5.938225144301532
"(6, 21, 44)",5.937722468472564
"(5, 38, 46)",5.937682148914376
"(8, 14, 28)",5.935990889184517
"(9, 10, 16)",5.930501361160558
"(1, 6, 35)",5.928890650443655
"(8, 30, 43)",5.928107472948943
"(2, 41, 48)",5.927947200766971
"(18, 41, 48)",5.927947200766971
"(22, 41, 48)",5.927947200766971
"(36, 41, 48)",5.927947200766971
"(41, 42, 48)",5.927947200766971
"(41, 46, 48)",5.927947200766971
"(28, 38, 39)",5.92729376084764
"(9, 31, 33)",5.925331728852291
"(2, 28, 46)",5.924857909492505
"(9, 13, 39)",5.92388089600368
"(1, 30, 38)",5.923460719966443
"(3, 24, 33)",5.922931530992472
"(17, 33, 35)",5.922487071096509
"(2, 13, 47)",5.919248687677309
"(13, 18, 47)",5.919248687677309
"(13, 22, 47)",5.919248687677309
"(13, 27, 47)",5.919248687677309
"(13, 36, 47)",5.919248687677309
"(0, 2, 29)",5.917343594847548
"(0, 18, 29)",5.917343594847548
"(0, 22, 29)",5.917343594847548
"(0, 27, 29)",5.917343594847548
"(0, 29, 42)",5.917343594847548
"(6, 21, 28)",5.917104133361358
"(10, 32, 35)",5.916498577857665
"(1, 13, 19)",5.916075039421779
"(2, 15, 23)",5.913861910188944
"(15, 18, 23)",5.913861910188944
"(15, 22, 23)",5.913861910188944
"(15, 23, 27)",5.913861910188944
"(15, 23, 36)",5.913861910188944
"(15, 23, 42)",5.913861910188944
"(15, 23, 46)",5.913861910188944
"(6, 36, 48)",5.912587658770286
"(18, 33, 38)",5.911293385480385
"(16, 17)",5.910463954772874
"(4, 29, 49)",5.908876366841521
"(0, 46, 49)",5.908835319994276
"(0, 15, 49)",5.908165985214516
"(2, 19, 32)",5.907944764779692
"(18, 19, 32)",5.907944764779692
"(19, 27, 32)",5.907944764779692
"(19, 32, 36)",5.907944764779692
"(19, 32, 42)",5.907944764779692
"(19, 32, 46)",5.907944764779692
"(4, 16, 25)",5.9079391354818185
"(2, 6, 49)",5.907365640035872
"(16, 23, 45)",5.906267566683358
"(13, 29, 40)",5.904212835065366
"(2, 35, 41)",5.903978865260163
"(18, 35, 41)",5.903978865260163
"(22, 35, 41)",5.903978865260163
"(35, 41, 42)",5.903978865260163
"(35, 41, 46)",5.903978865260163
"(9, 19, 23)",5.90393957003065
"(8, 44)",5.903327683842052
"(19, 22, 49)",5.903288689916678
"(34, 42, 48)",5.9015758844083095
"(8, 36, 38)",5.898648831526495
"(1, 17, 21)",5.897691999053649
"(1, 26, 40)",5.8939329143903905
"(2, 25, 44)",5.893607592205922
"(18, 25, 44)",5.893607592205922
"(22, 25, 44)",5.893607592205922
"(25, 27, 44)",5.893607592205922
"(25, 36, 44)",5.893607592205922
"(25, 42, 44)",5.893607592205922
"(25, 44, 46)",5.893607592205922
"(7, 13, 30)",5.893148732750288
"(29, 33, 43)",5.892343874763631
"(10, 26, 29)",5.892289819812741
"(23, 33, 44)",5.892183565748865
"(0, 21, 34)",5.89129780502018
"(30, 35)",5.8899066167083785
"(9, 16, 30)",5.889686747553218
"(16, 17, 32)",5.889388856293322
"(15, 18, 45)",5.8892057383763445
"(15, 22, 45)",5.8892057383763445
"(15, 27, 45)",5.8892057383763445
"(15, 36, 45)",5.8892057383763445
"(15, 45, 46)",5.8892057383763445
"(13, 38, 45)",5.888289082731843
"(8, 24, 39)",5.8865549064854985
"(30, 39, 47)",5.886039254202748
"(0, 25, 32)",5.886013100187492
"(8, 32, 44)",5.88463134233944
"(13, 17, 28)",5.884290883406113
"(1, 18, 48)",5.883334022517015
"(18, 21, 24)",5.88201218807336
"(30, 40, 49)",5.881356028199747
"(0, 2, 23)",5.879666264003314
"(0, 18, 23)",5.879666264003314
"(0, 22, 23)",5.879666264003314
"(0, 23, 27)",5.879666264003314
"(0, 23, 36)",5.879666264003314
"(0, 23, 42)",5.879666264003314
"(23, 25, 40)",5.8762218011520435
"(30, 32, 35)",5.8756839642503245
"(31, 35, 43)",5.8713586468457715
"(2, 10, 39)",5.870514433005171
"(10, 18, 39)",5.870514433005171
"(10, 27, 39)",5.870514433005171
"(10, 36, 39)",5.870514433005171
"(10, 39, 42)",5.870514433005171
"(15, 31, 46)",5.870136578374586
"(3, 10, 40)",5.868909594984726
"(25, 39, 43)",5.868856565353768
"(9, 15, 17)",5.8683218332372675
"(0, 7, 38)",5.868068577689645
"(26, 33, 41)",5.867633822658349
"(2, 34, 44)",5.866061311900988
"(18, 34, 44)",5.866061311900988
"(22, 34, 44)",5.866061311900988
"(27, 34, 44)",5.866061311900988
"(34, 36, 44)",5.866061311900988
"(34, 44, 46)",5.866061311900988
"(0, 48, 49)",5.864841751989579
"(17, 29, 39)",5.863074064233127
"(19, 21, 35)",5.862320738356381
"(10, 22, 38)",5.862051491115879
"(29, 41, 47)",5.861469501608713
"(17, 19, 44)",5.860248596136581
"(37, 38, 43)",5.8593708372657325
"(19, 28, 49)",5.8568346432528
"(18, 25, 43)",5.8560905703764545
"(22, 25, 43)",5.8560905703764545
"(25, 27, 43)",5.8560905703764545
"(25, 36, 43)",5.8560905703764545
"(25, 42, 43)",5.8560905703764545
"(25, 43, 46)",5.8560905703764545
"(2, 19, 35)",5.8553969172568285
"(18, 19, 35)",5.8553969172568285
"(19, 27, 35)",5.8553969172568285
"(19, 35, 42)",5.8553969172568285
"(19, 35, 46)",5.8553969172568285
"(0, 18, 45)",5.855010092190715
"(0, 22, 45)",5.855010092190715
"(0, 27, 45)",5.855010092190715
"(0, 36, 45)",5.855010092190715
"(10, 23, 26)",5.854612488968507
"(1, 30, 31)",5.853624725664007
"(31, 41, 43)",5.853352301391638
"(8, 17, 26)",5.853048758797927
"(26, 29, 30)",5.851475206205401
"(11, 34, 35)",5.850934655574902
"(1, 10, 33)",5.849103469083877
"(32,)",5.847238659334218
"(8, 32, 43)",5.847114320509973
"(8, 43)",5.84705215109785
"(6, 25, 44)",5.845440265343572
"(7, 22, 43)",5.845314098987226
"(0, 31, 48)",5.844884061083604
"(2, 18, 48)",5.844224293885941
"(2, 22, 48)",5.844224293885941
"(2, 36, 48)",5.844224293885941
"(2, 42, 48)",5.844224293885941
"(2, 46, 48)",5.844224293885941
"(18, 22, 48)",5.844224293885941
"(18, 36, 48)",5.844224293885941
"(18, 42, 48)",5.844224293885941
"(18, 46, 48)",5.844224293885941
"(22, 36, 48)",5.844224293885941
"(22, 42, 48)",5.844224293885941
"(22, 46, 48)",5.844224293885941
"(36, 42, 48)",5.844224293885941
"(36, 46, 48)",5.844224293885941
"(42, 46, 48)",5.844224293885941
"(8, 39, 49)",5.842608630330002
"(18, 31, 33)",5.841457391177949
"(15, 42, 47)",5.8402970464967865
"(1, 2, 38)",5.839990639515229
"(3, 16, 24)",5.837285468666422
"(21, 30, 39)",5.837088079795102
"(16, 17, 35)",5.836841008770458
"(17, 47, 48)",5.835540070739135
"(4, 8, 47)",5.834976505921356
"(0, 9, 17)",5.834126187051638
"(10, 28, 41)",5.83395206610956
"(32, 39, 41)",5.832429573839891
"(7, 31, 38)",5.832114235689432
"(10, 26, 45)",5.829956317155908
"(8, 31, 36)",5.828812837224059
"(18, 34, 43)",5.8285442900715205
"(22, 34, 43)",5.8285442900715205
"(27, 34, 43)",5.8285442900715205
"(34, 36, 43)",5.8285442900715205
"(34, 43, 46)",5.8285442900715205
"(13, 32, 37)",5.828268827776882
"(4, 32, 47)",5.825817171361518
"(17, 23, 39)",5.825396733388893
"(39, 41)",5.825025031092728
"(6, 25, 28)",5.824821930232366
"(23, 41, 47)",5.823792170764479
"(28, 38, 40)",5.822197760415817
"(2, 9, 38)",5.819853414211363
"(13, 37)",5.818783911998215
"(13, 31, 45)",5.818453088429407
"(14, 21, 34)",5.8180849331873175
"(6, 34, 44)",5.817893985038638
"(18, 21, 49)",5.817858444441649
"(8, 40, 41)",5.814632956754
"(23, 26, 30)",5.813797875361167
"(7, 13, 32)",5.812155580311318
"(9, 41, 45)",5.809304008652242
"(9, 16, 32)",5.8086935951142475
"(10, 29, 37)",5.808574500873566
"(14, 19, 36)",5.8080533564121675
"(0, 42, 47)",5.806101400311157
"(1, 17, 25)",5.805409795924657
"(9, 13, 28)",5.803595622227038
"(17, 39, 45)",5.800740561576294
"(11, 13, 17)",5.799275521285891
"(41, 45, 47)",5.799135998951879
"(6, 13, 17)",5.7980722691826045
"(6, 28, 34)",5.797275649927432
"(7, 13)",5.794614040799868
"(1, 7, 40)",5.794104347985652
"(21, 26, 47)",5.79381866864001
"(28, 30, 41)",5.7931374525022195
"(10, 22, 31)",5.7922154968134425
"(18, 24, 25)",5.789729984944368
"(31, 37, 43)",5.789534842963296
"(9, 16)",5.789421063004263
"(26, 30, 45)",5.789141703548568
"(25, 38, 40)",5.788926632257569
"(6, 36, 38)",5.788257818815971
"(28, 31, 46)",5.784154089757557
"(33, 37, 41)",5.783918503719174
"(2, 26, 33)",5.783910915777319
"(22, 26, 33)",5.783910915777319
"(26, 33, 36)",5.783910915777319
"(26, 33, 42)",5.783910915777319
"(26, 33, 46)",5.783910915777319
"(9, 29, 39)",5.782378803054053
"(38, 41, 49)",5.782138686304654
"(16, 26, 41)",5.781987760332298
"(4, 16, 29)",5.781749336534377
"(24, 33, 42)",5.780902977649592
"(9, 19, 44)",5.779553334957507
"(6, 21, 30)",5.778310285596881
"(4, 13, 48)",5.778203814170651
"(1, 17, 34)",5.777863515619723
"(2, 29, 47)",5.777746594727683
"(18, 29, 47)",5.777746594727683
"(22, 29, 47)",5.777746594727683
"(27, 29, 47)",5.777746594727683
"(29, 46, 47)",5.777746594727683
"(34, 38, 42)",5.777246044453995
"(13, 26, 49)",5.776805791666261
"(13, 35, 37)",5.775720980254019
"(1, 19, 29)",5.774572946472153
"(11, 15, 35)",5.7743490187897155
"(8, 9, 26)",5.7723534976188535
"(13, 24, 45)",5.772268600653428
"(27, 47, 48)",5.7721439032638635
"(6, 28, 49)",5.771530074649806
"(10, 23, 37)",5.770897170029333
"(0, 25, 34)",5.77080236092008
"(26, 29, 32)",5.770482053766431
"(9, 11, 14)",5.769922716436076
"(8, 17, 37)",5.769333439858752
"(32, 35)",5.768416888049924
"(7, 33, 41)",5.7678052562536095
"(10, 17, 40)",5.767628964270948
"(8, 24, 28)",5.766269632708857
"(1, 10, 16)",5.763457406757826
"(2, 6, 21)",5.762884132114857
"(18, 24, 34)",5.762183704639434
"(19, 25, 35)",5.762022707247311
"(7, 13, 35)",5.759607732788455
"(11, 31, 41)",5.759005270338562
"(1, 18, 38)",5.759004182562701
"(19, 21, 22)",5.758807181995664
"(4, 25, 26)",5.758369049904865
"(1, 13, 39)",5.756836941600948
"(9, 16, 35)",5.756145747591384
"(6, 39, 44)",5.755104891781521
"(25, 33, 45)",5.754785480905368
"(24, 45, 49)",5.754465753367763
"(7, 10, 31)",5.75445810766352
"(15, 18, 43)",5.751958653286334
"(15, 22, 43)",5.751958653286334
"(15, 27, 43)",5.751958653286334
"(15, 36, 43)",5.751958653286334
"(15, 42, 43)",5.751958653286334
"(15, 43, 46)",5.751958653286334
"(7, 29, 30)",5.751646639800661
"(10, 18, 28)",5.75022915922853
"(10, 27, 28)",5.75022915922853
"(10, 28, 36)",5.75022915922853
"(10, 28, 42)",5.75022915922853
"(0, 19, 34)",5.748857754331761
"(2, 32, 39)",5.748706666958861
"(18, 32, 39)",5.748706666958861
"(22, 32, 39)",5.748706666958861
"(27, 32, 39)",5.748706666958861
"(32, 36, 39)",5.748706666958861
"(32, 39, 42)",5.748706666958861
"(32, 39, 46)",5.748706666958861
"(6, 10, 41)",5.7477334518860514
"(3, 32, 40)",5.7471018289384155
"(10, 37, 45)",5.746240998216733
"(9, 23, 39)",5.74470147220982
"(16, 43, 45)",5.744364309780747
"(6, 22, 49)",5.743183548529913
"(17, 28, 29)",5.742788790456486
"(17, 38, 42)",5.742464948053965
"(13, 40, 44)",5.74214926914799
"(9, 19, 43)",5.74203631312804
"(0, 11, 35)",5.740153372604086
"(2, 23, 47)",5.7400692638834485
"(18, 23, 47)",5.7400692638834485
"(22, 23, 47)",5.7400692638834485
"(23, 27, 47)",5.7400692638834485
"(23, 36, 47)",5.7400692638834485
"(23, 46, 47)",5.7400692638834485
"(25, 35, 40)",5.739751611451053
"(5, 11, 46)",5.738012708507695
"(4, 8, 25)",5.737840139565383
"(1, 19, 23)",5.736895615627919
"(18, 31, 41)",5.73378136651022
"(22, 31, 41)",5.73378136651022
"(31, 36, 41)",5.73378136651022
"(31, 41, 42)",5.73378136651022
"(4, 31, 41)",5.73335896268528
"(23, 26, 32)",5.732804722922197
"(26, 29)",5.732103750982537
"(8, 18, 40)",5.73091004987297
"(8, 22, 40)",5.73091004987297
"(8, 27, 40)",5.73091004987297
"(8, 40, 42)",5.73091004987297
"(8, 40, 46)",5.73091004987297
"(11, 21, 35)",5.7308765158675845
"(33, 43, 44)",5.730280308846254
"(10, 26, 44)",5.730226253895364
"(1, 32, 33)",5.7272957030375675
"(9, 18, 45)",5.725581101771212
"(9, 22, 45)",5.725581101771212
"(9, 27, 45)",5.725581101771212
"(9, 36, 45)",5.725581101771212
"(9, 45, 46)",5.725581101771212
"(18, 25, 49)",5.725576241312657
"(11, 28, 38)",5.721993124950776
"(6, 15, 28)",5.720690013142246
"(21, 28, 46)",5.720633764996124
"(2, 18, 38)",5.7198944539316265
"(2, 22, 38)",5.7198944539316265
"(2, 27, 38)",5.7198944539316265
"(2, 36, 38)",5.7198944539316265
"(2, 38, 42)",5.7198944539316265
"(2, 38, 46)",5.7198944539316265
"(18, 22, 38)",5.7198944539316265
"(18, 27, 38)",5.7198944539316265
"(18, 36, 38)",5.7198944539316265
"(18, 38, 42)",5.7198944539316265
"(18, 38, 46)",5.7198944539316265
"(22, 27, 38)",5.7198944539316265
"(22, 36, 38)",5.7198944539316265
"(22, 38, 42)",5.7198944539316265
"(22, 38, 46)",5.7198944539316265
"(27, 36, 38)",5.7198944539316265
"(27, 38, 42)",5.7198944539316265
"(27, 38, 46)",5.7198944539316265
"(36, 38, 42)",5.7198944539316265
"(36, 38, 46)",5.7198944539316265
"(38, 42, 46)",5.7198944539316265
"(9, 11, 13)",5.718580260106816
"(6, 31, 36)",5.718421824513535
"(26, 29, 35)",5.717934206243568
"(0, 18, 43)",5.717763007100704
"(0, 22, 43)",5.717763007100704
"(0, 27, 43)",5.717763007100704
"(0, 36, 43)",5.717763007100704
"(0, 42, 43)",5.717763007100704
"(6, 9, 13)",5.717377008003531
"(21, 33, 49)",5.716926122993841
"(18, 45, 47)",5.7154130920708495
"(22, 45, 47)",5.7154130920708495
"(27, 45, 47)",5.7154130920708495
"(36, 45, 47)",5.7154130920708495
"(45, 46, 47)",5.7154130920708495
"(44, 48, 49)",5.715289324677325
"(21, 22, 28)",5.714510456357086
"(7, 23, 30)",5.713969308956427
"(1, 19, 45)",5.71223944381532
"(10, 14, 20)",5.71156922098591
"(18, 28, 30)",5.70941454562119
"(28, 30, 42)",5.70941454562119
"(4, 19, 26)",5.709393034014438
"(26, 32, 45)",5.7081485511095975
"(31, 34, 42)",5.707410050151559
"(17, 23, 28)",5.705111459612252
"(0, 7, 47)",5.704689067032515
"(13, 40, 43)",5.704632247318522
"(4, 13, 34)",5.704586869161043
"(21, 35, 39)",5.70308264053555
"(25, 26, 47)",5.701536465511018
"(16, 19, 33)",5.701297621304928
"(1, 15, 17)",5.701277878834537
"(29, 40, 45)",5.7003772394589065
"(2, 33, 37)",5.700195596838144
"(22, 33, 37)",5.700195596838144
"(33, 36, 37)",5.700195596838144
"(33, 37, 42)",5.700195596838144
"(33, 37, 46)",5.700195596838144
"(2, 39)",5.699440670771183
"(18, 39)",5.699440670771183
"(22, 39)",5.699440670771183
"(27, 39)",5.699440670771183
"(36, 39)",5.699440670771183
"(39, 42)",5.699440670771183
"(39, 46)",5.699440670771183
"(41, 44, 47)",5.6994059356913365
"(16, 37, 41)",5.698272441393123
"(2, 16, 26)",5.698264853451269
"(16, 18, 26)",5.698264853451269
"(16, 22, 26)",5.698264853451269
"(16, 26, 36)",5.698264853451269
"(16, 26, 46)",5.698264853451269
"(18, 34, 49)",5.698029961007723
"(6, 44, 48)",5.697744826945448
"(28, 39, 49)",5.697596545431969
"(31, 46, 47)",5.696343932069091
"(2, 35, 39)",5.696158819435998
"(18, 35, 39)",5.696158819435998
"(22, 35, 39)",5.696158819435998
"(27, 35, 39)",5.696158819435998
"(35, 39, 42)",5.696158819435998
"(35, 39, 46)",5.696158819435998
"(3, 35, 40)",5.694553981415552
"(9, 17, 47)",5.6945291869317725
"(3, 40)",5.693369559741041
"(10, 26, 43)",5.692709232065897
"(35,)",5.689595116765628
"(26, 30, 44)",5.689411640288024
"(7, 30, 45)",5.689313137143828
"(1, 18, 31)",5.689168188260265
"(9, 10, 40)",5.686933703091873
"(29, 32, 37)",5.6867667348272555
"(17, 41, 49)",5.686660694847887
"(0, 6, 28)",5.686494366956616
"(15, 18, 24)",5.685598067854247
"(39, 43, 49)",5.684734527707001
"(2, 7, 33)",5.68408234937258
"(7, 33, 36)",5.68408234937258
"(7, 33, 42)",5.68408234937258
"(7, 33, 46)",5.68408234937258
"(19, 25, 38)",5.683645213889565
"(7, 16, 41)",5.682159193927559
"(8, 11, 24)",5.681254270588635
"(17, 28, 45)",5.680455287799653
"(23, 26, 35)",5.680256875399333
"(6, 8, 24)",5.680051018485349
"(4, 29, 48)",5.677473076509897
"(23, 26)",5.675587754716187
"(1, 33, 35)",5.674747855514704
"(26, 34, 47)",5.673990185206084
"(17, 31, 42)",5.672628953751529
"(7, 8, 9)",5.672524931214114
"(0, 25, 46)",5.67207160894427
"(0, 15, 25)",5.671402274164509
"(14, 20, 30)",5.67075460737857
"(7, 29, 32)",5.670653487361691
"(2, 6, 25)",5.670601928985866
"(1, 33)",5.667324224889242
"(0, 1, 17)",5.667082232648907
"(19, 22, 25)",5.666524978866672
"(2, 10, 11)",5.665213797108308
"(10, 11, 18)",5.665213797108308
"(10, 11, 27)",5.665213797108308
"(10, 11, 36)",5.665213797108308
"(10, 11, 42)",5.665213797108308
"(6, 10, 18)",5.664010545005022
"(6, 10, 27)",5.664010545005022
"(6, 10, 42)",5.664010545005022
"(9, 28, 29)",5.662093529277412
"(7, 17, 49)",5.660822259371316
"(1, 47, 49)",5.659896295753072
"(14, 26, 28)",5.65977803469413
"(19, 35, 47)",5.658145158614113
"(11, 17, 29)",5.657773428336264
"(6, 17, 29)",5.656570176232978
"(26, 35, 45)",5.6556007035867335
"(26, 30, 43)",5.651894618458557
"(0, 18, 24)",5.651402421668617
"(18, 22, 31)",5.65005845962919
"(18, 31, 36)",5.65005845962919
"(18, 31, 42)",5.65005845962919
"(22, 31, 36)",5.65005845962919
"(22, 31, 42)",5.65005845962919
"(31, 36, 42)",5.65005845962919
"(23, 32, 37)",5.649089403983022
"(14, 36, 39)",5.648815258591337
"(10, 37, 44)",5.646510934956189
"(17, 32, 40)",5.645821198224637
"(28, 41)",5.644597120427766
"(4, 29, 34)",5.644566375486581
"(2, 6, 34)",5.643055648680932
"(8, 24, 36)",5.642659897884136
"(1, 16, 32)",5.641649640711517
"(19, 22, 34)",5.638978698561738
"(26, 45)",5.638603496997288
"(21, 38, 41)",5.637657178383639
"(8, 11, 49)",5.637307994433138
"(1, 13, 28)",5.636551667824307
"(6, 8, 49)",5.636104742329852
"(4, 11, 32)",5.6350031659071345
"(11, 25, 35)",5.63458339280799
"(29, 35, 37)",5.634218887304392
"(7, 23, 32)",5.632976156517458
"(13, 21, 26)",5.6323242837452465
"(25, 28, 46)",5.628351561867132
"(0, 25, 48)",5.628078040939573
"(4, 13, 15)",5.628001232375856
"(1, 37, 49)",5.627862248192802
"(6, 32, 41)",5.625925685839742
"(40, 42, 45)",5.625838097107872
"(11, 16, 19)",5.625053902700969
"(32, 37, 45)",5.624433232170422
"(9, 23, 28)",5.624416198433178
"(2, 11, 30)",5.624399183500968
"(11, 18, 30)",5.624399183500968
"(11, 30, 42)",5.624399183500968
"(11, 33, 48)",5.622735221638667
"(22, 25, 28)",5.622228253228094
"(14, 15, 34)",5.621670812968205
"(15, 18, 49)",5.621444324222536
"(11, 17, 23)",5.620096097492031
"(10, 13, 30)",5.618934133453779
"(6, 17, 23)",5.618892845388745
"(7, 29, 35)",5.618105639838828
"(30, 34, 40)",5.617046036844806
"(2, 44, 47)",5.615683028810306
"(18, 44, 47)",5.615683028810306
"(22, 44, 47)",5.615683028810306
"(27, 44, 47)",5.615683028810306
"(36, 44, 47)",5.615683028810306
"(44, 46, 47)",5.615683028810306
"(1, 29, 39)",5.615334848651322
"(25, 33, 38)",5.61527051642137
"(2, 16, 37)",5.6145495345120935
"(16, 18, 37)",5.6145495345120935
"(16, 22, 37)",5.6145495345120935
"(16, 36, 37)",5.6145495345120935
"(16, 37, 46)",5.6145495345120935
"(1, 19, 44)",5.612509380554776
"(21, 24, 45)",5.609984245446748
"(26, 32, 44)",5.608418487849054
"(7, 32, 45)",5.608319984704858
"(0, 32, 47)",5.608088536791876
"(29, 37)",5.606530772573775
"(9, 41, 49)",5.605965433668813
"(1, 8, 26)",5.605309543216122
"(2, 17, 49)",5.602937787966857
"(17, 22, 49)",5.602937787966857
"(17, 27, 49)",5.602937787966857
"(17, 36, 49)",5.602937787966857
"(17, 46, 49)",5.602937787966857
"(28, 34, 46)",5.600805281562198
"(6, 21, 22)",5.598702040608899
"(2, 7, 16)",5.598436287046529
"(7, 16, 18)",5.598436287046529
"(7, 16, 36)",5.598436287046529
"(7, 16, 46)",5.598436287046529
"(15, 26, 47)",5.597404548420897
"(23, 35, 37)",5.596541556460158
"(4, 21, 32)",5.595880509835512
"(11, 17, 45)",5.595439925679431
"(4, 16, 27)",5.595112824891466
"(22, 28, 34)",5.59468197292316
"(6, 17, 45)",5.594236673576145
"(0, 4, 13)",5.593805586190226
"(33, 45, 49)",5.593651163329394
"(17, 35, 40)",5.593273350701773
"(14, 20, 32)",5.5897614549396
"(0, 34, 39)",5.58961965651093
"(1, 16, 35)",5.589101793188654
"(0, 18, 49)",5.587248678036906
"(19, 21, 30)",5.584309032780245
"(21, 28, 35)",5.582797366758909
"(7, 29)",5.582360901375429
"(17, 28, 44)",5.580725224539109
"(7, 23, 35)",5.580428308994595
"(18, 43, 47)",5.5781660069808385
"(22, 43, 47)",5.5781660069808385
"(27, 43, 47)",5.5781660069808385
"(36, 43, 47)",5.5781660069808385
"(43, 46, 47)",5.5781660069808385
"(1, 23, 39)",5.577657517807088
"(4, 27, 33)",5.577332852617304
"(9, 11, 29)",5.57707816715719
"(14, 28, 37)",5.576062715754956
"(6, 9, 29)",5.575874915053904
"(18, 28, 35)",5.5758735456593564
"(27, 28, 35)",5.5758735456593564
"(28, 35, 42)",5.5758735456593564
"(28, 40, 49)",5.573728142173023
"(35, 37, 45)",5.571885384647559
"(26, 32, 43)",5.570901466019587
"(21, 44, 48)",5.570807816756311
"(4, 15, 29)",5.567980738701394
"(6, 44, 47)",5.567515701947956
"(25, 35, 38)",5.567139237527462
"(2, 6, 15)",5.5664700118957455
"(25, 33, 35)",5.566095495614855
"(9, 32, 40)",5.565125937045563
"(0, 26, 47)",5.563208902235267
"(29, 40, 43)",5.563130154368896
"(15, 19, 22)",5.562393061776552
"(13, 19, 41)",5.560562227295002
"(7, 14, 28)",5.559949468289391
"(26, 35, 44)",5.55587064032619
"(7, 35, 45)",5.555772137181995
"(3, 15, 49)",5.553173240834951
"(1, 39, 45)",5.553001345994489
"(14, 36, 46)",5.552206054188751
"(7, 30, 43)",5.552066052053817
"(1, 11, 13)",5.551536305704086
"(1, 6, 13)",5.5503330536007995
"(23, 37)",5.550014776307425
"(6, 28, 47)",5.546897366836751
"(17, 40)",5.545112467669847
"(13, 17, 33)",5.543929474253654
"(31, 33, 48)",5.543719518155189
"(12, 22, 33)",5.543685991700965
"(6, 18, 32)",5.542202778958712
"(6, 27, 32)",5.542202778958712
"(6, 32, 42)",5.542202778958712
"(6, 32, 46)",5.542202778958712
"(17, 21, 41)",5.542179186926872
"(16, 33, 39)",5.542059523484097
"(15, 30, 40)",5.540460400059619
"(21, 39, 43)",5.540253019785987
"(13, 25, 26)",5.540042080616255
"(9, 11, 23)",5.539400836312955
"(1, 16)",5.538855131400166
"(26, 40, 41)",5.538420102263614
"(40, 44, 45)",5.53831367354153
"(6, 9, 23)",5.538197584209671
"(10, 13, 32)",5.537940981014809
"(14, 20, 35)",5.537213607416737
"(0, 4, 29)",5.533785092515764
"(6, 19, 30)",5.532356763096353
"(0, 2, 6)",5.532274365710116
"(0, 19, 22)",5.528197415590922
"(7, 23)",5.525844905109078
"(32, 37, 44)",5.524703168909879
"(15, 28, 46)",5.524219644777011
"(9, 22, 49)",5.522242526787783
"(9, 27, 49)",5.522242526787783
"(9, 36, 49)",5.522242526787783
"(9, 42, 49)",5.522242526787783
"(9, 46, 49)",5.522242526787783
"(1, 10, 40)",5.519889748689142
"(18, 28)",5.519012760106221
"(27, 28)",5.519012760106221
"(28, 36)",5.519012760106221
"(28, 42)",5.519012760106221
"(15, 22, 28)",5.518096336137973
"(34, 38, 41)",5.5178286949497135
"(3, 25, 49)",5.517737259542402
"(24, 25, 45)",5.517702042317756
"(7, 17, 21)",5.516340751450302
"(1, 21, 47)",5.515414787832057
"(4, 37, 48)",5.515341607341934
"(6, 41)",5.515269199092504
"(37, 45)",5.5130305185885256
"(9, 35, 40)",5.5125780895227
"(13, 26, 34)",5.512495800311321
"(18, 24, 47)",5.511805421548752
"(6, 22, 25)",5.506419837479907
"(19, 33, 48)",5.50595609293063
"(1, 7, 8)",5.505480976811382
"(0, 7, 40)",5.504933952453529
"(40, 43, 45)",5.500796651712062
"(9, 28, 44)",5.500029963360035
"(9, 14, 49)",5.499361324380339
"(35, 39, 47)",5.498907060793282
"(0, 21, 49)",5.497531720696898
"(13, 30, 32)",5.497126367407469
"(6, 21, 35)",5.496578752535401
"(11, 17, 44)",5.495709862418887
"(0, 32, 49)",5.495273304530357
"(1, 28, 29)",5.495049574874681
"(11, 31, 46)",5.493752966304972
"(10, 33, 41)",5.4935906569571005
"(17, 26, 37)",5.493120585368366
"(11, 28, 49)",5.492295909535105
"(7, 44, 49)",5.491488501968
"(24, 34, 45)",5.490155762012822
"(6, 18, 35)",5.489654931435849
"(6, 27, 35)",5.489654931435849
"(6, 35, 42)",5.489654931435849
"(6, 35, 46)",5.489654931435849
"(26, 44)",5.489008402106473
"(7, 45)",5.488860647390178
"(30, 37, 49)",5.48553264782666
"(10, 13, 35)",5.485393133491946
"(0, 22, 28)",5.4839006899523435
"(1, 21, 37)",5.483380740271787
"(25, 28, 35)",5.482499335649839
"(31, 48, 49)",5.481196013997824
"(8, 10, 17)",5.479005593096679
"(6, 22, 34)",5.478873557174973
"(25, 44, 48)",5.478525613627319
"(10, 29, 30)",5.477432040504152
"(2, 13, 19)",5.476839320413973
"(13, 18, 19)",5.476839320413973
"(13, 19, 27)",5.476839320413973
"(13, 19, 36)",5.476839320413973
"(13, 19, 42)",5.476839320413973
"(27, 31, 49)",5.475282188018255
"(39, 44, 48)",5.473776277702344
"(35, 37, 44)",5.4721553213870155
"(7, 32, 43)",5.471072899614847
"(0, 28, 34)",5.469334382734289
"(28, 33, 38)",5.466647077918539
"(11, 16, 39)",5.465815804880139
"(19, 26, 39)",5.462606466109531
"(9, 28, 43)",5.4625129415305675
"(9, 21, 41)",5.461483925747798
"(25, 34, 49)",5.459646606814043
"(2, 17, 21)",5.4584562800458425
"(17, 18, 21)",5.4584562800458425
"(17, 21, 22)",5.4584562800458425
"(17, 21, 27)",5.4584562800458425
"(17, 21, 36)",5.4584562800458425
"(17, 21, 46)",5.4584562800458425
"(13, 16, 17)",5.458283411927603
"(12, 16, 22)",5.458039929374914
"(1, 23, 28)",5.457372244030447
"(14, 20)",5.455761564467489
"(37, 40, 41)",5.454704783324439
"(18, 26, 40)",5.454697195382584
"(22, 26, 40)",5.454697195382584
"(26, 27, 40)",5.454697195382584
"(26, 36, 40)",5.454697195382584
"(26, 40, 42)",5.454697195382584
"(26, 40, 46)",5.454697195382584
"(4, 13, 47)",5.454208586070361
"(0, 15, 21)",5.453839829342842
"(30, 33, 41)",5.45277604334976
"(21, 33, 34)",5.452616131638901
"(24, 40, 42)",5.4516892572548565
"(34, 44, 48)",5.450979333322385
"(17, 25, 41)",5.44989698379788
"(14, 34, 47)",5.4478781666627105
"(18, 47, 49)",5.447651677917041
"(4, 27, 49)",5.446219148897734
"(13, 30, 35)",5.4445785198846055
"(11, 35, 47)",5.443747604534253
"(19, 30, 39)",5.44362988693941
"(16, 27, 48)",5.443327130576992
"(15, 38, 41)",5.441243058164527
"(10, 23, 30)",5.439754709659919
"(1, 41, 49)",5.438921479266082
"(7, 40, 41)",5.438591535858874
"(8, 17, 30)",5.438190979489338
"(8, 23, 29)",5.436410040097237
"(13, 15, 26)",5.435910163526134
"(26, 43)",5.432732869362271
"(1, 28, 45)",5.432716072217848
"(4, 26, 28)",5.429869662416966
"(8, 24, 33)",5.425908223556398
"(9, 40)",5.424069575901236
"(7, 17, 25)",5.42405854832131
"(1, 25, 47)",5.423132584703065
"(17, 34, 41)",5.422350703492946
"(16, 28, 33)",5.421774249707456
"(34, 39, 43)",5.420424536352061
"(4, 21, 37)",5.4200354613252415
"(35, 36, 49)",5.419487767804212
"(19, 29, 41)",5.419060134345376
"(10, 30, 45)",5.415098537847319
"(9, 11, 44)",5.415014601239813
"(3, 29, 40)",5.41480202519492
"(15, 24, 45)",5.4135701252276345
"(8, 29, 45)",5.411753868284638
"(7, 17, 19)",5.410458922066154
"(1, 11, 29)",5.410034212754459
"(2, 10, 33)",5.409867750076071
"(10, 33, 36)",5.409867750076071
"(10, 33, 42)",5.409867750076071
"(1, 6, 29)",5.408830960651173
"(3, 15, 21)",5.408691732913937
"(10, 16, 41)",5.40794459463105
"(0, 38, 41)",5.407047411978897
"(17, 29, 33)",5.402427381304027
"(6, 15, 22)",5.402287920389786
"(0, 13, 26)",5.401714517340504
"(13, 39, 41)",5.401324129474172
"(2, 40, 49)",5.401252047842619
"(40, 43, 44)",5.401066588451519
"(0, 32, 40)",5.398544967447303
"(8, 9, 10)",5.398310331917605
"(1, 32, 40)",5.398081982642832
"(7, 17, 34)",5.396512268016376
"(10, 29, 32)",5.396438888065182
"(7, 9, 26)",5.396312076723728
"(6, 25, 35)",5.396280721426331
"(1, 34, 47)",5.395586304398131
"(4, 29, 47)",5.394188092395899
"(0, 46, 47)",5.394147045548653
"(0, 15, 47)",5.393477710768893
"(17, 19, 48)",5.393130703475799
"(2, 6, 47)",5.3926773655902505
"(4, 8, 19)",5.392567138658018
"(2, 11)",5.3914897169258875
"(11, 18)",5.3914897169258875
"(11, 27)",5.3914897169258875
"(11, 36)",5.3914897169258875
"(11, 42)",5.3914897169258875
"(1, 25, 37)",5.3910985371427955
"(6, 18)",5.389684838770959
"(6, 27)",5.389684838770959
"(6, 42)",5.389684838770959
"(6, 46)",5.389684838770959
"(19, 22, 47)",5.388600415471057
"(0, 11, 34)",5.3843190206140665
"(4, 11, 41)",5.3842763200048065
"(4, 19, 32)",5.383407804098181
"(10, 13)",5.3832921418551045
"(0, 6, 34)",5.38311576851078
"(8, 33, 49)",5.381961947400901
"(19, 23, 41)",5.381382803501142
"(16, 28, 38)",5.381001015592489
"(3, 8, 29)",5.380777949019759
"(0, 24, 45)",5.379374479042005
"(28, 35, 47)",5.378621787016641
"(9, 18, 21)",5.377761018866768
"(9, 21, 22)",5.377761018866768
"(9, 21, 27)",5.377761018866768
"(9, 21, 36)",5.377761018866768
"(9, 21, 42)",5.377761018866768
"(9, 21, 46)",5.377761018866768
"(9, 13, 16)",5.377588150748529
"(9, 11, 43)",5.3774975794103455
"(6, 9, 43)",5.37629432730706
"(15, 21, 33)",5.376030494853714
"(8, 23, 45)",5.374076537440404
"(3, 21, 25)",5.373255751621388
"(1, 11, 23)",5.372356881910225
"(32, 33, 41)",5.37178289091079
"(1, 6, 23)",5.371153629806939
"(18, 37, 40)",5.370981876443409
"(22, 37, 40)",5.370981876443409
"(27, 37, 40)",5.370981876443409
"(36, 37, 40)",5.370981876443409
"(37, 40, 42)",5.370981876443409
"(37, 40, 46)",5.370981876443409
"(11, 46, 49)",5.369636236407463
"(9, 25, 41)",5.369201722618806
"(2, 30, 33)",5.369053136468731
"(30, 33, 42)",5.369053136468731
"(30, 33, 46)",5.369053136468731
"(0, 6, 22)",5.368092274204156
"(16, 30, 41)",5.36712998102371
"(30, 40, 47)",5.3666677537541245
"(2, 17, 25)",5.366174076916851
"(17, 18, 25)",5.366174076916851
"(17, 22, 25)",5.366174076916851
"(17, 25, 27)",5.366174076916851
"(17, 25, 36)",5.366174076916851
"(17, 25, 46)",5.366174076916851
"(17, 23, 33)",5.364750050459793
"(13, 32, 35)",5.363585367445635
"(1, 34, 37)",5.3635522568378615
"(37, 44)",5.363435423697711
"(26, 39, 47)",5.359528371975126
"(10, 23, 32)",5.358761557220949
"(8, 9, 30)",5.357495718310265
"(8, 17, 32)",5.357197827050369
"(19, 41, 45)",5.3567266316885425
"(29, 30, 32)",5.355624274457842
"(1, 22, 49)",5.355198572385052
"(1, 27, 49)",5.355198572385052
"(1, 36, 49)",5.355198572385052
"(1, 42, 49)",5.355198572385052
"(1, 46, 49)",5.355198572385052
"(9, 14, 21)",5.3548798164593245
"(7, 18, 40)",5.354868628977845
"(7, 27, 40)",5.354868628977845
"(7, 36, 40)",5.354868628977845
"(7, 40, 42)",5.354868628977845
"(7, 40, 46)",5.354868628977845
"(28, 46, 47)",5.350426998471516
"(0, 47, 48)",5.350153477543957
"(25, 27, 33)",5.349049328084201
"(1, 11, 45)",5.347700710097626
"(4, 25, 32)",5.347514668818636
"(7, 21, 44)",5.3470069940469855
"(33, 39, 48)",5.346717995109799
"(1, 6, 45)",5.34649745799434
"(15, 17, 41)",5.345765066707759
"(1, 35, 40)",5.345534135119969
"(11, 16, 28)",5.345530531103497
"(4, 11, 26)",5.344854300296744
"(0, 11, 32)",5.3443307473799555
"(22, 28, 47)",5.344303689832478
"(10, 29, 35)",5.343891040542319
"(15, 39, 43)",5.343838899566874
"(4, 6, 26)",5.343651048193458
"(9, 25, 33)",5.342385120271657
"(9, 34, 41)",5.341655442313872
"(8, 16, 24)",5.340262161230347
"(16, 27, 49)",5.339666376324789
"(22, 30, 49)",5.339590264166594
"(2, 17, 34)",5.338627796611917
"(17, 18, 34)",5.338627796611917
"(17, 22, 34)",5.338627796611917
"(17, 27, 34)",5.338627796611917
"(17, 34, 36)",5.338627796611917
"(17, 34, 46)",5.338627796611917
"(8, 42, 45)",5.3372147259336025
"(21, 31, 48)",5.3367145060768095
"(6, 16, 33)",5.3355556354839475
"(2, 19, 29)",5.335337227464346
"(18, 19, 29)",5.335337227464346
"(19, 27, 29)",5.335337227464346
"(19, 29, 42)",5.335337227464346
"(19, 29, 46)",5.335337227464346
"(10, 32, 45)",5.334105385408349
"(1, 28, 44)",5.332986008957304
"(21, 27, 31)",5.330800680097241
"(19, 27, 48)",5.329734536000527
"(33, 34, 45)",5.329341171974454
"(2, 10, 16)",5.32422168775002
"(10, 16, 18)",5.32422168775002
"(10, 16, 36)",5.32422168775002
"(11, 22, 49)",5.3229637543242445
"(13, 30)",5.322070221444094
"(7, 15, 17)",5.31992663123119
"(11, 25, 38)",5.319106480171871
"(1, 15, 47)",5.319000667612944
"(23, 30, 32)",5.317946943613609
"(6, 25, 38)",5.317903228068586
"(2, 13, 39)",5.317601222593142
"(13, 18, 39)",5.317601222593142
"(13, 22, 39)",5.317601222593142
"(13, 27, 39)",5.317601222593142
"(13, 36, 39)",5.317601222593142
"(13, 39, 42)",5.317601222593142
"(10, 46, 49)",5.316559143240843
"(3, 13, 40)",5.3159963845726965
"(10, 30, 44)",5.3153684745867755
"(21, 25, 34)",5.3151650988930275
"(29, 36, 49)",5.314296168063984
"(0, 17, 41)",5.3115694205221295
"(0, 39, 43)",5.309643253381244
"(10, 23, 35)",5.306213709698085
"(1, 18, 24)",5.305714588876526
"(21, 28, 30)",5.304785661182773
"(29, 30, 35)",5.303076426934979
"(2, 19, 23)",5.297659896620113
"(18, 19, 23)",5.297659896620113
"(19, 23, 27)",5.297659896620113
"(19, 23, 36)",5.297659896620113
"(19, 23, 42)",5.297659896620113
"(19, 23, 46)",5.297659896620113
"(8, 16, 49)",5.296315885074851
"(1, 13, 33)",5.296190258671848
"(1, 21, 41)",5.294439971345067
"(1, 9, 14)",5.294244662133789
"(23, 43, 49)",5.294148059641121
"(30, 32, 45)",5.293290771801009
"(6, 35, 47)",5.292403172793133
"(3, 15, 34)",5.288863249480011
"(2, 32, 33)",5.28805998402976
"(22, 32, 33)",5.28805998402976
"(32, 33, 36)",5.28805998402976
"(32, 33, 42)",5.28805998402976
"(32, 33, 46)",5.28805998402976
"(1, 15, 37)",5.286966620052675
"(16, 32, 41)",5.286136828584739
"(10, 14, 28)",5.285734868992883
"(9, 18, 25)",5.285478815737776
"(9, 22, 25)",5.285478815737776
"(9, 25, 27)",5.285478815737776
"(9, 25, 36)",5.285478815737776
"(9, 25, 42)",5.285478815737776
"(9, 25, 46)",5.285478815737776
"(0, 1, 47)",5.284805021427315
"(2, 16, 30)",5.28340707414268
"(16, 18, 30)",5.28340707414268
"(16, 30, 46)",5.28340707414268
"(7, 43)",5.282990019755162
"(4, 7, 26)",5.282657259536259
"(10, 35, 45)",5.281557537885486
"(13, 28, 41)",5.28103885569753
"(16, 21, 33)",5.279545921106856
"(16, 17, 23)",5.279103988133742
"(10, 30, 43)",5.277851452757308
"(0, 15, 40)",5.27679667396753
"(8, 9, 32)",5.2765025658712945
"(0, 40, 48)",5.276379010497889
"(7, 9, 22)",5.2747023443485475
"(8, 29, 43)",5.274506783194627
"(8, 23, 44)",5.27434647417986
"(18, 19, 45)",5.273003724807513
"(19, 27, 45)",5.273003724807513
"(19, 36, 45)",5.273003724807513
"(19, 45, 46)",5.273003724807513
"(38, 41, 47)",5.2674504118590315
"(23, 30, 35)",5.265399096090745
"(9, 15, 41)",5.265069805528685
"(7, 19, 44)",5.263903312851542
"(9, 14, 25)",5.262597613330333
"(2, 15, 17)",5.26204215982673
"(15, 17, 18)",5.26204215982673
"(15, 17, 22)",5.26204215982673
"(15, 17, 27)",5.26204215982673
"(15, 17, 36)",5.26204215982673
"(15, 17, 46)",5.26204215982673
"(0, 21, 25)",5.260768009646892
"(29, 39, 41)",5.259822036524545
"(6, 11, 16)",5.259311916879991
"(9, 18, 34)",5.257932535432842
"(9, 22, 34)",5.257932535432842
"(9, 27, 34)",5.257932535432842
"(9, 34, 36)",5.257932535432842
"(9, 34, 46)",5.257932535432842
"(19, 41, 44)",5.256996568427999
"(2, 21, 40)",5.256770539921605
"(13, 29, 37)",5.2556612904615365
"(2, 6, 31)",5.254788520106123
"(7, 25, 44)",5.254724790917994
"(16, 17, 45)",5.254447816321143
"(19, 31, 46)",5.253934564805753
"(0, 1, 37)",5.252770973867045
"(15, 33, 45)",5.252755535189267
"(9, 17, 19)",5.252119819668436
"(16, 29, 49)",5.252065600379475
"(8, 26, 41)",5.2497967310893445
"(8, 44, 45)",5.249690302367261
"(25, 30, 37)",5.248768936776653
"(1, 11, 44)",5.247970646837082
"(14, 28, 30)",5.2449202553855425
"(25, 31, 48)",5.244432302947818
"(18, 25, 33)",5.2414327328404875
"(30, 35, 45)",5.240742924278146
"(17, 33, 44)",5.24036381538665
"(24, 45, 47)",5.239777478922139
"(7, 13, 29)",5.239548042995972
"(25, 27, 31)",5.238518476968249
"(28, 33, 49)",5.236949862502868
"(3, 15, 25)",5.235697281097207
"(2, 33, 35)",5.235512136506897
"(22, 33, 35)",5.235512136506897
"(33, 35, 42)",5.235512136506897
"(33, 35, 46)",5.235512136506897
"(9, 37, 49)",5.234971342881701
"(10, 32, 44)",5.234375322147805
"(17, 39, 48)",5.233892605654968
"(4, 8, 39)",5.233329040837187
"(1, 8, 10)",5.231266377514874
"(0, 9, 41)",5.230874159343055
"(1, 7, 26)",5.229268122320996
"(1, 9, 49)",5.228547777163867
"(6, 22, 47)",5.228495274084291
"(0, 2, 17)",5.2278465136411
"(0, 17, 18)",5.2278465136411
"(0, 17, 22)",5.2278465136411
"(0, 17, 27)",5.2278465136411
"(0, 17, 36)",5.2278465136411
"(7, 34, 44)",5.22717851061306
"(28, 33, 48)",5.226432721333158
"(1, 43, 49)",5.225382399262443
"(11, 21, 46)",5.225154728486449
"(4, 10, 48)",5.225013760579861
"(28, 30, 40)",5.224981663344033
"(2, 45, 49)",5.224346429219102
"(4, 32, 39)",5.22416970627735
"(19, 42, 47)",5.224095032927954
"(6, 30, 39)",5.222355288055203
"(23, 39, 41)",5.222144705680312
"(29, 32, 35)",5.2220832744960095
"(30, 34, 37)",5.221222656471719
"(11, 21, 30)",5.219770299062551
"(27, 33, 49)",5.218615392496629
"(0, 33, 45)",5.218559889003637
"(13, 23, 37)",5.217983959617303
"(31, 34, 48)",5.216886022642884
"(0, 7, 48)",5.215177749010776
"(13, 17, 40)",5.214715753858918
"(12, 22, 40)",5.21447227130623
"(8, 43, 45)",5.212173280537794
"(27, 31, 34)",5.210972196663315
"(1, 21, 22)",5.2107170644640375
"(1, 21, 27)",5.2107170644640375
"(1, 21, 36)",5.2107170644640375
"(1, 21, 42)",5.2107170644640375
"(1, 21, 46)",5.2107170644640375
"(1, 13, 16)",5.210544196345797
"(21, 28, 32)",5.2098611313699505
"(23, 40, 49)",5.209619545809329
"(2, 28, 40)",5.203518326536291
"(10, 17, 26)",5.202792738606292
"(2, 16, 32)",5.20241392170371
"(16, 18, 32)",5.20241392170371
"(16, 22, 32)",5.20241392170371
"(16, 32, 36)",5.20241392170371
"(16, 32, 46)",5.20241392170371
"(21, 33, 47)",5.202237848548219
"(1, 25, 41)",5.202157768216075
"(7, 13, 23)",5.201870712151738
"(44, 47, 48)",5.200601050231703
"(13, 32)",5.200580492785639
"(9, 16, 23)",5.198408726954668
"(39, 41, 45)",5.197488533867713
"(13, 18, 28)",5.197315948816501
"(13, 27, 28)",5.197315948816501
"(13, 28, 36)",5.197315948816501
"(13, 28, 42)",5.197315948816501
"(2, 31, 49)",5.196933537703076
"(10, 32, 43)",5.196858300318338
"(16, 21, 27)",5.195184868403775
"(6, 13, 41)",5.194820241474022
"(4, 13, 21)",5.194545806366875
"(30, 32, 44)",5.193560708540465
"(9, 33, 49)",5.191236122600346
"(14, 33, 36)",5.188168575662236
"(34, 42, 47)",5.184855541715286
"(23, 32, 35)",5.184405943651775
"(4, 30, 48)",5.184199146972521
"(26, 28, 39)",5.1830830945120585
"(21, 30, 40)",5.182573561418614
"(4, 27, 34)",5.181909157542794
"(10, 35, 44)",5.181827474624942
"(0, 33, 48)",5.181508760038842
"(7, 17, 48)",5.1814564937015515
"(9, 15, 18)",5.181346898647655
"(9, 15, 22)",5.181346898647655
"(9, 15, 27)",5.181346898647655
"(9, 15, 36)",5.181346898647655
"(9, 15, 42)",5.181346898647655
"(9, 15, 46)",5.181346898647655
"(11, 21, 22)",5.17848224640323
"(2, 29, 39)",5.176099129643515
"(18, 29, 39)",5.176099129643515
"(22, 29, 39)",5.176099129643515
"(27, 29, 39)",5.176099129643515
"(29, 39, 42)",5.176099129643515
"(29, 39, 46)",5.176099129643515
"(14, 34, 42)",5.175821362557287
"(1, 34, 41)",5.174611487911141
"(1, 40)",5.173503644297139
"(2, 19, 44)",5.173273661546969
"(18, 19, 44)",5.173273661546969
"(19, 27, 44)",5.173273661546969
"(19, 36, 44)",5.173273661546969
"(19, 42, 44)",5.173273661546969
"(19, 44, 46)",5.173273661546969
"(10, 21, 46)",5.172077635319829
"(17, 41, 47)",5.171972420402264
"(10, 29)",5.171039002430665
"(27, 39, 48)",5.170496438179696
"(39, 43, 47)",5.170046253261379
"(21, 29, 36)",5.169814660142969
"(6, 11, 30)",5.167818029378659
"(8, 28, 49)",5.166108758469145
"(8, 37, 41)",5.16608141215017
"(8, 18, 26)",5.166073824208315
"(8, 22, 26)",5.166073824208315
"(8, 26, 27)",5.166073824208315
"(8, 26, 42)",5.166073824208315
"(8, 26, 46)",5.166073824208315
"(0, 19, 32)",5.16567916952854
"(10, 40, 41)",5.164376936562365
"(28, 30, 39)",5.164106515341938
"(3, 25, 39)",5.163356971473219
"(17, 26, 30)",5.161978124998952
"(23, 26, 29)",5.160197185606851
"(32, 35, 45)",5.159749771839175
"(13, 14, 20)",5.158656010573881
"(9, 14, 15)",5.158465696240212
"(11, 19, 35)",5.158147005220884
"(16, 21, 35)",5.156789895280399
"(30, 32, 43)",5.156043686710998
"(34, 35, 36)",5.155177776449272
"(8, 13, 21)",5.154853118025318
"(1, 29, 33)",5.154688165722222
"(16, 28, 49)",5.151303800176818
"(2, 43, 49)",5.151157660303593
"(7, 8, 41)",5.149968164684606
"(2, 16, 35)",5.149866074180847
"(16, 18, 35)",5.149866074180847
"(16, 22, 35)",5.149866074180847
"(16, 35, 46)",5.149866074180847
"(21, 23, 43)",5.149666551720107
"(0, 9, 18)",5.1471512524620255
"(0, 9, 22)",5.1471512524620255
"(0, 9, 27)",5.1471512524620255
"(0, 9, 36)",5.1471512524620255
"(0, 9, 42)",5.1471512524620255
"(7, 17, 47)",5.146133984925694
"(15, 30, 37)",5.144637019686532
"(7, 39, 44)",5.142901310414898
"(0, 3, 25)",5.142645985216645
"(11, 38, 41)",5.141481828337981
"(30, 35, 44)",5.141012861017602
"(15, 31, 48)",5.140300385857697
"(6, 33, 48)",5.140214107109649
"(28, 29, 41)",5.139536762747904
"(2, 23, 39)",5.138421798799282
"(18, 23, 39)",5.138421798799282
"(22, 23, 39)",5.138421798799282
"(23, 27, 39)",5.138421798799282
"(23, 36, 39)",5.138421798799282
"(23, 39, 42)",5.138421798799282
"(23, 39, 46)",5.138421798799282
"(35, 43, 49)",5.137263040593826
"(2, 34, 40)",5.136942056487679
"(6, 16, 44)",5.135792200612352
"(18, 19, 43)",5.135756639717502
"(19, 27, 43)",5.135756639717502
"(19, 36, 43)",5.135756639717502
"(19, 42, 43)",5.135756639717502
"(19, 43, 46)",5.135756639717502
"(26, 29, 45)",5.135541013794252
"(15, 27, 31)",5.134386559878129
"(33, 41)",5.134055006699077
"(9, 13, 40)",5.134020492679844
"(5, 46, 49)",5.133750548359994
"(11, 25, 46)",5.132872525357457
"(4, 10, 21)",5.129707614563168
"(0, 33, 34)",5.1289729735818295
"(0, 40, 46)",5.127879755888728
"(6, 19, 44)",5.125106334684619
"(0, 9, 14)",5.124270050054582
"(9, 10, 26)",5.122097477427218
"(13, 35)",5.121758721501344
"(1, 30, 49)",5.119529119412062
"(41, 43, 49)",5.119256695139693
"(10, 17, 37)",5.119077419667118
"(15, 25, 34)",5.118750978673915
"(1, 22, 25)",5.118434861335046
"(1, 25, 27)",5.118434861335046
"(1, 25, 36)",5.118434861335046
"(1, 25, 42)",5.118434861335046
"(1, 25, 46)",5.118434861335046
"(25, 28, 32)",5.117578928240959
"(1, 23, 33)",5.117010834877988
"(10, 23)",5.114523006164314
"(18, 39, 45)",5.113765626986682
"(22, 39, 45)",5.113765626986682
"(27, 39, 45)",5.113765626986682
"(36, 39, 45)",5.113765626986682
"(39, 45, 46)",5.113765626986682
"(17, 28, 48)",5.113607331878327
"(4, 8, 28)",5.113043767060546
"(28, 32, 38)",5.112837107857711
"(8, 43, 44)",5.11244321727725
"(2, 11, 13)",5.1123005866962785
"(11, 13, 18)",5.1123005866962785
"(11, 13, 27)",5.1123005866962785
"(11, 13, 36)",5.1123005866962785
"(11, 13, 42)",5.1123005866962785
"(8, 17)",5.112177410908444
"(3, 40, 45)",5.112160788966237
"(14, 28, 35)",5.111379255423708
"(6, 13, 18)",5.111097334592992
"(6, 13, 27)",5.111097334592992
"(6, 13, 42)",5.111097334592992
"(0, 30, 37)",5.110441373500902
"(29, 30)",5.109817082019655
"(1, 8, 32)",5.109458611468564
"(1, 7, 22)",5.107658389945817
"(16, 21, 29)",5.107584092458461
"(21, 32, 49)",5.1072388957162165
"(11, 34, 46)",5.105326245052523
"(4, 15, 27)",5.105323520757607
"(3, 26, 29)",5.104565094529372
"(6, 19, 28)",5.104487999573414
"(0, 7, 39)",5.103041601948348
"(16, 25, 27)",5.102902665274783
"(22, 25, 30)",5.1028265531165875
"(14, 16, 36)",5.102522513336186
"(23, 28, 41)",5.10185943190367
"(0, 27, 31)",5.100190913692499
"(11, 26, 39)",5.098067732391836
"(1, 15, 41)",5.098025851125954
"(7, 38, 49)",5.098018629437486
"(23, 26, 45)",5.097863682950018
"(6, 26, 39)",5.09686448028855
"(8, 24, 40)",5.096694503161663
"(31, 39, 46)",5.094696466984923
"(4, 21, 29)",5.093815068706121
"(13, 37, 44)",5.09359772454416
"(9, 17, 39)",5.092881721847605
"(9, 41, 47)",5.091277159223191
"(1, 22, 34)",5.090888581030112
"(1, 27, 34)",5.090888581030112
"(1, 34, 36)",5.090888581030112
"(1, 34, 46)",5.090888581030112
"(9, 21, 37)",5.090489834960685
"(28, 32, 34)",5.090032647936025
"(4, 26, 33)",5.089508253264507
"(2, 17, 47)",5.088249513521235
"(17, 18, 47)",5.088249513521235
"(17, 22, 47)",5.088249513521235
"(17, 27, 47)",5.088249513521235
"(17, 36, 47)",5.088249513521235
"(17, 46, 47)",5.088249513521235
"(11, 22, 25)",5.086200043274238
"(1, 17, 19)",5.085075865265704
"(13, 45, 49)",5.084357482177461
"(1, 9, 21)",5.084066269242853
"(2, 24, 45)",5.083897756996482
"(8, 18, 37)",5.0823585052691405
"(8, 22, 37)",5.0823585052691405
"(8, 27, 37)",5.0823585052691405
"(8, 37, 42)",5.0823585052691405
"(8, 37, 46)",5.0823585052691405
"(9, 26, 30)",5.081282863819879
"(17, 26, 32)",5.080984972559982
"(1, 21, 43)",5.080900891341429
"(10, 18, 40)",5.080654029681336
"(10, 27, 40)",5.080654029681336
"(10, 36, 40)",5.080654029681336
"(10, 40, 42)",5.080654029681336
"(2, 21, 45)",5.079864921298087
"(10, 25, 46)",5.079795432190837
"(11, 30, 39)",5.079091153221716
"(33, 45, 47)",5.078962888883772
"(0, 28, 46)",5.07876482796692
"(15, 35, 36)",5.078592139664085
"(10, 45)",5.077538748445415
"(25, 29, 36)",5.0775324570139775
"(28, 41, 45)",5.077203260091071
"(23, 29, 37)",5.0764818666676765
"(16, 27, 34)",5.075356384969849
"(22, 30, 34)",5.0752802728116535
"(17, 29, 40)",5.073213660909292
"(0, 4, 27)",5.071127874571977
"(18, 19, 24)",5.069396054285416
"(18, 24, 27)",5.066691912556675
"(7, 8, 18)",5.066245257803576
"(7, 8, 27)",5.066245257803576
"(7, 8, 42)",5.066245257803576
"(7, 8, 46)",5.066245257803576
"(21, 23, 40)",5.065138037888315
"(39, 42, 47)",5.064856935107123
"(0, 1, 41)",5.0638302049403245
"(8, 13, 25)",5.062570914896326
"(26, 42, 45)",5.061001871443216
"(7, 23, 29)",5.060368619202112
"(2, 15, 40)",5.060356419702492
"(32, 35, 44)",5.060019708578632
"(11, 22, 34)",5.058653762969304
"(10, 22, 49)",5.058119890561497
"(23, 25, 43)",5.057384348591115
"(16, 25, 35)",5.0564918641713295
"(18, 28, 29)",5.055813855866874
"(27, 28, 29)",5.055813855866874
"(28, 29, 42)",5.055813855866874
"(37, 43, 49)",5.055439236711352
"(6, 29, 41)",5.053318148524396
"(23, 30)",5.053301085753304
"(8, 40, 49)",5.052748227006166
"(2, 21, 31)",5.052452029782062
"(10, 34, 46)",5.052249151885903
"(29, 37, 45)",5.051825694855077
"(4, 35, 48)",5.0506581470106875
"(27, 28, 48)",5.050211164403055
"(29, 34, 36)",5.0499861767090435
"(0, 35, 36)",5.044396493478455
"(0, 16, 34)",5.043326911255779
"(32, 40, 41)",5.042569170516055
"(0, 7, 34)",5.04021148829491
"(7, 13, 43)",5.039967455249128
"(3, 15, 47)",5.038484966389329
"(33, 35, 47)",5.038260377864182
"(9, 16, 43)",5.036505470052058
"(1, 2, 49)",5.036059038960847
"(7, 29, 45)",5.035712447389512
"(8, 13, 34)",5.035024634591392
"(1, 16, 23)",5.031364772551937
"(7, 19, 38)",5.030586115827078
"(23, 34, 43)",5.029838068286181
"(3, 24, 26)",5.028881584933082
"(11, 15, 46)",5.028740608267336
"(11, 17, 48)",5.0285919697581045
"(17, 26, 35)",5.028437125037119
"(4, 8, 11)",5.028028404940324
"(6, 17, 48)",5.027388717654819
"(4, 6, 8)",5.026825152837039
"(11, 41, 49)",5.024909664086617
"(3, 29, 37)",5.0208497755901975
"(7, 10, 49)",5.020362501411575
"(18, 23, 28)",5.018136525022641
"(23, 27, 28)",5.018136525022641
"(23, 28, 36)",5.018136525022641
"(23, 28, 42)",5.018136525022641
"(4, 6, 32)",5.017665818277202
"(14, 20, 29)",5.017153917624254
"(30, 45)",5.016316828034404
"(2, 9, 49)",5.015921813656981
"(4, 25, 37)",5.015819932809305
"(6, 23, 41)",5.015640817680162
"(16, 25, 29)",5.015301889329469
"(25, 32, 49)",5.014956692587225
"(1, 15, 22)",5.014302944244925
"(1, 15, 27)",5.014302944244925
"(1, 15, 36)",5.014302944244925
"(1, 15, 42)",5.014302944244925
"(1, 15, 46)",5.014302944244925
"(23, 37, 45)",5.014148364010843
"(15, 28, 32)",5.013447011150838
"(3, 40, 44)",5.012430725705693
"(4, 13, 19)",5.011799218807024
"(17, 40, 45)",5.0108801582524585
"(2, 33)",5.008470646377532
"(22, 33)",5.008470646377532
"(33, 36)",5.008470646377532
"(33, 42)",5.008470646377532
"(33, 46)",5.008470646377532
"(9, 18, 47)",5.00755425234216
"(9, 22, 47)",5.00755425234216
"(9, 27, 47)",5.00755425234216
"(9, 36, 47)",5.00755425234216
"(9, 46, 47)",5.00755425234216
"(1, 16, 45)",5.006708600739337
"(2, 21, 43)",5.006676152382578
"(0, 32, 39)",5.00644107170771
"(16, 41)",5.005585913210001
"(14, 19, 34)",5.005468799399374
"(18, 19, 49)",5.0052423106537045
"(3, 7, 29)",5.004736528124633
"(4, 16, 26)",5.003862190938456
"(3, 25, 47)",5.00304898509678
"(9, 26, 32)",5.000289711380908
"(2, 41, 49)",4.9996857602582745
"(22, 41, 49)",4.9996857602582745
"(36, 41, 49)",4.9996857602582745
"(41, 42, 49)",4.9996857602582745
"(41, 46, 49)",4.9996857602582745
"(4, 41, 49)",4.999263356433335
"(11, 35, 39)",4.998908907400053
"(15, 16, 27)",4.998770748184661
"(15, 22, 30)",4.998694636026467
"(26, 29, 43)",4.998293928704241
"(9, 25, 37)",4.9982076318316935
"(23, 26, 44)",4.998133619689474
"(7, 23, 45)",4.998035116545278
"(17, 32, 37)",4.997269653620807
"(18, 28, 45)",4.993480353210041
"(27, 28, 45)",4.993480353210041
"(28, 36, 45)",4.993480353210041
"(1, 33, 44)",4.992624599804845
"(9, 29, 40)",4.992518399730217
"(1, 9, 25)",4.991784066113861
"(8, 9)",4.991134519139834
"(6, 41, 45)",4.990984645867563
"(5, 21, 46)",4.9892690404389795
"(1, 25, 43)",4.988618688212437
"(29, 32)",4.9883273533612
"(16, 29, 34)",4.987755609024535
"(2, 25, 45)",4.9875827181690955
"(32, 34, 49)",4.987410412282291
"(4, 7, 8)",4.985218503982569
"(9, 14, 47)",4.984673049934717
"(6, 36, 49)",4.9843262182615895
"(0, 21, 47)",4.982843446251277
"(0, 7, 28)",4.982756328171707
"(11, 15, 22)",4.982068126184117
"(7, 9, 30)",4.981454297415139
"(19, 26, 47)",4.981202534852065
"(0, 1, 22)",4.980107298059295
"(0, 1, 27)",4.980107298059295
"(0, 1, 36)",4.980107298059295
"(0, 1, 42)",4.980107298059295
"(14, 20, 23)",4.979476586780021
"(16, 25, 38)",4.978114370813583
"(28, 41, 44)",4.977473196830528
"(37, 42, 45)",4.977286552504042
"(7, 44, 47)",4.976800227522378
"(10, 15, 46)",4.975663515100716
"(3, 40, 43)",4.974913703876226
"(21, 41, 43)",4.974775187218678
"(26, 44, 45)",4.973477447876875
"(15, 29, 36)",4.9734005399238566
"(34, 42, 49)",4.973314443899613
"(9, 17, 28)",4.972596448070964
"(30, 37, 47)",4.970844373381038
"(2, 11, 29)",4.970798493746652
"(11, 18, 29)",4.970798493746652
"(11, 27, 29)",4.970798493746652
"(11, 29, 42)",4.970798493746652
"(9, 34, 37)",4.9706613515267595
"(6, 18, 29)",4.969595241643367
"(6, 27, 29)",4.969595241643367
"(6, 29, 42)",4.969595241643367
"(6, 29, 46)",4.969595241643367
"(0, 32, 48)",4.968978584596685
"(2, 9, 14)",4.968398799678153
"(1, 13, 40)",4.9669765382771125
"(31, 47, 48)",4.966507739552202
"(10, 13, 29)",4.965333443699463
"(11, 27, 48)",4.965195802282833
"(0, 16, 27)",4.964575101999031
"(0, 22, 30)",4.964498989840837
"(26, 31, 46)",4.964382233741035
"(1, 9, 34)",4.964237785808927
"(6, 27, 48)",4.963992550179547
"(7, 42, 45)",4.961173305038477
"(1, 34, 43)",4.961072407907503
"(27, 31, 47)",4.960593913572634
"(2, 25, 31)",4.96016982665307
"(2, 34, 45)",4.9600364378641615
"(18, 32, 40)",4.958846263635025
"(22, 32, 40)",4.958846263635025
"(27, 32, 40)",4.958846263635025
"(32, 36, 40)",4.958846263635025
"(32, 40, 42)",4.958846263635025
"(32, 40, 46)",4.958846263635025
"(8, 13, 15)",4.958438997806205
"(1, 10, 26)",4.955053523024487
"(14, 20, 45)",4.954820414967421
"(27, 33, 34)",4.9543054011416885
"(7, 21, 38)",4.953537121516472
"(15, 23, 43)",4.953252431500994
"(16, 35, 47)",4.952614315538131
"(4, 19, 29)",4.951778725132562
"(0, 19, 46)",4.951737678285317
"(4, 7, 32)",4.951118918444817
"(0, 15, 19)",4.951068343505558
"(5, 10, 46)",4.950305969233001
"(2, 6, 19)",4.950267998326913
"(8, 21, 36)",4.950235723051099
"(0, 11, 22)",4.9478724799984874
"(9, 26, 35)",4.947741863858045
"(4, 13, 25)",4.94617996535
"(23, 34, 40)",4.945309554454389
"(6, 28, 39)",4.945249901752583
"(3, 24, 37)",4.945166265993907
"(25, 34, 47)",4.9449583323684205
"(17, 35, 37)",4.944721806097943
"(28, 42, 47)",4.944571661330482
"(13, 33, 41)",4.940677446545071
"(16, 27, 31)",4.940237699154033
"(13, 21, 45)",4.939875974256447
"(0, 29, 36)",4.939204893738227
"(17, 42, 49)",4.938533347499583
"(26, 43, 45)",4.935960426047407
"(8, 21, 35)",4.934662705019116
"(2, 11, 23)",4.9331211629024185
"(11, 18, 23)",4.9331211629024185
"(11, 23, 27)",4.9331211629024185
"(11, 23, 36)",4.9331211629024185
"(11, 23, 42)",4.9331211629024185
"(2, 31, 34)",4.932623546348136
"(6, 18, 23)",4.931917910799132
"(6, 23, 27)",4.931917910799132
"(6, 23, 42)",4.931917910799132
"(6, 23, 46)",4.931917910799132
"(23, 32)",4.931811357094849
"(4, 27, 47)",4.931530874452112
"(3, 7, 24)",4.929053018528343
"(0, 28, 32)",4.9287761327698405
"(27, 41, 49)",4.928403860617346
"(10, 44)",4.9279436535546
"(10, 13, 23)",4.92765611285523
"(9, 33, 34)",4.926926131245406
"(8, 12, 22)",4.92584890013196
"(1, 17, 39)",4.9258377674448734
"(13, 29, 30)",4.924518830092123
"(19, 30, 40)",4.924258386490788
"(0, 8, 13)",4.924243351620575
"(27, 31, 33)",4.922457726879874
"(0, 23, 43)",4.919056785315364
"(2, 22, 49)",4.915962853377245
"(2, 27, 49)",4.915962853377245
"(2, 36, 49)",4.915962853377245
"(2, 42, 49)",4.915962853377245
"(2, 46, 49)",4.915962853377245
"(22, 27, 49)",4.915962853377245
"(22, 36, 49)",4.915962853377245
"(22, 42, 49)",4.915962853377245
"(22, 46, 49)",4.915962853377245
"(27, 36, 49)",4.915962853377245
"(27, 42, 49)",4.915962853377245
"(27, 46, 49)",4.915962853377245
"(36, 42, 49)",4.915962853377245
"(36, 46, 49)",4.915962853377245
"(42, 46, 49)",4.915962853377245
"(8, 35, 36)",4.914851693828467
"(23, 37, 44)",4.9144183007503
"(2, 25, 43)",4.914393949253586
"(25, 34, 39)",4.913903330075607
"(10, 21, 22)",4.913638382640483
"(21, 35, 40)",4.9132222372117145
"(6, 30, 33)",4.912471982346422
"(15, 16, 29)",4.911169972239348
"(17, 40, 44)",4.911150094991915
"(21, 37, 43)",4.910957728790336
"(15, 32, 49)",4.910824775497104
"(11, 33, 35)",4.910243192460158
"(18, 24, 39)",4.910157956464586
"(29, 35)",4.909505582076905
"(11, 18, 45)",4.908464991089819
"(11, 27, 45)",4.908464991089819
"(11, 36, 45)",4.908464991089819
"(19, 28, 46)",4.908017631208179
"(0, 19, 48)",4.90774411028062
"(6, 18, 45)",4.9072617389865325
"(6, 27, 45)",4.9072617389865325
"(6, 45, 46)",4.9072617389865325
"(18, 35, 40)",4.906298416112162
"(22, 35, 40)",4.906298416112162
"(27, 35, 40)",4.906298416112162
"(35, 40, 42)",4.906298416112162
"(35, 40, 46)",4.906298416112162
"(7, 9, 32)",4.900461144976169
"(7, 29, 43)",4.898465362299501
"(0, 7, 11)",4.897740966051485
"(5, 25, 46)",4.896986837309988
"(0, 6, 7)",4.896537713948199
"(32, 45)",4.8948270993759495
"(9, 15, 37)",4.8940757147415725
"(18, 28, 44)",4.893750289949497
"(27, 28, 44)",4.893750289949497
"(28, 36, 44)",4.893750289949497
"(28, 42, 44)",4.893750289949497
"(1, 2, 21)",4.891577531039832
"(26, 37, 41)",4.889868557659784
"(37, 44, 45)",4.8897621289377
"(6, 31, 46)",4.888192578984774
"(1, 9, 15)",4.88765214902374
"(9, 11, 17)",4.887581085950742
"(24, 26, 42)",4.886853031590201
"(2, 34, 43)",4.886847668948652
"(13, 23, 30)",4.88684149924789
"(2, 40, 47)",4.886563773396997
"(6, 9, 17)",4.886377833847456
"(0, 21, 40)",4.886007540826154
"(1, 15, 43)",4.884486771122316
"(2, 15, 45)",4.8834508010789754
"(1, 25, 30)",4.882765408362055
"(25, 41, 43)",4.882492984089686
"(11, 21, 41)",4.880428156165602
"(2, 16)",4.880001552888456
"(16, 18)",4.880001552888456
"(16, 22)",4.880001552888456
"(16, 36)",4.880001552888456
"(16, 46)",4.880001552888456
"(16, 21, 30)",4.8787781897042635
"(11, 28, 35)",4.878623633623412
"(15, 27, 33)",4.877719764356502
"(0, 16, 29)",4.876974326053718
"(7, 10, 21)",4.8758809934905605
"(8, 10, 41)",4.875753565388097
"(7, 26, 41)",4.873755310194219
"(34, 35, 43)",4.872953049238886
"(10, 43)",4.871668120810398
"(2, 9, 21)",4.871440305735967
"(5, 34, 46)",4.869440557005054
"(15, 23, 40)",4.868723917669202
"(30, 44)",4.8667217331435895
"(11, 21, 33)",4.865930167418413
"(0, 9, 37)",4.859880068555943
"(11, 42, 47)",4.85955629921026
"(14, 36, 40)",4.858954855267501
"(6, 42, 47)",4.8583530471069745
"(8, 25, 36)",4.857953519922107
"(2, 13, 33)",4.8569545396640414
"(13, 22, 33)",4.8569545396640414
"(13, 33, 36)",4.8569545396640414
"(13, 33, 42)",4.8569545396640414
"(18, 28, 43)",4.85623326812003
"(27, 28, 43)",4.85623326812003
"(28, 36, 43)",4.85623326812003
"(28, 42, 43)",4.85623326812003
"(2, 15, 31)",4.856037909562949
"(1, 30, 34)",4.855219128057121
"(2, 21, 41)",4.85520425233726
"(18, 21, 41)",4.85520425233726
"(21, 22, 41)",4.85520425233726
"(21, 36, 41)",4.85520425233726
"(21, 41, 42)",4.85520425233726
"(21, 41, 46)",4.85520425233726
"(14, 20, 44)",4.8550903517068775
"(13, 16, 41)",4.8550313842190205
"(11, 46, 47)",4.854947961961841
"(34, 41, 43)",4.854946703784752
"(16, 44, 48)",4.854463586533175
"(0, 1, 9)",4.85345650283811
"(23, 35)",4.852989585810554
"(4, 13, 39)",4.852561120986193
"(9, 15, 33)",4.850340494460219
"(0, 1, 43)",4.850291124936686
"(0, 2, 45)",4.849255154893346
"(8, 28, 38)",4.8488099863495355
"(7, 9, 35)",4.847913297453306
"(13, 25, 45)",4.847593771127455
"(14, 34, 39)",4.846230701578543
"(18, 39, 49)",4.846004212832874
"(4, 25, 29)",4.845449227689246
"(13, 29, 32)",4.843525677653153
"(0, 27, 33)",4.843524118170872
"(18, 33, 34)",4.843051793571063
"(26, 33, 39)",4.842721685359599
"(6, 21, 36)",4.839844710340575
"(28, 32, 47)",4.839654364845343
"(26, 43, 44)",4.836230362786864
"(7, 10, 19)",4.836178289416653
"(7, 43, 45)",4.836131859642668
"(8, 30, 41)",4.834938951780757
"(8, 25, 35)",4.834626720829789
"(7, 34, 38)",4.8337086380825465
"(1, 26, 32)",4.833245756978177
"(9, 40, 44)",4.830454833812841
"(8, 34, 36)",4.830407239617173
"(21, 34, 42)",4.828832935978599
"(6, 16, 30)",4.826825920020371
"(1, 29, 40)",4.825474445327487
"(19, 38, 41)",4.825041044595695
"(16, 27, 47)",4.824978101879166
"(22, 30, 47)",4.8249019897209715
"(30, 33, 39)",4.823745106189479
"(6, 30, 36)",4.822196352491135
"(0, 2, 31)",4.821842263377319
"(10, 22, 25)",4.821356179511491
"(13, 34, 45)",4.820047490822521
"(13, 19, 26)",4.819708149957302
"(25, 37, 43)",4.8186755256613445
"(14, 28)",4.81862616195586
"(14, 20, 43)",4.81757332987741
"(0, 9, 33)",4.816144848274589
"(35, 45)",4.816005328091654
"(1, 18, 21)",4.810591074087305
"(30, 43)",4.810446200399388
"(2, 15, 43)",4.8102620321634655
"(2, 11, 44)",4.808734927829275
"(11, 18, 44)",4.808734927829275
"(11, 27, 44)",4.808734927829275
"(11, 36, 44)",4.808734927829275
"(11, 42, 44)",4.808734927829275
"(11, 22, 47)",4.808275479878622
"(2, 26, 37)",4.806145650778754
"(18, 26, 37)",4.806145650778754
"(22, 26, 37)",4.806145650778754
"(26, 27, 37)",4.806145650778754
"(26, 36, 37)",4.806145650778754
"(26, 37, 42)",4.806145650778754
"(26, 37, 46)",4.806145650778754
"(13, 23, 32)",4.8058483468089195
"(1, 17, 28)",4.805552493668232
"(10, 13, 44)",4.803269877782086
"(24, 37, 42)",4.803137712651027
"(6, 28, 40)",4.802731406510196
"(7, 12, 22)",4.802577820751033
"(10, 46, 47)",4.801870868795221
"(0, 6, 32)",4.79993718370756
"(29, 36, 47)",4.7996078936183615
"(1, 2, 25)",4.799295327910841
"(29, 33, 41)",4.7991753535954444
"(19, 24, 45)",4.797368111658804
"(15, 35, 43)",4.796367412453699
"(17, 21, 42)",4.794051839578569
"(0, 32, 34)",4.794012323880818
"(10, 22, 34)",4.793809899206557
"(9, 40, 43)",4.792937811983373
"(5, 15, 46)",4.792854920219867
"(4, 29, 39)",4.792540627311731
"(0, 39, 46)",4.7924995804644865
"(6, 11, 35)",4.792405019399904
"(8, 10, 18)",4.792030658507067
"(8, 10, 27)",4.792030658507067
"(8, 10, 42)",4.792030658507067
"(0, 15, 39)",4.791830245684727
"(34, 37, 43)",4.7911292453564105
"(2, 6, 39)",4.791029900506082
"(13, 29, 35)",4.79097783013029
"(7, 37, 41)",4.790039991255044
"(2, 7, 26)",4.790032403313189
"(7, 18, 26)",4.790032403313189
"(7, 26, 27)",4.790032403313189
"(7, 26, 36)",4.790032403313189
"(7, 26, 42)",4.790032403313189
"(7, 26, 46)",4.790032403313189
"(18, 24, 28)",4.789872682687944
"(0, 11, 46)",4.788363704514335
"(11, 25, 41)",4.788145953036611
"(10, 17, 30)",4.787934959297704
"(7, 24, 42)",4.787024465185462
"(19, 22, 39)",4.786952950386889
"(10, 23, 29)",4.786154019905603
"(8, 13, 47)",4.78464635150071
"(8, 17, 29)",4.784590289735023
"(21, 27, 41)",4.783922352696331
"(7, 10, 25)",4.783598790361569
"(19, 22, 28)",4.782140551438658
"(1, 26, 35)",4.780697909455314
"(23, 43, 47)",4.779459785195499
"(2, 9, 25)",4.779158102606975
"(1, 15, 30)",4.778633491271934
"(7, 44, 48)",4.778622926139423
"(15, 41, 43)",4.778361066999565
"(0, 2, 43)",4.776066385977836
"(4, 8, 33)",4.772682357908087
"(1, 2, 34)",4.771749047605907
"(2, 18, 21)",4.77148134545623
"(2, 21, 22)",4.77148134545623
"(2, 21, 27)",4.77148134545623
"(2, 21, 36)",4.77148134545623
"(2, 21, 42)",4.77148134545623
"(2, 21, 46)",4.77148134545623
"(18, 21, 22)",4.77148134545623
"(18, 21, 27)",4.77148134545623
"(18, 21, 36)",4.77148134545623
"(18, 21, 42)",4.77148134545623
"(18, 21, 46)",4.77148134545623
"(21, 22, 27)",4.77148134545623
"(21, 22, 36)",4.77148134545623
"(21, 22, 42)",4.77148134545623
"(21, 22, 46)",4.77148134545623
"(21, 27, 36)",4.77148134545623
"(21, 27, 42)",4.77148134545623
"(21, 27, 46)",4.77148134545623
"(21, 36, 42)",4.77148134545623
"(21, 36, 46)",4.77148134545623
"(21, 42, 46)",4.77148134545623
"(2, 13, 16)",4.771308477337991
"(13, 16, 18)",4.771308477337991
"(13, 16, 22)",4.771308477337991
"(13, 16, 36)",4.771308477337991
"(11, 18, 43)",4.771217905999808
"(11, 27, 43)",4.771217905999808
"(11, 36, 43)",4.771217905999808
"(11, 42, 43)",4.771217905999808
"(6, 18, 43)",4.7700146538965225
"(6, 27, 43)",4.7700146538965225
"(6, 42, 43)",4.7700146538965225
"(6, 43, 46)",4.7700146538965225
"(15, 18, 33)",4.766466156785876
"(10, 13, 43)",4.765752855952619
"(4, 32, 33)",4.76352302334825
"(1, 40, 45)",4.763140942670653
"(2, 25, 41)",4.762922049208268
"(18, 25, 41)",4.762922049208268
"(22, 25, 41)",4.762922049208268
"(25, 36, 41)",4.762922049208268
"(25, 41, 42)",4.762922049208268
"(25, 41, 46)",4.762922049208268
"(13, 30, 44)",4.762455264174746
"(0, 35, 43)",4.762171766268069
"(23, 33, 41)",4.761498022751211
"(10, 29, 45)",4.761497848093003
"(11, 34, 41)",4.760599672731677
"(6, 11, 44)",4.760567600966925
"(4, 26, 40)",4.7602945328697714
"(19, 21, 33)",4.759828481284882
"(4, 13, 45)",4.758888286540271
"(19, 44, 48)",4.758191682968366
"(7, 15, 38)",4.7571230012973595
"(16, 26, 39)",4.757075623033549
"(7, 10, 34)",4.756052510056635
"(8, 32, 41)",4.753945799341786
"(8, 15, 36)",4.753821602831986
"(13, 23, 35)",4.7533004992860555
"(16, 33, 40)",4.752199120160261
"(7, 22, 41)",4.752145577819039
"(2, 9, 34)",4.751611822302041
"(8, 18, 30)",4.751216044899727
"(8, 30, 42)",4.751216044899727
"(8, 30, 46)",4.751216044899727
"(28, 39, 46)",4.748779533387348
"(0, 39, 48)",4.7485060124597895
"(6, 25, 36)",4.747562507211583
"(8, 17, 23)",4.746912958890789
"(23, 29, 30)",4.745339406298263
"(32, 44)",4.745232004485135
"(0, 1, 30)",4.7444378450863045
"(0, 41, 43)",4.744165420813935
"(18, 33, 49)",4.74372821525427
"(13, 15, 45)",4.743461854037334
"(22, 28, 39)",4.742656224748312
"(1, 8)",4.740568587535737
"(6, 11, 28)",4.73994926585572
"(16, 30, 39)",4.7380990438634285
"(16, 29, 47)",4.737377325933853
"(32, 47, 49)",4.737032129191609
"(2, 34, 41)",4.735375768903334
"(18, 34, 41)",4.735375768903334
"(22, 34, 41)",4.735375768903334
"(34, 36, 41)",4.735375768903334
"(34, 41, 46)",4.735375768903334
"(4, 34, 41)",4.734953365078394
"(1, 7, 32)",4.733417190573438
"(13, 14, 28)",4.732821658580853
"(4, 13, 28)",4.732275847209552
"(0, 18, 33)",4.732270510600246
"(3, 10, 29)",4.730521928828123
"(16, 42, 47)",4.729799037716571
"(17, 19, 41)",4.729563053138928
"(19, 39, 43)",4.727636885998042
"(4, 48)",4.7275614711348295
"(4, 10, 25)",4.725492086047231
"(8, 35, 47)",4.725059368944579
"(13, 30, 43)",4.724938242345279
"(10, 23, 45)",4.72382051724877
"(8, 17, 45)",4.722256787078189
"(29, 30, 45)",4.720683234485663
"(1, 11, 17)",4.720537131548011
"(9, 37, 47)",4.720283068436078
"(6, 34, 36)",4.720016226906649
"(0, 8, 36)",4.7196259566463565
"(1, 6, 17)",4.719333879444725
"(1, 18, 25)",4.718308870958313
"(10, 15, 22)",4.71722426242137
"(2, 29, 33)",4.715452446714415
"(22, 29, 33)",4.715452446714415
"(29, 33, 42)",4.715452446714415
"(29, 33, 46)",4.715452446714415
"(15, 37, 43)",4.714543608571224
"(2, 31, 40)",4.710082432492706
"(2, 45, 47)",4.70965815477348
"(0, 13, 45)",4.709266207851704
"(35, 40, 47)",4.709046657469447
"(9, 10, 30)",4.70723969811863
"(10, 17, 32)",4.706941806858734
"(2, 7, 37)",4.706317084374015
"(7, 18, 37)",4.706317084374015
"(7, 27, 37)",4.706317084374015
"(7, 36, 37)",4.706317084374015
"(7, 37, 42)",4.706317084374015
"(7, 37, 46)",4.706317084374015
"(10, 31, 46)",4.706046227030277
"(11, 18, 24)",4.704857320567722
"(27, 33, 47)",4.7039271180510065
"(8, 9, 29)",4.703895028555949
"(6, 18, 24)",4.703654068464436
"(1, 19, 47)",4.702798654044113
"(17, 25, 42)",4.701769636449577
"(26, 28, 47)",4.701679163254593
"(17, 26)",4.6978581291728645
"(1, 2, 15)",4.69516341082072
"(23, 40, 47)",4.694931271363707
"(25, 27, 41)",4.691640149567339
"(1, 18, 34)",4.690762590653379
"(3, 29, 30)",4.689707315220784
"(32, 43)",4.6889564717409336
"(16, 17, 48)",4.687599860399817
"(3, 25, 33)",4.687317261561286
"(33, 45, 48)",4.687216662579588
"(4, 8, 16)",4.687036295582036
"(10, 42, 45)",4.686958705741969
"(4, 25, 30)",4.684677472439891
"(11, 15, 41)",4.68401403594649
"(0, 10, 22)",4.68302861623574
"(23, 30, 45)",4.68300590364143
"(2, 31, 47)",4.682245263257454
"(13, 32, 44)",4.681462111735776
"(6, 19, 22)",4.681115940258517
"(1, 7, 35)",4.680869343050574
"(0, 37, 43)",4.680347962385594
"(7, 10, 15)",4.679466873271448
"(2, 18, 25)",4.6791991423272385
"(2, 22, 25)",4.6791991423272385
"(2, 25, 27)",4.6791991423272385
"(2, 25, 36)",4.6791991423272385
"(2, 25, 42)",4.6791991423272385
"(2, 25, 46)",4.6791991423272385
"(18, 22, 25)",4.6791991423272385
"(18, 25, 27)",4.6791991423272385
"(18, 25, 36)",4.6791991423272385
"(18, 25, 42)",4.6791991423272385
"(18, 25, 46)",4.6791991423272385
"(22, 25, 27)",4.6791991423272385
"(22, 25, 36)",4.6791991423272385
"(22, 25, 42)",4.6791991423272385
"(22, 25, 46)",4.6791991423272385
"(25, 27, 36)",4.6791991423272385
"(25, 27, 42)",4.6791991423272385
"(25, 27, 46)",4.6791991423272385
"(25, 36, 42)",4.6791991423272385
"(25, 36, 46)",4.6791991423272385
"(25, 42, 46)",4.6791991423272385
"(4, 16, 32)",4.677876961022199
"(2, 23, 33)",4.6777751158701815
"(22, 23, 33)",4.6777751158701815
"(23, 33, 36)",4.6777751158701815
"(23, 33, 42)",4.6777751158701815
"(23, 33, 46)",4.6777751158701815
"(9, 33, 47)",4.676547848154724
"(11, 16, 40)",4.675955401556303
"(16, 23, 41)",4.6758519604251605
"(2, 9, 15)",4.675026185516854
"(4, 28, 29)",4.67225535353509
"(0, 15, 28)",4.6715449719080855
"(1, 19, 37)",4.670764606483843
"(8, 18, 32)",4.670222892460757
"(8, 22, 32)",4.670222892460757
"(8, 27, 32)",4.670222892460757
"(8, 32, 42)",4.670222892460757
"(8, 32, 46)",4.670222892460757
"(2, 7, 22)",4.66842267093801
"(7, 18, 22)",4.66842267093801
"(7, 22, 27)",4.66842267093801
"(7, 22, 42)",4.66842267093801
"(7, 22, 46)",4.66842267093801
"(35, 44)",4.666410233200839
"(8, 9, 23)",4.666217697711716
"(17, 30, 32)",4.666127193251394
"(38, 39, 41)",4.665802946774864
"(23, 29, 32)",4.664346253859293
"(27, 34, 41)",4.664093869262405
"(1, 40, 44)",4.66341087941011
"(0, 1, 2)",4.66096776463509
"(21, 30, 37)",4.66048087215167
"(2, 15, 41)",4.658790132118147
"(15, 18, 41)",4.658790132118147
"(15, 22, 41)",4.658790132118147
"(15, 36, 41)",4.658790132118147
"(15, 41, 42)",4.658790132118147
"(15, 41, 46)",4.658790132118147
"(4, 15, 41)",4.658367728293207
"(3, 10, 24)",4.654838419231834
"(10, 17, 35)",4.65439395933587
"(2, 18, 34)",4.6516528620223045
"(2, 22, 34)",4.6516528620223045
"(2, 27, 34)",4.6516528620223045
"(2, 34, 36)",4.6516528620223045
"(2, 34, 46)",4.6516528620223045
"(18, 22, 34)",4.6516528620223045
"(18, 27, 34)",4.6516528620223045
"(18, 34, 36)",4.6516528620223045
"(18, 34, 46)",4.6516528620223045
"(22, 27, 34)",4.6516528620223045
"(22, 34, 36)",4.6516528620223045
"(22, 34, 46)",4.6516528620223045
"(27, 34, 36)",4.6516528620223045
"(27, 34, 46)",4.6516528620223045
"(34, 36, 46)",4.6516528620223045
"(16, 41, 45)",4.651195788612561
"(0, 11, 41)",4.64981838976086
"(12, 22, 26)",4.649636045641574
"(3, 25, 29)",4.649569673073756
"(9, 19, 41)",4.648867791959853
"(4, 11, 13)",4.64726048508933
"(30, 42, 45)",4.646144092134628
"(4, 6, 13)",4.646057232986044
"(2, 17, 19)",4.645840146257898
"(17, 18, 19)",4.645840146257898
"(17, 19, 27)",4.645840146257898
"(17, 19, 36)",4.645840146257898
"(17, 19, 46)",4.645840146257898
"(13, 32, 43)",4.643945089906309
"(6, 15, 36)",4.643430590121462
"(0, 7, 33)",4.642394919019248
"(0, 2, 9)",4.640830539331224
"(11, 18, 49)",4.64070357693601
"(40, 41)",4.640234426106974
"(6, 14, 34)",4.639726813578394
"(29, 32, 45)",4.639690082046693
"(6, 18, 49)",4.639500324832725
"(24, 39, 45)",4.638130013837973
"(33, 41, 44)",4.6371117876780685
"(19, 33, 45)",4.636553521620435
"(2, 43, 47)",4.63646938585797
"(31, 33, 46)",4.634049784055822
"(11, 33, 45)",4.633660576331307
"(15, 34, 42)",4.632418815759486
"(0, 15, 44)",4.630300532090609
"(13, 35, 44)",4.628914264212913
"(0, 28, 48)",4.628220738683148
"(6, 22, 39)",4.6268478090001235
"(30, 39, 40)",4.62661856387694
"(9, 10, 32)",4.62624654567966
"(0, 21, 33)",4.625176957322213
"(0, 2, 41)",4.624594485932517
"(0, 18, 41)",4.624594485932517
"(0, 22, 41)",4.624594485932517
"(0, 36, 41)",4.624594485932517
"(0, 41, 42)",4.624594485932517
"(10, 29, 43)",4.624250763002992
"(0, 4, 41)",4.624172082107577
"(10, 23, 44)",4.624090453988226
"(8, 17, 44)",4.622526723817646
"(5, 46, 47)",4.619062273914372
"(11, 26, 47)",4.616663801134371
"(6, 26, 47)",4.615460549031085
"(3, 15, 29)",4.615274043225183
"(1, 15, 18)",4.614176953868192
"(3, 24, 30)",4.614023805624494
"(17, 30, 35)",4.61357934572853
"(23, 29, 35)",4.61179840633643
"(25, 34, 40)",4.611519735999871
"(13, 40, 41)",4.611463726150336
"(0, 6, 36)",4.609234943935832
"(3, 29, 32)",4.608714162781814
"(41, 43, 47)",4.604568420694071
"(33, 42, 47)",4.604210252178023
"(0, 7, 15)",4.602753512617571
"(23, 32, 45)",4.60201275120246
"(21, 33, 39)",4.600590383464051
"(10, 26, 41)",4.599540710897711
"(10, 44, 45)",4.599434282175626
"(15, 17, 42)",4.597637719359456
"(3, 15, 19)",4.596075599125992
"(18, 33, 47)",4.592673510480381
"(2, 16, 23)",4.592129053544131
"(16, 18, 23)",4.592129053544131
"(16, 22, 23)",4.592129053544131
"(16, 23, 36)",4.592129053544131
"(16, 23, 46)",4.592129053544131
"(14, 28, 29)",4.591319565631227
"(15, 27, 41)",4.5875082324772185
"(4, 11, 29)",4.587239991414868
"(29, 35, 45)",4.58714223452383
"(0, 11, 15)",4.5865296097878625
"(4, 6, 29)",4.586036739311582
"(0, 6, 46)",4.585995692464337
"(2, 6, 11)",4.585729264609219
"(9, 30, 32)",4.58543193207232
"(0, 6, 15)",4.585326357684577
"(4, 21)",4.584968608387707
"(4, 9, 48)",4.584526338126995
"(29, 30, 43)",4.583436149395652
"(7, 38, 47)",4.583330354991864
"(23, 30, 44)",4.583275840380886
"(8, 36, 47)",4.580028956526491
"(0, 1, 18)",4.579981307682562
"(4, 7, 13)",4.577565310294698
"(9, 26)",4.576815237404254
"(4, 41, 48)",4.576435693127677
"(2, 15, 18)",4.575067225237118
"(2, 15, 22)",4.575067225237118
"(2, 15, 27)",4.575067225237118
"(2, 15, 36)",4.575067225237118
"(2, 15, 42)",4.575067225237118
"(2, 15, 46)",4.575067225237118
"(15, 18, 22)",4.575067225237118
"(15, 18, 27)",4.575067225237118
"(15, 18, 36)",4.575067225237118
"(15, 18, 42)",4.575067225237118
"(15, 18, 46)",4.575067225237118
"(15, 22, 27)",4.575067225237118
"(15, 22, 36)",4.575067225237118
"(15, 22, 42)",4.575067225237118
"(15, 22, 46)",4.575067225237118
"(15, 27, 36)",4.575067225237118
"(15, 27, 42)",4.575067225237118
"(15, 27, 46)",4.575067225237118
"(15, 36, 42)",4.575067225237118
"(15, 36, 46)",4.575067225237118
"(15, 42, 46)",4.575067225237118
"(9, 10, 35)",4.573698698156797
"(11, 28, 32)",4.572853170978703
"(26, 28, 38)",4.572597131859149
"(17, 37)",4.5722851507641025
"(17, 39, 41)",4.570324955318097
"(13, 45, 47)",4.569669207731839
"(6, 30, 40)",4.567840769678717
"(16, 18, 45)",4.567472881731531
"(16, 22, 45)",4.567472881731531
"(16, 36, 45)",4.567472881731531
"(16, 45, 46)",4.567472881731531
"(13, 17, 37)",4.5661642092550885
"(12, 22, 37)",4.5659207267024
"(32, 42, 45)",4.565150939695658
"(9, 18, 19)",4.565144885078824
"(9, 19, 27)",4.565144885078824
"(9, 19, 36)",4.565144885078824
"(9, 19, 42)",4.565144885078824
"(9, 19, 46)",4.565144885078824
"(0, 17, 42)",4.563442073173826
"(10, 43, 45)",4.561917260346159
"(3, 19, 25)",4.560639617833443
"(11, 30, 40)",4.559719652773094
"(26, 30, 41)",4.5587260972903705
"(30, 44, 45)",4.558619668568286
"(33, 40, 48)",4.556857591785963
"(0, 7, 16)",4.556748856693197
"(3, 29, 35)",4.556166315258951
"(13,)",4.5539223262370605
"(14, 23, 28)",4.5536422347869925
"(2, 33, 44)",4.553388880797038
"(22, 33, 44)",4.553388880797038
"(33, 36, 44)",4.553388880797038
"(33, 42, 44)",4.553388880797038
"(33, 44, 46)",4.553388880797038
"(0, 27, 41)",4.553312586291589
"(23, 28, 40)",4.5526063449023475
"(23, 35, 45)",4.5494649036795956
"(16, 31, 46)",4.5484037217297715
"(9, 16, 17)",4.546588976592454
"(0, 32, 33)",4.545794388778609
"(7, 17, 39)",4.544486519841526
"(1, 39, 47)",4.543560556223282
"(10, 22, 47)",4.543431616115875
"(0, 11, 48)",4.543205376562926
"(9, 14, 19)",4.54226368267138
"(0, 6, 48)",4.54200212445964
"(8, 9, 44)",4.541831462638572
"(0, 2, 18)",4.540871579051488
"(0, 2, 22)",4.540871579051488
"(0, 2, 27)",4.540871579051488
"(0, 2, 36)",4.540871579051488
"(0, 2, 42)",4.540871579051488
"(0, 18, 22)",4.540871579051488
"(0, 18, 27)",4.540871579051488
"(0, 18, 36)",4.540871579051488
"(0, 18, 42)",4.540871579051488
"(0, 22, 27)",4.540871579051488
"(0, 22, 36)",4.540871579051488
"(0, 22, 42)",4.540871579051488
"(0, 27, 36)",4.540871579051488
"(0, 27, 42)",4.540871579051488
"(0, 36, 42)",4.540871579051488
"(37, 43, 47)",4.540750962265729
"(0, 19, 21)",4.540434078987939
"(13, 26, 28)",4.54018477835983
"(1, 8, 29)",4.536851074153218
"(3, 24, 32)",4.533030653185524
"(9, 30, 35)",4.5328840845494565
"(17, 32, 35)",4.532586193289561
"(8, 24, 26)",4.531858277497007
"(14, 28, 45)",4.528986062974393
"(19, 30, 37)",4.528435006117701
"(13, 18, 40)",4.527740819269306
"(13, 22, 40)",4.527740819269306
"(13, 27, 40)",4.527740819269306
"(13, 36, 40)",4.527740819269306
"(13, 40, 42)",4.527740819269306
"(19, 31, 48)",4.524098372288864
"(7, 16, 44)",4.52358861924573
"(30, 43, 45)",4.521102646738819
"(19, 27, 31)",4.518184546309296
"(24, 28, 45)",4.5178447400613315
"(22, 33, 43)",4.515871858967571
"(33, 36, 43)",4.515871858967571
"(33, 42, 43)",4.515871858967571
"(33, 43, 46)",4.515871858967571
"(10, 37, 41)",4.515825391958535
"(2, 10, 26)",4.515817804016681
"(10, 18, 26)",4.515817804016681
"(10, 26, 27)",4.515817804016681
"(10, 26, 36)",4.515817804016681
"(10, 26, 42)",4.515817804016681
"(4, 7, 29)",4.514881086540363
"(18, 40)",4.514650065785429
"(22, 40)",4.514650065785429
"(27, 40)",4.514650065785429
"(36, 40)",4.514650065785429
"(40, 42)",4.514650065785429
"(40, 46)",4.514650065785429
"(11, 32, 49)",4.5140123848578355
"(26, 39, 40)",4.513507964964864
"(10, 24, 42)",4.512809865888953
"(35, 42, 45)",4.512603092172794
"(1, 37, 39)",4.511526508663012
"(0, 8, 34)",4.511135882012825
"(11, 41, 47)",4.510221389640995
"(17, 26, 29)",4.508377435244636
"(7, 10, 47)",4.505674226965953
"(6, 33, 44)",4.505221553934688
"(8, 9, 43)",4.504314440809105
"(19, 25, 34)",4.502548965105084
"(29, 32, 43)",4.502442996956683
"(23, 32, 44)",4.502282687941916
"(2, 9, 47)",4.501233539211359
"(1, 8, 23)",4.499173743308984
"(9, 42, 45)",4.497903542324179
"(0, 7, 21)",4.495415796939904
"(28, 40, 46)",4.495220429371323
"(4, 23, 48)",4.492921126373971
"(9, 39, 41)",4.489629694139023
"(22, 28, 40)",4.489297298951113
"(4, 19, 27)",4.489121507188775
"(28, 37, 38)",4.488881812919974
"(8, 26, 49)",4.4879120013415115
"(2, 17, 39)",4.486602048437067
"(17, 18, 39)",4.486602048437067
"(17, 22, 39)",4.486602048437067
"(17, 27, 39)",4.486602048437067
"(17, 36, 39)",4.486602048437067
"(17, 39, 46)",4.486602048437067
"(2, 41, 47)",4.484997485812652
"(18, 41, 47)",4.484997485812652
"(22, 41, 47)",4.484997485812652
"(36, 41, 47)",4.484997485812652
"(41, 46, 47)",4.484997485812652
"(3, 17, 40)",4.484997210416622
"(6, 28, 33)",4.484603218823483
"(4, 41, 47)",4.484575081987713
"(1, 19, 41)",4.481823837557123
"(3, 24, 35)",4.48048280566266
"(21, 28, 33)",4.48030510968741
"(28, 44, 48)",4.478668311370894
"(26, 32, 41)",4.4777329448514
"(32, 44, 45)",4.477626516129316
"(33, 39, 45)",4.477315423799604
"(2, 26, 30)",4.475003190409341
"(18, 26, 30)",4.475003190409341
"(26, 30, 42)",4.475003190409341
"(26, 30, 46)",4.475003190409341
"(1, 8, 45)",4.474517571496385
"(24, 30, 42)",4.471995252281613
"(11, 19, 22)",4.471449635298283
"(17, 23, 26)",4.470700104400402
"(29, 40, 41)",4.469961633200709
"(6, 36, 47)",4.469637943815967
"(7, 9, 13)",4.46935570061045
"(4, 45, 48)",4.468264954561372
"(1, 17, 33)",4.465191084515773
"(8, 16, 33)",4.463575748985993
"(19, 35, 36)",4.462390126095253
"(10, 43, 44)",4.4621871970856155
"(0, 16, 32)",4.460148326452558
"(7, 25, 38)",4.459359438709824
"(6, 38, 41)",4.459299058774715
"(1, 10, 32)",4.459202591276929
"(7, 30, 41)",4.458897530885631
"(4, 9, 21)",4.457266624250513
"(0, 21, 35)",4.456153077671893
"(11, 13, 26)",4.455169416239608
"(6, 13, 26)",4.453966164136323
"(8, 24, 35)",4.453659465538501
"(9, 32, 35)",4.451890932110487
"(17, 28, 41)",4.450039681541456
"(23, 35, 44)",4.449734840419053
"(26, 31, 48)",4.449459872326107
"(8, 24, 37)",4.448142958557833
"(28, 39, 43)",4.44811351440057
"(17, 26, 45)",4.446043932587803
"(8, 25, 38)",4.44592334157063
"(2, 19, 40)",4.44415440613366
"(17, 40, 48)",4.444032202331132
"(4, 8, 40)",4.443468637513352
"(25, 34, 35)",4.442427996612817
"(32, 43, 45)",4.440109494299849
"(25, 33, 34)",4.4378636201636725
"(3, 15, 39)",4.4368375013051615
"(4, 32, 40)",4.4343093029535146
"(11, 24, 45)",4.432829377941109
"(2, 10, 37)",4.432102485077506
"(10, 18, 37)",4.432102485077506
"(10, 27, 37)",4.432102485077506
"(10, 36, 37)",4.432102485077506
"(10, 37, 42)",4.432102485077506
"(7, 8, 24)",4.432029711092269
"(6, 24, 45)",4.431626125837823
"(16, 18, 43)",4.43022579664152
"(16, 22, 43)",4.43022579664152
"(16, 36, 43)",4.43022579664152
"(16, 43, 46)",4.43022579664152
"(14, 28, 44)",4.42925599971385
"(9, 26, 29)",4.427682174065563
"(7, 9)",4.4270723877971445
"(8, 13, 49)",4.426601418214621
"(35, 44, 45)",4.425078668606453
"(17, 29, 37)",4.424662116305462
"(7, 17, 28)",4.424201246064885
"(1, 28, 47)",4.423275282446641
"(30, 43, 44)",4.421372583478275
"(7, 19, 22)",4.4142719965700605
"(27, 41, 47)",4.413715586171723
"(11, 19, 46)",4.412538594698504
"(40, 41, 45)",4.407628130543877
"(1, 10, 35)",4.406654743754066
"(9, 18, 39)",4.405906787257993
"(9, 22, 39)",4.405906787257993
"(9, 27, 39)",4.405906787257993
"(9, 36, 39)",4.405906787257993
"(9, 39, 42)",4.405906787257993
"(9, 39, 46)",4.405906787257993
"(4, 36, 48)",4.404878265019637
"(3, 9, 40)",4.4043019492375475
"(8, 37, 49)",4.404196682402336
"(2, 18, 47)",4.4012745789316225
"(2, 22, 47)",4.4012745789316225
"(2, 27, 47)",4.4012745789316225
"(2, 36, 47)",4.4012745789316225
"(2, 46, 47)",4.4012745789316225
"(18, 22, 47)",4.4012745789316225
"(18, 27, 47)",4.4012745789316225
"(18, 36, 47)",4.4012745789316225
"(18, 46, 47)",4.4012745789316225
"(22, 27, 47)",4.4012745789316225
"(22, 36, 47)",4.4012745789316225
"(22, 46, 47)",4.4012745789316225
"(27, 36, 47)",4.4012745789316225
"(27, 46, 47)",4.4012745789316225
"(36, 46, 47)",4.4012745789316225
"(6, 16, 28)",4.398957156497432
"(1, 19, 27)",4.398100930676093
"(1, 19, 36)",4.398100930676093
"(1, 19, 42)",4.398100930676093
"(1, 19, 46)",4.398100930676093
"(4, 21, 23)",4.397614980357278
"(19, 28, 32)",4.397244997582007
"(28, 38, 46)",4.394606094241713
"(6, 21, 33)",4.394086495463902
"(32, 37, 41)",4.394017625912225
"(2, 26, 32)",4.394010037970371
"(18, 26, 32)",4.394010037970371
"(22, 26, 32)",4.394010037970371
"(26, 27, 32)",4.394010037970371
"(26, 32, 36)",4.394010037970371
"(26, 32, 42)",4.394010037970371
"(26, 32, 46)",4.394010037970371
"(11, 44, 48)",4.393652949250672
"(4, 13, 33)",4.391914438057093
"(14, 28, 43)",4.391738977884382
"(22, 28, 38)",4.391542143677581
"(1, 28, 37)",4.391241234886371
"(24, 32, 42)",4.391002099842643
"(9, 23, 26)",4.390004843221329
"(7, 8, 49)",4.388083434936772
"(8, 11, 16)",4.387332030382035
"(17, 23, 37)",4.386984785461228
"(18, 29, 40)",4.38623872631968
"(22, 29, 40)",4.38623872631968
"(27, 29, 40)",4.38623872631968
"(29, 40, 42)",4.38623872631968
"(29, 40, 46)",4.38623872631968
"(14, 33, 34)",4.385584018649443
"(0, 21, 30)",4.383763392339735
"(9, 14, 39)",4.383025584850549
"(16, 19, 27)",4.38256873461583
"(2, 28, 31)",4.381733060250108
"(0, 21, 39)",4.381195981167108
"(27, 40, 48)",4.38063603485586
"(1, 16, 17)",4.379545022189722
"(7, 32, 41)",4.377904378446661
"(2, 7, 30)",4.375174624004601
"(7, 18, 30)",4.375174624004601
"(7, 30, 42)",4.375174624004601
"(7, 30, 46)",4.375174624004601
"(1, 8, 44)",4.374787508235841
"(4, 21, 45)",4.372958808544679
"(9, 28, 41)",4.369344420362381
"(17, 18, 28)",4.366316774660426
"(17, 27, 28)",4.366316774660426
"(17, 28, 36)",4.366316774660426
"(14, 28, 36)",4.365262429637469
"(31, 39, 48)",4.364860274468033
"(16, 18, 24)",4.3638652112094345
"(6, 17, 41)",4.363821067317947
"(11, 39, 43)",4.363098152280348
"(17, 37, 45)",4.362328613648629
"(6, 39, 43)",4.361894900177062
"(26, 33, 47)",4.361317754102134
"(10, 19, 46)",4.359461501531884
"(27, 31, 39)",4.3589464484884655
"(19, 29, 36)",4.357198526355025
"(28, 33, 45)",4.357030150022963
"(0, 15, 32)",4.35655434820348
"(3, 29, 44)",4.350579410115294
"(21, 26, 35)",4.34838601154706
"(3, 24, 46)",4.346799581647719
"(8, 21, 30)",4.3465871604613096
"(17, 26, 44)",4.346313869327259
"(26, 28, 49)",4.3428999164434785
"(8, 13, 19)",4.342236984237373
"(13, 29)",4.341669186812621
"(2, 26, 35)",4.341462190447507
"(18, 26, 35)",4.341462190447507
"(22, 26, 35)",4.341462190447507
"(26, 27, 35)",4.341462190447507
"(26, 35, 42)",4.341462190447507
"(26, 35, 46)",4.341462190447507
"(32, 43, 44)",4.340379431039305
"(7, 11, 17)",4.339185883944663
"(24, 35, 42)",4.33845425231978
"(1, 11, 47)",4.3382599203264185
"(6, 7, 17)",4.337982631841377
"(1, 6, 47)",4.337056668223132
"(19, 23, 43)",4.337050417932162
"(11, 28, 46)",4.336045490637402
"(4, 29, 33)",4.331893944382631
"(0, 33, 46)",4.331852897535386
"(0, 15, 33)",4.331183562755626
"(4, 43, 48)",4.331017869471361
"(2, 6, 33)",4.330383217576982
"(4, 27, 39)",4.329883409367945
"(7, 9, 29)",4.327853607660823
"(14, 17, 20)",4.327656836417806
"(19, 22, 33)",4.326306267457788
"(1, 26)",4.326249305800157
"(14, 30, 36)",4.325066149836584
"(18, 40, 45)",4.323905223662846
"(22, 40, 45)",4.323905223662846
"(27, 40, 45)",4.323905223662846
"(36, 40, 45)",4.323905223662846
"(40, 45, 46)",4.323905223662846
"(1, 39, 41)",4.322585739736292
"(3, 15, 28)",4.31655222752852
"(2, 32, 37)",4.310294719031195
"(18, 32, 37)",4.310294719031195
"(22, 32, 37)",4.310294719031195
"(27, 32, 37)",4.310294719031195
"(32, 36, 37)",4.310294719031195
"(32, 37, 42)",4.310294719031195
"(32, 37, 46)",4.310294719031195
"(11, 22, 28)",4.309627796821342
"(40, 41, 44)",4.307898067283333
"(4, 13, 16)",4.306268375731042
"(1, 11, 37)",4.306225872766149
"(1, 6, 37)",4.3050226206628635
"(31, 40, 46)",4.304836063661087
"(30, 33, 40)",4.304373605740857
"(35, 36, 39)",4.303152028274423
"(9, 17, 40)",4.303021318523769
"(1, 7, 13)",4.302311746207719
"(14, 16, 34)",4.299937956323392
"(16, 18, 49)",4.299711467577723
"(16, 19, 29)",4.294967958670516
"(6, 8, 30)",4.294634890777418
"(19, 32, 49)",4.294622761928272
"(2, 7, 32)",4.294181471565631
"(7, 18, 32)",4.294181471565631
"(7, 27, 32)",4.294181471565631
"(7, 32, 36)",4.294181471565631
"(7, 32, 42)",4.294181471565631
"(7, 32, 46)",4.294181471565631
"(14, 26, 36)",4.2941186296028455
"(7, 9, 23)",4.29017627681659
"(28, 33, 46)",4.288132850458248
"(9, 18, 28)",4.285621513481352
"(9, 27, 28)",4.285621513481352
"(9, 28, 36)",4.285621513481352
"(9, 28, 42)",4.285621513481352
"(13, 23)",4.28515319054627
"(2, 39, 40)",4.284916308312829
"(1, 32, 35)",4.284846977707756
"(6, 9, 41)",4.283125806138874
"(22, 28, 33)",4.282009541819211
"(2, 11, 17)",4.281301412540204
"(11, 17, 18)",4.281301412540204
"(11, 17, 27)",4.281301412540204
"(11, 17, 36)",4.281301412540204
"(3, 25, 28)",4.281116246235971
"(6, 17, 18)",4.280098160436918
"(6, 17, 27)",4.280098160436918
"(6, 17, 46)",4.280098160436918
"(9, 19, 37)",4.277873701172741
"(4, 21, 36)",4.277618551143156
"(8, 35, 49)",4.2766965947250455
"(10, 13, 17)",4.275836362493015
"(16, 26, 47)",4.2756716917760835
"(40, 42, 47)",4.274996531783287
"(4, 21, 44)",4.273228745284135
"(1, 9, 19)",4.271450135454908
"(6, 33, 45)",4.270811535799455
"(1, 19, 43)",4.268284757553485
"(8, 33, 48)",4.268234220611694
"(2, 19, 45)",4.267248787510143
"(2, 28, 45)",4.266503428392886
"(9, 26, 44)",4.265618608148186
"(21, 35, 37)",4.264670692607885
"(17, 37, 44)",4.262598550388085
"(19, 27, 33)",4.26151775078767
"(0, 21, 28)",4.260910707390467
"(1, 26, 29)",4.260638219662831
"(28, 37, 49)",4.259184597504303
"(2, 35, 37)",4.257746871508332
"(18, 35, 37)",4.257746871508332
"(22, 35, 37)",4.257746871508332
"(27, 35, 37)",4.257746871508332
"(35, 37, 42)",4.257746871508332
"(35, 37, 46)",4.257746871508332
"(7, 28, 44)",4.254867488661568
"(11, 39, 46)",4.2533004968776735
"(26, 27, 31)",4.25268475560916
"(19, 23, 40)",4.252521904100371
"(0, 21, 32)",4.249216632525812
"(28, 30, 37)",4.248911634520229
"(7, 21, 35)",4.24855744514232
"(25, 26, 35)",4.248087980437989
"(0, 16, 46)",4.246206835209335
"(0, 15, 16)",4.245537500429576
"(2, 6, 16)",4.244737155250931
"(28, 31, 48)",4.244575000691392
"(7, 28, 49)",4.243071350038739
"(2, 7, 35)",4.241633624042768
"(7, 18, 35)",4.241633624042768
"(7, 27, 35)",4.241633624042768
"(7, 35, 42)",4.241633624042768
"(7, 35, 46)",4.241633624042768
"(16, 19, 22)",4.2406602051317375
"(2, 19, 31)",4.239835895994117
"(1, 22, 39)",4.238862832855262
"(1, 27, 39)",4.238862832855262
"(1, 36, 39)",4.238862832855262
"(1, 39, 42)",4.238862832855262
"(1, 39, 46)",4.238862832855262
"(27, 28, 31)",4.238661174711824
"(28, 32, 39)",4.238006899761176
"(1, 3, 40)",4.237257994834817
"(4, 21, 43)",4.235711723454668
"(13, 17, 30)",4.235021748885675
"(0, 26, 34)",4.234923027522439
"(9, 19, 33)",4.234138480891387
"(13, 23, 29)",4.233240809493574
"(3, 11, 15)",4.231536865408298
"(3, 6, 15)",4.230333613305012
"(9, 26, 43)",4.228101586318719
"(11, 27, 33)",4.22792442351014
"(8, 26, 39)",4.224884593790595
"(18, 40, 44)",4.224175160402303
"(22, 40, 44)",4.224175160402303
"(27, 40, 44)",4.224175160402303
"(36, 40, 44)",4.224175160402303
"(40, 42, 44)",4.224175160402303
"(40, 44, 46)",4.224175160402303
"(4, 41, 43)",4.223674230450466
"(16, 27, 39)",4.223330636795
"(25, 28, 34)",4.223025593507612
"(1, 23, 26)",4.222960888818598
"(9, 11, 33)",4.221260215697595
"(16, 30, 40)",4.218727543414806
"(8, 11, 35)",4.21502665786374
"(6, 28, 30)",4.210448231026374
"(14, 36, 37)",4.210403310663671
"(4, 27, 28)",4.209598135591303
"(11, 35, 40)",4.209048504076217
"(6, 11, 22)",4.2086031856412
"(8, 41)",4.207299369345572
"(11, 22, 39)",4.206628014794455
"(8, 30, 39)",4.205908014620476
"(33, 38, 41)",4.205156263845764
"(16, 28, 46)",4.202486788132197
"(1, 28, 41)",4.202300465959651
"(0, 16, 48)",4.202213267204638
"(9, 11, 18)",4.2006061513611295
"(9, 11, 27)",4.2006061513611295
"(9, 11, 36)",4.2006061513611295
"(9, 11, 42)",4.2006061513611295
"(10, 39, 46)",4.200223403711053
"(13, 26, 33)",4.199823369207371
"(6, 9, 18)",4.199402899257844
"(6, 9, 27)",4.199402899257844
"(6, 9, 42)",4.199402899257844
"(6, 9, 46)",4.199402899257844
"(10, 28, 38)",4.198553966157901
"(1, 26, 45)",4.198304717005998
"(29, 36, 39)",4.197960428534194
"(16, 22, 28)",4.196363479493161
"(3, 11, 25)",4.196100884115749
"(9, 10, 13)",4.195141101313941
"(3, 6, 25)",4.194897632012463
"(7, 14, 36)",4.194290063198107
"(2, 19, 43)",4.194060018594634
"(2, 28, 43)",4.191220517178035
"(16, 26, 33)",4.187362894495606
"(18, 40, 43)",4.186658138572835
"(22, 40, 43)",4.186658138572835
"(27, 40, 43)",4.186658138572835
"(36, 40, 43)",4.186658138572835
"(40, 42, 43)",4.186658138572835
"(40, 43, 46)",4.186658138572835
"(10, 30, 41)",4.184682931589122
"(8, 13, 39)",4.182998886416542
"(28, 35, 36)",4.182866754497781
"(8, 29, 41)",4.181338262026441
"(19, 35, 43)",4.180165398884867
"(3, 13, 29)",4.177608718416095
"(5, 19, 46)",4.176652906651035
"(6, 9, 14)",4.1765216968504
"(1, 7)",4.176506456193048
"(6, 40, 44)",4.176007833539953
"(0, 11, 21)",4.175895345270245
"(0, 6, 21)",4.174692093166959
"(4, 21, 27)",4.174593132963654
"(7, 11, 44)",4.169852126541346
"(25, 26, 38)",4.169710487080244
"(4, 8, 26)",4.169166161293655
"(6, 22, 33)",4.166201126071023
"(25, 35, 37)",4.164372661498815
"(11, 30, 37)",4.163896272400007
"(1, 19, 30)",4.1624314777031035
"(17, 31, 48)",4.16225626941027
"(19, 41, 43)",4.1621590534307344
"(7, 28, 38)",4.161400139838857
"(1, 7, 29)",4.1608096532580925
"(11, 31, 48)",4.15955963857117
"(6, 31, 48)",4.158356386467885
"(8, 10, 24)",4.15781511179576
"(28, 30, 38)",4.157739352550561
"(8, 17, 48)",4.155408831156864
"(11, 16, 32)",4.155135005707793
"(9, 13, 30)",4.154326487706601
"(13, 17, 32)",4.154028596446705
"(12, 22, 32)",4.153785113894016
"(11, 27, 31)",4.153645812591602
"(6, 27, 31)",4.152442560488316
"(0, 34, 37)",4.151207708583264
"(18, 19, 33)",4.150264143217044
"(7, 25, 35)",4.148259414033251
"(8, 23, 41)",4.143660931182207
"(11, 25, 34)",4.13801023138739
"(8, 19, 36)",4.1376195892631555
"(6, 25, 34)",4.136806979284104
"(10, 17)",4.136793380620992
"(1, 17, 40)",4.135977364121038
"(16, 29, 39)",4.135729860849685
"(32, 39, 49)",4.135384664107441
"(10, 17, 29)",4.1343342695433885
"(9, 33, 48)",4.132194263968629
"(29,)",4.129416047388181
"(7, 9, 43)",4.128273019913979
"(13, 19, 45)",4.127259840468502
"(11, 33, 46)",4.127009734958252
"(4, 11, 27)",4.124582773471081
"(4, 6, 27)",4.123379521367795
"(1, 7, 23)",4.123132322413858
"(11, 18, 33)",4.120307828266426
"(18, 24, 40)",4.12029755314075
"(16, 38, 41)",4.119510201519713
"(8, 41, 45)",4.1190047593696075
"(9, 37, 39)",4.11863560335191
"(1, 27, 28)",4.118577559078621
"(1, 28, 36)",4.118577559078621
"(1, 28, 42)",4.118577559078621
"(8, 24, 30)",4.117000498188419
"(1, 6, 41)",4.116081851736142
"(13, 16, 26)",4.11417730688132
"(8, 10, 49)",4.113868835640263
"(1, 9, 39)",4.112212037634078
"(4, 26, 37)",4.1117429882659415
"(11, 16, 26)",4.111119175891648
"(17, 33, 41)",4.109678272388996
"(31, 44, 48)",4.108067626364617
"(2, 39, 45)",4.108010689689312
"(33, 39, 43)",4.107752105248111
"(1, 37, 47)",4.1068418639760695
"(30, 37, 39)",4.104525874609995
"(10, 32, 41)",4.103689779150152
"(16, 33, 37)",4.1036475755564314
"(16, 27, 28)",4.103045363018358
"(27, 33, 39)",4.102279652966839
"(3, 13, 24)",4.101925208819805
"(13, 17, 35)",4.101480748923841
"(12, 22, 35)",4.101237266371152
"(2, 10, 30)",4.100960024708092
"(10, 18, 30)",4.100960024708092
"(10, 30, 42)",4.100960024708092
"(1, 26, 44)",4.098574653745454
"(13, 44)",4.098573837936556
"(1, 7, 45)",4.098476150601259
"(19, 37, 43)",4.098341595002393
"(8, 18, 29)",4.097615355145411
"(8, 22, 29)",4.097615355145411
"(8, 27, 29)",4.097615355145411
"(8, 29, 42)",4.097615355145411
"(8, 29, 46)",4.097615355145411
"(10, 17, 23)",4.096656938699154
"(17, 29, 30)",4.093519655936048
"(23, 39, 40)",4.0932838062795405
"(8, 27, 48)",4.092012663681592
"(16, 24, 45)",4.091837268582822
"(7, 16, 33)",4.087534328090867
"(25, 37, 38)",4.085995168141069
"(7, 17, 33)",4.083839836912426
"(1, 33, 47)",4.082913873294181
"(11, 22, 33)",4.081863031646355
"(8, 18)",4.081715009024027
"(8, 22)",4.081715009024027
"(8, 27)",4.081715009024027
"(8, 42)",4.081715009024027
"(8, 46)",4.081715009024027
"(2, 31, 39)",4.080597798173287
"(6, 16, 22)",4.080555063744972
"(1, 14, 20)",4.079917620836001
"(2, 11, 40)",4.079615672415966
"(1, 2, 19)",4.078961397251888
"(28, 29, 36)",4.077675154757553
"(17, 30)",4.075571460209982
"(9, 33, 39)",4.074900383070556
"(9, 13, 32)",4.07333333526763
"(8, 30, 49)",4.073054222032923
"(23, 29)",4.072900051121831
"(10, 17, 45)",4.072000766886555
"(13, 29, 43)",4.071337552590963
"(13, 23, 44)",4.071177243576197
"(21, 26, 30)",4.070374305970923
"(11, 19, 41)",4.067812022377659
"(28, 32, 40)",4.06486327997894
"(4, 9, 25)",4.063248565950426
"(30, 32, 41)",4.0628751655428115
"(8, 13, 28)",4.062713612639901
"(4, 13, 40)",4.0627007176623575
"(35, 37, 47)",4.060495112865617
"(8, 18, 23)",4.059938024301177
"(8, 22, 23)",4.059938024301177
"(8, 23, 27)",4.059938024301177
"(8, 23, 42)",4.059938024301177
"(8, 23, 46)",4.059938024301177
"(2, 9, 19)",4.0588241719480225
"(23, 28, 43)",4.05752704633469
"(14, 34, 40)",4.056370298254707
"(18, 40, 49)",4.056143809509038
"(17, 23, 30)",4.055842325091814
"(1, 2, 28)",4.055769766573057
"(9, 10, 29)",4.053639008364314
"(1, 33, 37)",4.050879825733912
"(6, 11, 46)",4.046796608877525
"(6, 30, 37)",4.045748080411771
"(7, 35, 47)",4.0443818654000525
"(2, 19, 41)",4.0425881185493155
"(18, 19, 41)",4.0425881185493155
"(19, 36, 41)",4.0425881185493155
"(19, 41, 42)",4.0425881185493155
"(19, 41, 46)",4.0425881185493155
"(13, 43)",4.042298305192354
"(4, 19, 41)",4.0421657147243755
"(2, 9, 28)",4.041751715944286
"(2, 6, 40)",4.037868631270393
"(8, 24, 32)",4.036007345749449
"(29, 45)",4.035915793402931
"(8, 18, 45)",4.035281852488578
"(8, 22, 45)",4.035281852488578
"(8, 27, 45)",4.035281852488578
"(8, 45, 46)",4.035281852488578
"(9, 14, 28)",4.034805402282521
"(7, 10, 38)",4.03404564204618
"(21, 35, 43)",4.033707983701108
"(1, 11, 27)",4.033562196958399
"(1, 11, 36)",4.033562196958399
"(1, 11, 42)",4.033562196958399
"(1, 6, 27)",4.032358944855113
"(1, 6, 42)",4.032358944855113
"(1, 6, 46)",4.032358944855113
"(26, 40, 47)",4.032104033707399
"(17, 30, 45)",4.031186153279215
"(23, 29, 45)",4.029405213887114
"(1, 10, 13)",4.028097146911209
"(11, 16, 37)",4.027403856952473
"(6, 19, 36)",4.027228576552631
"(2, 17, 33)",4.025955365507967
"(17, 22, 33)",4.025955365507967
"(17, 33, 36)",4.025955365507967
"(17, 33, 46)",4.025955365507967
"(0, 7, 8)",4.024557827450243
"(28, 35, 38)",4.024198352588727
"(16, 17, 41)",4.024032210062946
"(4, 7, 27)",4.02235017949221
"(16, 39, 43)",4.0221060429220605
"(9, 13, 35)",4.020785487744767
"(2, 10, 32)",4.019966872269122
"(10, 18, 32)",4.019966872269122
"(10, 27, 32)",4.019966872269122
"(10, 32, 36)",4.019966872269122
"(10, 32, 42)",4.019966872269122
"(8, 41, 44)",4.019274696109065
"(6, 26, 30)",4.018422036287031
"(5, 39, 46)",4.017414808830204
"(6, 16, 27)",4.01682674879485
"(23,)",4.01638405485548
"(19, 34, 42)",4.016216802190654
"(8, 31, 46)",4.016212692486819
"(9, 10, 23)",4.01596167752008
"(9, 10)",4.015750488852381
"(0, 34, 44)",4.015675155943325
"(16, 28, 29)",4.015444587073044
"(8, 9, 17)",4.014397947349501
"(9, 29, 30)",4.012824394756974
"(17, 29, 32)",4.012526503497078
"(7, 11, 16)",4.01129060948691
"(0, 7, 10)",4.0060762051772105
"(11, 16, 35)",4.0041158801695955
"(4, 29, 40)",4.002680223987896
"(0, 10, 46)",4.000656965239641
"(3, 23, 29)",3.998429294622234
"(9, 28, 37)",3.998350329575269
"(7, 16, 17)",3.998193774586375
"(1, 18, 19)",3.99797494029936
"(1, 16, 47)",3.9972678109681303
"(19, 22, 40)",3.9970925470630534
"(6, 10, 46)",3.9937195157109042
"(4, 23, 25)",3.993399451841342
"(4, 21, 41)",3.992777685323901
"(11, 29, 36)",3.9926597926373306
"(29, 42, 45)",3.9925434023803126
"(26, 33, 48)",3.9920213661213078
"(1, 9, 28)",3.9919267638574367
"(18, 33, 39)",3.9910260453962136
"(1, 28, 43)",3.988761385956013
"(8, 42, 47)",3.9863731606090194
"(3, 29)",3.9859735582247158
"(2, 26, 31)",3.98343565266581
"(27, 28, 33)",3.981994379190198
"(7, 38, 39)",3.9816828899076966
"(17, 19, 42)",3.981435705790624
"(38, 41, 43)",3.980879738783641
"(2, 6, 8)",3.9794595817174794
"(23, 45)",3.97939979713658
"(2, 30, 32)",3.979152258661782
"(18, 30, 32)",3.979152258661782
"(30, 32, 42)",3.979152258661782
"(30, 32, 46)",3.979152258661782
"(4, 25)",3.978528398866075
"(8, 36, 39)",3.978381491442325
"(8, 11, 13)",3.977698250519679
"(6, 8, 13)",3.9764949984163938
"(3, 15, 33)",3.9761908183760606
"(9, 23, 30)",3.9751470639127406
"(17, 23, 32)",3.974849172652844
"(10, 21, 35)",3.974342845845811
"(3, 29, 45)",3.973773122809635
"(11, 23, 43)",3.972511684214468
"(10, 17, 44)",3.9722707036260116
"(6, 23, 43)",3.971308432111183
"(19, 27, 41)",3.971306218908387
"(7, 21, 30)",3.9705457395661843
"(10, 28, 49)",3.96885675074223
"(4, 25, 45)",3.9687432800287423
"(13, 39, 45)",3.968021742647671
"(2, 10, 35)",3.967419024746259
"(10, 18, 35)",3.967419024746259
"(10, 27, 35)",3.967419024746259
"(10, 35, 42)",3.967419024746259
"(21, 33, 35)",3.9654376877345974
"(1, 16, 37)",3.965233763407861
"(13, 37, 41)",3.9629121815465065
"(17, 29, 35)",3.959978655974215
"(13, 24, 42)",3.959896655476924
"(2, 18, 19)",3.958865211668286
"(2, 19, 27)",3.958865211668286
"(2, 19, 36)",3.958865211668286
"(2, 19, 42)",3.958865211668286
"(2, 19, 46)",3.958865211668286
"(18, 19, 27)",3.958865211668286
"(18, 19, 36)",3.958865211668286
"(18, 19, 42)",3.958865211668286
"(18, 19, 46)",3.958865211668286
"(19, 27, 36)",3.958865211668286
"(19, 27, 42)",3.958865211668286
"(19, 27, 46)",3.958865211668286
"(19, 36, 42)",3.958865211668286
"(19, 36, 46)",3.958865211668286
"(19, 42, 46)",3.958865211668286
"(23, 42, 45)",3.9548660715360784
"(9, 28, 33)",3.954615109293915
"(9, 30)",3.954528568441371
"(17, 32)",3.954081731551527
"(17, 32, 45)",3.950193000840245
"(7, 13, 41)",3.946798934080942
"(9, 16, 41)",3.943336948883872
"(45,)",3.9424155394176807
"(10, 22, 39)",3.9417841510317064
"(2, 16, 17)",3.9403093031819156
"(16, 17, 18)",3.9403093031819156
"(16, 17, 22)",3.9403093031819156
"(16, 17, 36)",3.9403093031819156
"(16, 17, 46)",3.9403093031819156
"(25, 35, 43)",3.9374148606415136
"(8, 18, 44)",3.9355517892280343
"(8, 22, 44)",3.9355517892280343
"(8, 27, 44)",3.9355517892280343
"(8, 42, 44)",3.9355517892280343
"(8, 44, 46)",3.9355517892280343
"(9, 29, 32)",3.9318312423180046
"(17, 30, 44)",3.9314560900186715
"(42, 45)",3.9301719961415666
"(6, 16, 29)",3.9292259728495367
"(6, 32, 49)",3.928880776107292
"(28, 30, 49)",3.9280421371348897
"(0, 8, 32)",3.9279572972096046
"(2, 30, 35)",3.9266044111389187
"(18, 30, 35)",3.9266044111389187
"(30, 35, 42)",3.9266044111389187
"(30, 35, 46)",3.9266044111389187
"(4, 25, 27)",3.926227291946778
"(3, 23, 24)",3.9227457850259437
"(17, 23, 35)",3.9223013251299808
"(10, 14, 36)",3.920075463901598
"(1, 2, 39)",3.919723299431057
"(6, 7, 30)",3.9185934698822926
"(7, 33, 44)",3.9145060795091093
"(9, 11, 37)",3.913334967455047
"(6, 9, 37)",3.9121317153517614
"(13, 43, 44)",3.909273986673586
"(11, 39, 41)",3.908573924556828
"(30, 33, 37)",3.9085502253677693
"(33, 37, 48)",3.908306047182133
"(1, 9, 11)",3.9069114017372146
"(1, 13, 32)",3.9062893808648997
"(1, 6, 9)",3.905708149633929
"(26, 29, 41)",3.905125407536055
"(7, 10, 39)",3.9040267618817857
"(1, 11, 43)",3.903746023835791
"(2, 11, 45)",3.902710053792449
"(1, 6, 43)",3.9025427717325054
"(14, 17, 28)",3.9018224844247777
"(28, 35, 43)",3.9006420272873954
"(2, 9, 39)",3.8995860741271913
"(8, 18, 43)",3.898034767398567
"(8, 22, 43)",3.898034767398567
"(8, 27, 43)",3.898034767398567
"(8, 42, 43)",3.898034767398567
"(8, 43, 46)",3.898034767398567
"(13, 26, 47)",3.8978672453934875
"(17, 35, 45)",3.8976451533173813
"(6, 27, 33)",3.8957757649666904
"(9, 23, 32)",3.8941539114737704
"(21, 30, 33)",3.8930480024024394
"(7, 33, 48)",3.8921927997165686
"(9, 10, 44)",3.8915754424469373
"(3, 15, 16)",3.89054475605001
"(0, 46, 48)",3.888118740290564
"(11, 23, 40)",3.887983170382677
"(6, 8, 44)",3.8873844623656844
"(6, 23, 40)",3.8867799182793914
"(1, 10, 29)",3.8865950539615834
"(4, 25, 36)",3.883600492843068
"(2, 39, 41)",3.8833500207284852
"(18, 39, 41)",3.8833500207284852
"(22, 39, 41)",3.8833500207284852
"(36, 39, 41)",3.8833500207284852
"(39, 41, 42)",3.8833500207284852
"(39, 41, 46)",3.8833500207284852
"(4, 39, 41)",3.882927616903545
"(1, 28, 30)",3.8829081061056314
"(28, 41, 43)",3.8826356818332624
"(3, 40, 41)",3.88174518270804
"(9, 29, 35)",3.879283394795141
"(17, 26, 48)",3.879195976666477
"(2, 13, 37)",3.8791892746654764
"(13, 18, 37)",3.8791892746654764
"(13, 22, 37)",3.8791892746654764
"(13, 27, 37)",3.8791892746654764
"(13, 36, 37)",3.8791892746654764
"(13, 37, 42)",3.8791892746654764
"(28, 46, 49)",3.8780070245144893
"(38, 40, 41)",3.8759425434510284
"(2, 11, 31)",3.875297162276423
"(17, 35)",3.8752599602672317
"(22, 28, 49)",3.8749430739503565
"(10, 25, 35)",3.8740448147367417
"(18, 28, 33)",3.8707407716195723
"(13, 26, 40)",3.8706096488126356
"(3, 24)",3.8695517357362084
"(4, 25, 44)",3.8690132167681988
"(6, 9, 33)",3.868396495070407
"(6, 36, 39)",3.8679904787317994
"(29, 43, 45)",3.867501956984503
"(23, 26, 41)",3.867448076691821
"(23, 44, 45)",3.867341647969737
"(6, 8, 28)",3.866766127254479
"(26, 37, 39)",3.864956420361034
"(24, 42, 46)",3.8640840223454687
"(2, 7, 13)",3.863076027199912
"(7, 13, 18)",3.863076027199912
"(7, 13, 27)",3.863076027199912
"(7, 13, 36)",3.863076027199912
"(7, 13, 42)",3.863076027199912
"(1, 33, 41)",3.8619390568071914
"(0, 10, 34)",3.8608798618211906
"(9, 16, 18)",3.8596140420028417
"(9, 16, 22)",3.8596140420028417
"(9, 16, 36)",3.8596140420028417
"(9, 16, 46)",3.8596140420028417
"(8, 28, 36)",3.8580962176656834
"(34, 39, 42)",3.8569787043698236
"(3, 16, 25)",3.8551087747574613
"(9, 10, 43)",3.85405842061747
"(1, 13, 35)",3.853741533342036
"(21, 32, 35)",3.8525350797995013
"(9, 30, 44)",3.850760828839597
"(17, 32, 44)",3.8504629375797013
"(1, 10, 23)",3.8489177231173493
"(7, 26, 39)",3.8488431728954695
"(24, 40, 45)",3.848269610514137
"(13, 28, 45)",3.84773646887103
"(1, 8, 17)",3.8473539929467693
"(31, 46, 48)",3.8465318796154095
"(2, 32, 35)",3.8456112586999485
"(18, 32, 35)",3.8456112586999485
"(22, 32, 35)",3.8456112586999485
"(27, 32, 35)",3.8456112586999485
"(32, 35, 42)",3.8456112586999485
"(32, 35, 46)",3.8456112586999485
"(26, 41, 45)",3.8427919048792214
"(33, 35, 36)",3.842505345345322
"(7, 38, 44)",3.8418670603511718
"(9, 23, 35)",3.8416060639509073
"(1, 18, 39)",3.838736842478529
"(13, 26, 39)",3.838151623439117
"(6, 7, 44)",3.8375114755298187
"(6, 22, 40)",3.836987405676288
"(9, 14, 16)",3.836732839595398
"(3, 29, 43)",3.836526037719624
"(0, 16, 21)",3.8349032359119573
"(25, 30, 35)",3.8332302011294015
"(9, 32)",3.8330388397829163
"(4, 25, 43)",3.8314961949387314
"(42, 44, 45)",3.8304798364629358
"(29, 43)",3.8300451657679146
"(7, 30, 39)",3.82986659372535
"(23, 44)",3.8298047022457653
"(2, 11, 43)",3.8295212848769395
"(2, 33, 40)",3.824269625383729
"(1, 10, 45)",3.8242615513047498
"(16, 30, 37)",3.8229041630417187
"(17, 39, 42)",3.8221976079697932
"(4, 10, 26)",3.821415141503868
"(29, 37, 41)",3.82141008859688
"(2, 26, 29)",3.821402500655025
"(18, 26, 29)",3.821402500655025
"(22, 26, 29)",3.821402500655025
"(26, 27, 29)",3.821402500655025
"(26, 29, 42)",3.821402500655025
"(26, 29, 46)",3.821402500655025
"(0, 30, 34)",3.8200652482138504
"(28, 37, 43)",3.8188182234049206
"(16, 31, 48)",3.8185675292128822
"(24, 29, 42)",3.8183945625272973
"(26, 27, 48)",3.8157998091912058
"(6, 35, 43)",3.8144234130638877
"(10, 16, 33)",3.813319728794358
"(9, 30, 43)",3.8132438070101298
"(27, 39, 41)",3.8120681210875564
"(5, 6, 46)",3.8109109208300547
"(21, 33, 40)",3.8107299801402155
"(40, 44, 48)",3.8090931818237004
"(7, 29, 41)",3.8052968411313155
"(0, 17, 48)",3.800045511293922
"(2, 18, 39)",3.799627113847455
"(2, 22, 39)",3.799627113847455
"(2, 27, 39)",3.799627113847455
"(2, 36, 39)",3.799627113847455
"(2, 39, 42)",3.799627113847455
"(2, 39, 46)",3.799627113847455
"(18, 22, 39)",3.799627113847455
"(18, 27, 39)",3.799627113847455
"(18, 36, 39)",3.799627113847455
"(18, 39, 42)",3.799627113847455
"(18, 39, 46)",3.799627113847455
"(22, 27, 39)",3.799627113847455
"(22, 36, 39)",3.799627113847455
"(22, 39, 42)",3.799627113847455
"(22, 39, 46)",3.799627113847455
"(27, 36, 39)",3.799627113847455
"(27, 39, 42)",3.799627113847455
"(27, 39, 46)",3.799627113847455
"(36, 39, 42)",3.799627113847455
"(36, 39, 46)",3.799627113847455
"(39, 42, 46)",3.799627113847455
"(3, 24, 44)",3.798359549952801
"(14, 32, 36)",3.798267697855288
"(3, 18, 40)",3.7980222758270097
"(3, 22, 40)",3.7980222758270097
"(3, 27, 40)",3.7980222758270097
"(3, 36, 40)",3.7980222758270097
"(3, 40, 42)",3.7980222758270097
"(3, 40, 46)",3.7980222758270097
"(17, 35, 44)",3.797915090056838
"(1, 11, 30)",3.7978927439854093
"(16, 25, 34)",3.7970181220291015
"(6, 41, 43)",3.7964170676097546
"(11, 33, 41)",3.796289684055845
"(10, 25, 38)",3.7956673213789953
"(17, 37, 48)",3.7954806577273024
"(4, 8, 37)",3.794917092909522
"(28, 35, 49)",3.7945011371730564
"(26, 41)",3.7929800876099917
"(42, 43, 45)",3.792962814633468
"(44, 45)",3.792820444526866
"(11, 28, 41)",3.7882886507801867
"(18, 33, 48)",3.7873131607576678
"(4, 32, 37)",3.7857577583496846
"(6, 18, 33)",3.7845221573960646
"(7, 10, 28)",3.7837414881051443
"(23, 37, 41)",3.783732757752646
"(2, 23, 26)",3.7837251698107908
"(18, 23, 26)",3.7837251698107908
"(22, 23, 26)",3.7837251698107908
"(23, 26, 27)",3.7837251698107908
"(23, 26, 36)",3.7837251698107908
"(23, 26, 42)",3.7837251698107908
"(23, 26, 46)",3.7837251698107908
"(23, 24, 42)",3.780717231683063
"(4, 26, 30)",3.780600527896528
"(17, 40, 41)",3.7804645519942612
"(4, 26, 32)",3.7788406905469083
"(2, 14, 28)",3.7786770745083547
"(39, 40, 43)",3.7785383848533756
"(1, 22, 33)",3.7782161499261613
"(1, 33, 36)",3.7782161499261613
"(1, 33, 42)",3.7782161499261613
"(1, 33, 46)",3.7782161499261613
"(21, 33, 45)",3.7779038634998345
"(28, 32, 33)",3.7773602168320752
"(7, 11, 38)",3.7763822540108327
"(1, 16, 41)",3.7762929944811408
"(6, 7, 38)",3.775179001907547
"(2, 31, 45)",3.7743850464168327
"(8, 11, 36)",3.7730808555454614
"(16, 30, 33)",3.772505115187018
"(10, 35, 47)",3.7701672661035435
"(9, 32, 44)",3.769767676400628
"(8, 14, 34)",3.7677469270804385
"(7, 23, 41)",3.7676195102870818
"(14, 34, 36)",3.7661182494548147
"(1, 10)",3.7651845572482845
"(1, 29, 32)",3.764787287915273
"(18, 28, 41)",3.763064746951844
"(28, 36, 41)",3.763064746951844
"(28, 41, 42)",3.763064746951844
"(11, 13, 45)",3.7627211067508077
"(4, 28, 41)",3.762642343126904
"(22, 30, 33)",3.762607841707704
"(6, 13, 45)",3.761517854647522
"(3, 24, 43)",3.7608425281233338
"(37, 41, 45)",3.7590765859400466
"(18, 26, 45)",3.7590689979981913
"(22, 26, 45)",3.7590689979981913
"(26, 27, 45)",3.7590689979981913
"(26, 36, 45)",3.7590689979981913
"(26, 45, 46)",3.7590689979981913
"(4, 8, 32)",3.7583117802074257
"(4, 18, 27)",3.7576549924792464
"(16, 35, 36)",3.7568592830192715
"(4, 8, 35)",3.7551344900415784
"(25, 30, 38)",3.754852707771655
"(7, 17, 40)",3.754626116517691
"(9, 35)",3.754217068498621
"(1, 40, 47)",3.753700152899446
"(25, 32, 35)",3.7522370486904313
"(27, 30, 48)",3.750692794988809
"(0, 7, 26)",3.748344972959857
"(35, 43, 47)",3.746579072367779
"(4, 17, 21)",3.7457952299950636
"(4, 25, 41)",3.7444118443070256
"(8, 26, 47)",3.7434806625331305
"(26, 41, 44)",3.743061841618678
"(7, 41, 45)",3.7429633384744823
"(10, 33, 46)",3.739576720781953
"(2, 16, 40)",3.7386235630576783
"(9, 17, 26)",3.7381850928591143
"(2, 29, 37)",3.7376871817158497
"(18, 29, 37)",3.7376871817158497
"(22, 29, 37)",3.7376871817158497
"(27, 29, 37)",3.7376871817158497
"(29, 37, 42)",3.7376871817158497
"(29, 37, 46)",3.7376871817158497
"(29, 33, 36)",3.7373137456050936
"(10, 11, 16)",3.7370760101904006
"(28, 34, 42)",3.7366934305931823
"(43, 45)",3.7365449117826643
"(11, 37, 43)",3.7338028612846985
"(6, 37, 43)",3.732599609181413
"(9, 32, 43)",3.73225065457116
"(27, 37, 48)",3.7320844902520305
"(30, 35, 47)",3.7293526524962033
"(26, 30, 39)",3.7283473974880623
"(1, 23, 32)",3.727109957071039
"(1, 10, 44)",3.7245314880442066
"(14, 20, 41)",3.7244048087092243
"(21, 30, 35)",3.7240241227521196
"(12, 13, 22)",3.7226796695282967
"(8, 13, 33)",3.722352203487442
"(1, 37, 40)",3.7216661053391764
"(2, 7, 29)",3.7215739342502854
"(7, 18, 29)",3.7215739342502854
"(7, 27, 29)",3.7215739342502854
"(7, 29, 42)",3.7215739342502854
"(7, 29, 46)",3.7215739342502854
"(1, 18, 28)",3.7184515687018878
"(9, 35, 44)",3.717219828877764
"(23, 33, 43)",3.717165637182231
"(7, 27, 48)",3.715971242786466
"(2, 5, 46)",3.7151905249152866
"(5, 36, 46)",3.7151905249152866
"(1, 2, 11)",3.7144226635341937
"(0, 8, 46)",3.714015805966382
"(0, 8, 15)",3.713346471186622
"(0, 34, 46)",3.7131524795746973
"(16, 33, 44)",3.712567868491557
"(1, 29, 35)",3.71223944039241
"(8, 19, 22)",3.708469175888785
"(43, 44, 45)",3.7054383910671262
"(1, 32, 45)",3.70245378525844
"(6, 11, 41)",3.702070036556679
"(17, 28, 42)",3.701912334193152
"(2, 23, 37)",3.700009850871616
"(18, 23, 37)",3.700009850871616
"(22, 23, 37)",3.700009850871616
"(23, 27, 37)",3.700009850871616
"(23, 36, 37)",3.700009850871616
"(23, 37, 42)",3.700009850871616
"(23, 37, 46)",3.700009850871616
"(9, 40, 41)",3.6997692908151874
"(7, 10, 11)",3.6987261259849222
"(19, 22, 30)",3.6982288351255685
"(6, 7, 10)",3.697522873881636
"(17, 18, 40)",3.696741645113231
"(17, 22, 40)",3.696741645113231
"(17, 27, 40)",3.696741645113231
"(17, 36, 40)",3.696741645113231
"(17, 40, 46)",3.696741645113231
"(10, 21, 30)",3.6963311402696752
"(11, 16, 30)",3.69626139658306
"(2, 9, 11)",3.694285438230328
"(1, 16, 22)",3.6925700876001106
"(1, 16, 36)",3.6925700876001106
"(1, 16, 46)",3.6925700876001106
"(27, 28, 41)",3.691782847310915
"(16, 28, 32)",3.6917141545060246
"(16, 32, 33)",3.6915119627480477
"(33, 40, 45)",3.6874550204757686
"(1, 30, 47)",3.687037622788213
"(8, 30, 40)",3.686536514171853
"(0, 34, 35)",3.6865242482520175
"(2, 7, 23)",3.6838966034060516
"(7, 18, 23)",3.6838966034060516
"(7, 23, 27)",3.6838966034060516
"(7, 23, 36)",3.6838966034060516
"(7, 23, 42)",3.6838966034060516
"(7, 23, 46)",3.6838966034060516
"(18, 27, 28)",3.6793418400708138
"(18, 28, 36)",3.6793418400708138
"(18, 28, 42)",3.6793418400708138
"(27, 28, 36)",3.6793418400708138
"(27, 28, 42)",3.6793418400708138
"(28, 36, 42)",3.6793418400708138
"(16, 22, 30)",3.6769617793816534
"(6, 18, 41)",3.676846132728336
"(6, 41, 42)",3.676846132728336
"(6, 41, 46)",3.676846132728336
"(4, 6, 41)",3.676423728903396
"(18, 37, 45)",3.6753536790590164
"(22, 37, 45)",3.6753536790590164
"(27, 37, 45)",3.6753536790590164
"(36, 37, 45)",3.6753536790590164
"(37, 45, 46)",3.6753536790590164
"(32, 33, 49)",3.6747379811783407
"(1, 23, 35)",3.6745621095481757
"(25, 32, 38)",3.673859555332686
"(10, 13, 41)",3.672584334784433
"(25, 38, 41)",3.6718345253713833
"(8, 28, 46)",3.670295758889244
"(0, 8, 48)",3.6700222379616854
"(2, 31, 43)",3.669191141323174
"(37, 41)",3.6674071092012297
"(2, 26)",3.6673957272884468
"(18, 26)",3.6673957272884468
"(22, 26)",3.6673957272884468
"(26, 27)",3.6673957272884468
"(26, 36)",3.6673957272884468
"(26, 42)",3.6673957272884468
"(26, 46)",3.6673957272884468
"(0, 7, 37)",3.664629654020682
"(8, 22, 28)",3.6641724502502075
"(7, 17, 38)",3.6630784695764675
"(6, 11, 36)",3.662689842834936
"(24, 42)",3.6604149741767698
"(37, 41, 44)",3.6593465226795034
"(2, 26, 44)",3.659338934737648
"(18, 26, 44)",3.659338934737648
"(22, 26, 44)",3.659338934737648
"(26, 27, 44)",3.659338934737648
"(26, 36, 44)",3.659338934737648
"(26, 42, 44)",3.659338934737648
"(26, 44, 46)",3.659338934737648
"(7, 18, 45)",3.659240431593452
"(7, 27, 45)",3.659240431593452
"(7, 36, 45)",3.659240431593452
"(7, 45, 46)",3.659240431593452
"(11, 32, 35)",3.6591363606470955
"(24, 42, 44)",3.6563309966099204
"(31, 37, 46)",3.6562845190572575
"(1, 14, 28)",3.6540832688429727
"(10, 16, 46)",3.653930658455902
"(27, 41, 48)",3.6539245244678664
"(0, 26, 32)",3.6517444427192185
"(11, 34, 42)",3.65167806847296
"(6, 34, 42)",3.6504748163696745
"(1, 35, 45)",3.6499059377355763
"(1, 33, 43)",3.648399976803554
"(17, 42, 48)",3.6483696344429544
"(32, 35, 47)",3.648359500057233
"(11, 16, 44)",3.6471642124386614
"(4, 26, 35)",3.6470595279346947
"(13, 28, 38)",3.6456407557458714
"(6, 10, 30)",3.6443788705857836
"(11, 26, 35)",3.6442122784115627
"(7, 41)",3.643237238002883
"(44,)",3.643225349636051
"(2, 14, 20)",3.640681901828194
"(14, 18, 20)",3.640681901828194
"(14, 20, 22)",3.640681901828194
"(14, 20, 27)",3.640681901828194
"(14, 20, 42)",3.640681901828194
"(14, 20, 46)",3.640681901828194
"(7, 31, 46)",3.640171271591693
"(16, 33, 35)",3.638964115225184
"(8, 13, 16)",3.6367061411613912
"(0, 7, 17)",3.635109032707498
"(1, 11, 18)",3.6334362065816657
"(23, 33, 40)",3.63263712335044
"(1, 6, 18)",3.63223295447838
"(13, 30, 41)",3.631769721177093
"(16, 23, 43)",3.6315195748561804
"(37, 42, 47)",3.626444987179458
"(18, 26, 43)",3.6218219129081803
"(22, 26, 43)",3.6218219129081803
"(26, 27, 43)",3.6218219129081803
"(26, 36, 43)",3.6218219129081803
"(26, 42, 43)",3.6218219129081803
"(26, 43, 46)",3.6218219129081803
"(2, 31, 33)",3.619951115244186
"(8, 24, 42)",3.6189031253992052
"(24, 42, 43)",3.618813974780453
"(10, 33, 48)",3.6179782004200596
"(11, 17, 42)",3.61689697207293
"(9, 18, 40)",3.6160463839341572
"(9, 22, 40)",3.6160463839341572
"(9, 27, 40)",3.6160463839341572
"(9, 36, 40)",3.6160463839341572
"(9, 40, 42)",3.6160463839341572
"(9, 40, 46)",3.6160463839341572
"(6, 17, 42)",3.615693719969644
"(6, 26, 44)",3.611171607875298
"(7, 42, 47)",3.6103317397138937
"(8, 24, 46)",3.6096518694068838
"(18, 27, 48)",3.6058692981647744
"(6, 27, 41)",3.6055642330874074
"(1, 32, 44)",3.6027237219978963
"(6, 28, 44)",3.599144044428327
"(2, 11, 18)",3.5943264779505917
"(2, 11, 27)",3.5943264779505917
"(2, 11, 36)",3.5943264779505917
"(2, 11, 42)",3.5943264779505917
"(11, 18, 27)",3.5943264779505917
"(11, 18, 36)",3.5943264779505917
"(11, 18, 42)",3.5943264779505917
"(11, 27, 36)",3.5943264779505917
"(11, 27, 42)",3.5943264779505917
"(11, 36, 42)",3.5943264779505917
"(1, 4, 48)",3.5933621604299515
"(9, 14, 40)",3.5931651815267136
"(6, 18, 27)",3.593123225847306
"(6, 18, 42)",3.593123225847306
"(6, 18, 46)",3.593123225847306
"(6, 27, 42)",3.593123225847306
"(6, 27, 46)",3.593123225847306
"(6, 42, 46)",3.593123225847306
"(4, 7, 41)",3.5927429028494133
"(6, 26, 28)",3.5905532727640925
"(16, 32, 49)",3.58909191885229
"(2, 10, 13)",3.588861427903403
"(10, 13, 18)",3.588861427903403
"(10, 13, 27)",3.588861427903403
"(10, 13, 36)",3.588861427903403
"(10, 13, 42)",3.588861427903403
"(8, 38, 41)",3.58731917227676
"(43, 44)",3.5869498168918494
"(21, 35, 36)",3.5869218027632437
"(7, 40, 44)",3.585292359114374
"(11, 35, 41)",3.5851078217272643
"(1, 32)",3.5824729081788194
"(13, 17, 29)",3.581421059131359
"(12, 22, 29)",3.5811775765786704
"(10, 19, 22)",3.577780098052546
"(30, 33, 48)",3.5771635868127194
"(2, 37, 44)",3.575623615798473
"(18, 37, 44)",3.575623615798473
"(22, 37, 44)",3.575623615798473
"(27, 37, 44)",3.575623615798473
"(36, 37, 44)",3.575623615798473
"(37, 42, 44)",3.575623615798473
"(37, 44, 46)",3.575623615798473
"(31, 40, 48)",3.5749998711441977
"(10, 26, 39)",3.5746285735989605
"(21, 30, 32)",3.5745233742233653
"(2, 33, 43)",3.5741752378447025
"(9, 16, 37)",3.5723428580967593
"(1, 17, 26)",3.571141138456383
"(16, 34, 42)",3.5695929412354688
"(27, 31, 40)",3.56908604516463
"(0, 32, 37)",3.568029123780044
"(1, 9, 16)",3.565919292378927
"(8, 36, 49)",3.5657981759534234
"(1, 16, 43)",3.5627539144775033
"(2, 16, 45)",3.5617179444341613
"(11, 35, 37)",3.5604969594723874
"(33, 35, 43)",3.5602806181349362
"(6, 28, 32)",3.5588588377557757
"(5, 33, 46)",3.5567681259011033
"(10, 30, 39)",3.555651994428841
"(18, 24, 26)",3.5554613274760944
"(13, 32, 41)",3.5507765687381228
"(1, 35, 44)",3.550175874475033
"(6, 8, 22)",3.5483640345020193
"(10, 28, 46)",3.548338751362708
"(2, 13, 30)",3.548046814296063
"(13, 18, 30)",3.548046814296063
"(13, 30, 42)",3.548046814296063
"(16, 23, 40)",3.5469910610243893
"(7, 11, 35)",3.544383712006823
"(13, 17, 23)",3.543743728287125
"(12, 22, 23)",3.5435002457344362
"(26, 39, 44)",3.5433311608728193
"(1, 30, 33)",3.542546696953172
"(33, 41, 43)",3.542274272680803
"(2, 37)",3.5418227488796847
"(18, 37)",3.5418227488796847
"(22, 37)",3.5418227488796847
"(27, 37)",3.5418227488796847
"(36, 37)",3.5418227488796847
"(37, 42)",3.5418227488796847
"(37, 46)",3.5418227488796847
"(4, 27, 40)",3.540023006044109
"(22, 28, 30)",3.53640699664863
"(2, 16, 31)",3.5343050529181355
"(1, 40, 41)",3.5327253364124562
"(37, 39, 43)",3.531692772493216
"(10, 29, 41)",3.5310822418348065
"(43,)",3.530674284147648
"(26, 35, 47)",3.527631325896362
"(6, 37, 44)",3.527456288936123
"(6, 30, 32)",3.522571104539473
"(8, 21, 33)",3.522106608965947
"(7, 18, 43)",3.521993346503441
"(7, 27, 43)",3.521993346503441
"(7, 36, 43)",3.521993346503441
"(7, 42, 43)",3.521993346503441
"(7, 43, 46)",3.521993346503441
"(7, 33, 38)",3.5210362069785957
"(8, 44, 48)",3.520469810649432
"(8, 32, 49)",3.519934693335632
"(12, 22, 45)",3.5188440739218367
"(8, 33, 36)",3.5177348085132243
"(2, 7)",3.517652877681338
"(7, 18)",3.517652877681338
"(7, 27)",3.517652877681338
"(7, 36)",3.517652877681338
"(7, 42)",3.517652877681338
"(7, 46)",3.517652877681338
"(7, 22, 36)",3.5176519281060656
"(1, 21, 30)",3.5170728764424375
"(35, 36, 40)",3.513291624950587
"(30, 39, 44)",3.511412755937791
"(6, 28, 37)",3.5068379538249177
"(10, 17, 48)",3.505152810965229
"(4, 8, 10)",3.504589246147449
"(28, 29, 38)",3.5041386627962448
"(1, 35)",3.5036511368945242
"(9, 13, 29)",3.500725797952285
"(17, 33, 48)",3.498880968365507
"(1, 4, 21)",3.4980560144132586
"(32, 33, 48)",3.4961704343737496
"(4, 10, 32)",3.4954299115876113
"(10, 23, 41)",3.4934049109905727
"(8, 17, 41)",3.4918411808199927
"(14, 26, 34)",3.491534072590052
"(18, 26, 49)",3.4913075838443834
"(6, 7, 28)",3.4907247063593534
"(25, 35, 36)",3.4906286797036485
"(16, 33, 45)",3.4904873026781686
"(29, 30, 41)",3.4902676282274663
"(8, 39, 43)",3.489915013679107
"(2, 16, 43)",3.488529175518652
"(11, 16, 29)",3.4829917689595575
"(10, 22, 33)",3.481137468102606
"(33, 37, 43)",3.4784568142524614
"(16, 35, 43)",3.4746345558088856
"(8, 24, 45)",3.4731684724422762
"(18, 24, 37)",3.47174600853692
"(5, 16, 46)",3.4711220635750526
"(31, 36, 46)",3.4709307827125633
"(2, 8, 40)",3.470820826792638
"(6, 30, 35)",3.4700232570166096
"(10, 41, 45)",3.468748739177973
"(2, 13, 32)",3.4670536618570926
"(13, 18, 32)",3.4670536618570926
"(13, 22, 32)",3.4670536618570926
"(13, 27, 32)",3.4670536618570926
"(13, 32, 36)",3.4670536618570926
"(13, 32, 42)",3.4670536618570926
"(23, 28, 38)",3.466461331952011
"(7, 8, 17)",3.466002745343422
"(1, 8, 47)",3.4650767817251773
"(17, 30, 48)",3.464338197357889
"(4, 8, 30)",3.4637746325401086
"(11, 40, 46)",3.463440093553838
"(8, 24, 29)",3.4633998084341036
"(9, 13, 23)",3.463048467108051
"(1, 2, 33)",3.4590766165019566
"(1, 16, 30)",3.4569006346271216
"(16, 41, 43)",3.4566282103547525
"(7, 22, 28)",3.455948554532523
"(7, 18, 24)",3.4556327610713558
"(4, 30, 32)",3.454615297980271
"(26, 32, 39)",3.4528208075526505
"(23, 30, 41)",3.4525902973832325
"(30, 37, 40)",3.450011356233508
"(1, 22, 40)",3.449002429531426
"(1, 27, 40)",3.449002429531426
"(1, 36, 40)",3.449002429531426
"(1, 40, 42)",3.449002429531426
"(1, 40, 46)",3.449002429531426
"(2, 10, 29)",3.4473593349537763
"(10, 18, 29)",3.4473593349537763
"(10, 27, 29)",3.4473593349537763
"(10, 29, 42)",3.4473593349537763
"(33, 44, 48)",3.4446923253198554
"(33, 35, 48)",3.443622586850886
"(7, 10, 33)",3.443380078952685
"(28, 38, 45)",3.4418051601394115
"(10, 27, 48)",3.441756643489957
"(0, 26, 46)",3.4378029514759953
"(0, 15, 26)",3.437133616696236
"(2, 6, 26)",3.436333271517592
"(9, 14, 34)",3.4356612220998657
"(7, 16, 38)",3.435390144652545
"(30, 32, 39)",3.4338442283825312
"(16, 27, 40)",3.4334702334711635
"(1, 8, 37)",3.433042734164908
"(19, 22, 26)",3.4322563213983983
"(8, 16, 36)",3.4320887461871736
"(30, 41, 45)",3.427934125570633
"(8, 23, 24)",3.4257224775898694
"(0, 27, 48)",3.4250938026937483
"(2, 33, 41)",3.4227033377993847
"(22, 33, 41)",3.4227033377993847
"(33, 36, 41)",3.4227033377993847
"(33, 41, 42)",3.4227033377993847
"(33, 41, 46)",3.4227033377993847
"(4, 33, 41)",3.4222809339744447
"(13, 16, 45)",3.42172899739252
"(13, 21, 35)",3.421429635433782
"(8, 29, 49)",3.419453532278607
"(13, 17, 44)",3.4193574932139823
"(12, 22, 44)",3.4191140106612936
"(11, 22, 40)",3.416767611470619
"(10, 22, 28)",3.415958259575605
"(13, 28, 49)",3.4159435403302005
"(2, 13, 35)",3.4145058143342295
"(13, 18, 35)",3.4145058143342295
"(13, 22, 35)",3.4145058143342295
"(13, 27, 35)",3.4145058143342295
"(13, 35, 42)",3.4145058143342295
"(4, 13, 37)",3.4141491730585276
"(8, 9, 41)",3.411145919640919
"(10, 40, 46)",3.4103630003872176
"(26, 30, 40)",3.410323659681466
"(2, 10, 23)",3.4096820041095426
"(10, 18, 23)",3.4096820041095426
"(10, 23, 27)",3.4096820041095426
"(10, 23, 36)",3.4096820041095426
"(10, 23, 42)",3.4096820041095426
"(29, 32, 41)",3.4092744757884965
"(8, 17, 18)",3.4081182739389626
"(8, 17, 22)",3.4081182739389626
"(8, 17, 27)",3.4081182739389626
"(8, 17, 46)",3.4081182739389626
"(29, 36, 40)",3.4081000252103584
"(14, 34, 37)",3.407818753650877
"(21, 22, 30)",3.407732826056913
"(18, 37, 49)",3.407592264905208
"(6, 33, 36)",3.407343795802699
"(2, 29, 30)",3.406544721346436
"(18, 29, 30)",3.406544721346436
"(29, 30, 42)",3.406544721346436
"(29, 30, 46)",3.406544721346436
"(16, 17, 42)",3.4063388583851983
"(17, 23, 29)",3.4022416353374982
"(26, 35, 39)",3.400272960029787
"(8, 33, 45)",3.3988316493015
"(0, 7, 32)",3.398130315800542
"(33, 34, 42)",3.396332021440723
"(10, 16, 22)",3.3954914057765553
"(26, 28, 46)",3.394082904398858
"(0, 26, 48)",3.3938093834712983
"(16, 29, 33)",3.393564951117361
"(8, 13, 40)",3.3931384830927067
"(16, 37, 43)",3.392810751926411
"(7, 14, 34)",3.3917055061853127
"(7, 18, 49)",3.391479017439644
"(22, 26, 28)",3.387959595759821
"(10, 18, 45)",3.385025832296943
"(10, 27, 45)",3.385025832296943
"(10, 36, 45)",3.385025832296943
"(26, 37, 47)",3.383552489103569
"(17, 32, 48)",3.3833450449189186
"(8, 23, 49)",3.381776201434373
"(12, 22, 43)",3.381596988831826
"(30, 35, 39)",3.3812963808596677
"(17, 29, 45)",3.377585463524899
"(28, 38, 41)",3.3738752265004166
"(1, 2, 16)",3.373430554175906
"(23, 32, 41)",3.3715971449442628
"(10, 41, 44)",3.36901867591743
"(2, 23, 30)",3.3688673905022024
"(18, 23, 30)",3.3688673905022024
"(23, 30, 42)",3.3688673905022024
"(23, 30, 46)",3.3688673905022024
"(7, 26, 47)",3.367439241638005
"(13, 14, 36)",3.3671622534895684
"(9, 10, 17)",3.3641419271578656
"(0, 32, 44)",3.363211044985097
"(17, 33, 42)",3.3615509250406927
"(2, 8, 31)",3.359495998422644
"(3, 8, 15)",3.358353726807057
"(7, 10, 16)",3.3577340166266345
"(8, 45, 49)",3.3571200296217736
"(4, 29, 37)",3.354128679384066
"(0, 37, 46)",3.3540876325368205
"(0, 15, 37)",3.3534182977570612
"(2, 9, 16)",3.35329332887204
"(2, 6, 37)",3.352617952578417
"(19, 22, 37)",3.3485410024592235
"(32, 41, 45)",3.346940973131663
"(3, 17, 29)",3.3466095442600197
"(16, 29, 40)",3.34586945752585
"(32, 40, 49)",3.3455242607836055
"(18, 30, 45)",3.344211218689603
"(30, 45, 46)",3.344211218689603
"(28, 38, 44)",3.342075096878868
"(4, 17, 25)",3.341579701479127
"(6, 7, 22)",3.341107464476026
"(35, 39, 43)",3.340467884838739
"(17, 23, 45)",3.339908132680665
"(2, 31, 48)",3.339102257567067
"(2, 22, 33)",3.3389804309183546
"(2, 33, 36)",3.3389804309183546
"(2, 33, 42)",3.3389804309183546
"(2, 33, 46)",3.3389804309183546
"(22, 33, 36)",3.3389804309183546
"(22, 33, 42)",3.3389804309183546
"(22, 33, 46)",3.3389804309183546
"(33, 36, 42)",3.3389804309183546
"(33, 36, 46)",3.3389804309183546
"(33, 42, 46)",3.3389804309183546
"(9, 13, 44)",3.338662232034908
"(2, 16, 41)",3.337057275473334
"(16, 18, 41)",3.337057275473334
"(16, 22, 41)",3.337057275473334
"(16, 36, 41)",3.337057275473334
"(16, 41, 46)",3.337057275473334
"(4, 16, 41)",3.336634871648394
"(2, 6, 7)",3.3365047051128527
"(10, 42, 47)",3.3361171404173846
"(1, 13, 29)",3.333681843549554
"(0, 7, 30)",3.3334871936512687
"(17, 35, 48)",3.3307971973960555
"(9, 37, 40)",3.328775200028075
"(30, 41, 44)",3.32820406231009
"(8, 9, 18)",3.3274230127598887
"(8, 9, 22)",3.3274230127598887
"(8, 9, 27)",3.3274230127598887
"(8, 9, 42)",3.3274230127598887
"(8, 9, 46)",3.3274230127598887
"(2, 29, 32)",3.3255515689074664
"(18, 29, 32)",3.3255515689074664
"(22, 29, 32)",3.3255515689074664
"(27, 29, 32)",3.3255515689074664
"(29, 32, 42)",3.3255515689074664
"(29, 32, 46)",3.3255515689074664
"(30, 31, 46)",3.325142058687844
"(9, 17, 30)",3.323327313550526
"(3, 8, 25)",3.3229177455145082
"(1, 9, 40)",3.3223516343102424
"(6, 16, 36)",3.321697733476648
"(9, 23, 29)",3.321546374158425
"(13, 25, 35)",3.3211316043247123
"(4, 32, 35)",3.3210742980184382
"(27, 32, 48)",3.319948877443647
"(1, 40, 43)",3.319186256408819
"(9, 33, 45)",3.318901503236499
"(2, 9, 31)",3.316430606921532
"(6, 10, 22)",3.314933648395463
"(1, 43, 47)",3.3137332625287073
"(27, 33, 40)",3.312419249643004
"(26, 38, 41)",3.3111063177863738
"(7, 30, 40)",3.310495093276727
"(28, 37, 46)",3.310367585459683
"(0, 37, 48)",3.310094064532124
"(0, 13, 34)",3.3079666514091617
"(18, 28, 49)",3.307881583232886
"(13, 17)",3.307423565002948
"(12, 22)",3.3050587279064345
"(28, 38, 43)",3.3045580750494006
"(8, 9, 14)",3.3045418103524447
"(22, 28, 37)",3.304244276820646
"(0, 8, 21)",3.3027122066690042
"(8, 24, 44)",3.3013362425167267
"(9, 13, 43)",3.3011452102054406
"(35, 36, 47)",3.2997928914299135
"(14, 28, 41)",3.298570456716196
"(27, 38, 41)",3.297377372594397
"(7, 8, 44)",3.2966689879401057
"(1, 13, 23)",3.29600451270532
"(30, 42, 47)",3.2953025268100444
"(7, 28, 46)",3.2942543379941185
"(1, 16, 18)",3.292444097223378
"(8, 30, 37)",3.2907131337987656
"(2, 23, 32)",3.2878742380632326
"(18, 23, 32)",3.2878742380632326
"(22, 23, 32)",3.2878742380632326
"(23, 27, 32)",3.2878742380632326
"(23, 32, 36)",3.2878742380632326
"(23, 32, 42)",3.2878742380632326
"(23, 32, 46)",3.2878742380632326
"(8, 31, 48)",3.286376499969929
"(2, 10, 44)",3.2852957690363995
"(10, 18, 44)",3.2852957690363995
"(10, 27, 44)",3.2852957690363995
"(10, 36, 44)",3.2852957690363995
"(10, 42, 44)",3.2852957690363995
"(9, 33, 40)",3.2850399797467205
"(24, 26, 45)",3.283433384849482
"(8, 27, 31)",3.2804626739903613
"(21, 29, 35)",3.2799275424841556
"(6, 8, 36)",3.278416969190132
"(0, 10, 32)",3.27770127701797
"(4, 26, 29)",3.276775249417518
"(0, 15, 46)",3.2756945038973604
"(28, 29, 49)",3.274441447380574
"(2, 29, 35)",3.273003721384603
"(18, 29, 35)",3.273003721384603
"(22, 29, 35)",3.273003721384603
"(27, 29, 35)",3.273003721384603
"(29, 35, 42)",3.273003721384603
"(29, 35, 46)",3.273003721384603
"(6, 22, 26)",3.2721511800116327
"(3, 17, 24)",3.2709260346637294
"(10, 11, 35)",3.270169112710314
"(27, 35, 48)",3.2674010299207836
"(3, 9, 29)",3.265914283080946
"(8, 25, 34)",3.2648270927861485
"(8, 24, 43)",3.2638192206872594
"(18, 32, 45)",3.2632180662506327
"(22, 32, 45)",3.2632180662506327
"(27, 32, 45)",3.2632180662506327
"(32, 36, 45)",3.2632180662506327
"(32, 45, 46)",3.2632180662506327
"(13, 16, 33)",3.2604065183823283
"(10, 11, 46)",3.2579376279101218
"(8, 44, 49)",3.25738996636123
"(4, 8, 29)",3.256246339078035
"(2, 16, 18)",3.253334368592304
"(2, 16, 22)",3.253334368592304
"(2, 16, 36)",3.253334368592304
"(2, 16, 46)",3.253334368592304
"(16, 18, 22)",3.253334368592304
"(16, 18, 36)",3.253334368592304
"(16, 18, 46)",3.253334368592304
"(16, 22, 36)",3.253334368592304
"(16, 22, 46)",3.253334368592304
"(16, 36, 46)",3.253334368592304
"(10, 18, 43)",3.247778747206932
"(10, 27, 43)",3.247778747206932
"(10, 36, 43)",3.247778747206932
"(10, 42, 43)",3.247778747206932
"(32, 41, 44)",3.2472109098711197
"(21, 26, 33)",3.24589375447556
"(2, 30, 44)",3.2444811554290593
"(18, 30, 44)",3.2444811554290593
"(30, 42, 44)",3.2444811554290593
"(30, 44, 46)",3.2444811554290593
"(2, 8, 45)",3.244266366565422
"(26, 44, 48)",3.2442569561590453
"(31, 32, 46)",3.244148906248874
"(1, 8, 41)",3.2441019652381877
"(1, 2, 31)",3.243047435432937
"(13, 25, 38)",3.242754110966967
"(9, 17, 32)",3.2423341611115557
"(21, 23, 35)",3.242250211639922
"(17, 23, 44)",3.2401780694201214
"(6, 10, 44)",3.2371284421740496
"(0, 30, 32)",3.2368866634106297
"(23, 28, 49)",3.23676411653634
"(2, 23, 35)",3.235326390540369
"(18, 23, 35)",3.235326390540369
"(22, 23, 35)",3.235326390540369
"(23, 27, 35)",3.235326390540369
"(23, 35, 42)",3.235326390540369
"(23, 35, 46)",3.235326390540369
"(10, 41)",3.2319153390581192
"(35, 40, 43)",3.231066897740201
"(11, 30, 35)",3.229354499102974
"(5, 40, 46)",3.227554405506368
"(37, 38, 41)",3.2273909988471985
"(11, 22, 30)",3.2257160805082523
"(9, 21, 33)",3.2228814648888777
"(13, 26, 37)",3.2220581042088057
"(8, 43, 49)",3.2198729445317626
"(1, 18, 49)",3.218741555394615
"(21, 35, 45)",3.217594039827322
"(13, 35, 47)",3.217254055691514
"(6, 10, 28)",3.2165101070628443
"(17, 26, 41)",3.215628326329606
"(17, 44, 45)",3.2155218976075224
"(14, 18, 28)",3.214847549835166
"(14, 27, 28)",3.214847549835166
"(14, 28, 42)",3.214847549835166
"(32, 42, 47)",3.2143093743710747
"(40, 41, 43)",3.213060552286068
"(28, 45, 49)",3.2121079447237406
"(18, 35, 45)",3.2106702187277696
"(22, 35, 45)",3.2106702187277696
"(27, 35, 45)",3.2106702187277696
"(35, 45, 46)",3.2106702187277696
"(18, 30, 43)",3.206964133599592
"(30, 42, 43)",3.206964133599592
"(30, 43, 46)",3.206964133599592
"(7, 13, 26)",3.2059448567432414
"(8, 13, 26)",3.202535085375181
"(18, 33, 40)",3.201165642072378
"(0, 7, 35)",3.1999461936894353
"(24, 37, 45)",3.1997180659103073
"(1, 10, 17)",3.1970979727551345
"(7, 38, 40)",3.191822486583861
"(31, 35, 46)",3.191601058726011
"(3, 9, 24)",3.1902307734846556
"(8, 35, 43)",3.1899876119301727
"(7, 17, 26)",3.189789890853036
"(9, 17, 35)",3.1897863135886926
"(0, 34, 42)",3.1896090360697675
"(28, 38)",3.1887744897490764
"(8, 36, 40)",3.188521088118489
"(6, 22, 37)",3.188435861072458
"(14, 23, 36)",3.1879828296957085
"(17, 42, 47)",3.1865997435973976
"(9, 13)",3.1863806732343374
"(11, 13, 16)",3.184162799778371
"(7, 24, 45)",3.183604818444743
"(10, 18, 24)",3.1814181617748467
"(25, 29, 35)",3.1796295113750856
"(13, 40, 45)",3.1781613393238355
"(8, 11, 46)",3.1748167223795694
"(1, 13, 44)",3.1716182776321773
"(30, 41)",3.170693418647109
"(2, 8, 43)",3.1689834553505714
"(0, 21, 46)",3.168356788219692
"(0, 29, 34)",3.166464558459535
"(2, 32, 44)",3.1634880029900896
"(18, 32, 44)",3.1634880029900896
"(22, 32, 44)",3.1634880029900896
"(27, 32, 44)",3.1634880029900896
"(32, 36, 44)",3.1634880029900896
"(32, 42, 44)",3.1634880029900896
"(32, 44, 46)",3.1634880029900896
"(14, 36, 45)",3.1633266578831085
"(21, 33, 37)",3.1621784355363856
"(37, 44, 48)",3.1605416372198705
"(1, 8, 22)",3.1603790583571576
"(1, 8, 27)",3.1603790583571576
"(1, 8, 42)",3.1603790583571576
"(1, 8, 46)",3.1603790583571576
"(9, 29, 43)",3.1596431172558144
"(8, 28, 32)",3.1595231252630716
"(9, 23, 44)",3.159482808241048
"(13, 31, 46)",3.158312466999885
"(1, 26, 37)",3.1568298796745218
"(1, 23, 29)",3.1545024197556932
"(2, 4, 48)",3.1541264414221444
"(4, 18, 48)",3.1541264414221444
"(4, 22, 48)",3.1541264414221444
"(4, 42, 48)",3.1541264414221444
"(4, 46, 48)",3.1541264414221444
"(10, 22, 40)",3.1519237477078708
"(27, 31, 41)",3.1508350930449076
"(37, 40, 43)",3.1492430938577263
"(7, 21, 33)",3.1460651880708213
"(9, 33, 37)",3.1448692463377528
"(8, 16, 27)",3.144846862296895
"(35, 41, 43)",3.144772249923351
"(8, 22, 30)",3.1447707501387003
"(13, 21, 30)",3.143417929857646
"(23, 25, 35)",3.141952180530852
"(18, 24, 30)",3.1406035481675065
"(23, 39, 43)",3.1403098677611223
"(9, 26, 41)",3.1349330651505327
"(17, 37, 41)",3.1319130073904313
"(2, 17, 26)",3.131905419448576
"(17, 18, 26)",3.131905419448576
"(17, 22, 26)",3.131905419448576
"(17, 26, 27)",3.131905419448576
"(17, 26, 36)",3.131905419448576
"(17, 26, 46)",3.131905419448576
"(1, 29, 45)",3.129846247943094
"(0, 23, 34)",3.128787227615301
"(8, 11, 22)",3.1281442402963506
"(8, 24)",3.126769865678759
"(18, 32, 43)",3.1259709811606218
"(22, 32, 43)",3.1259709811606218
"(27, 32, 43)",3.1259709811606218
"(32, 36, 43)",3.1259709811606218
"(32, 42, 43)",3.1259709811606218
"(32, 43, 46)",3.1259709811606218
"(4, 10, 13)",3.1238213262964543
"(26, 33, 45)",3.1226187948111135
"(8, 10, 46)",3.121739629212949
"(11, 40, 41)",3.1187135212329924
"(21, 35, 44)",3.1178639765667784
"(10, 14, 34)",3.1174909068888037
"(25, 35, 45)",3.1172960087182524
"(10, 18, 49)",3.117264418143135
"(4, 9, 26)",3.1156860773181307
"(6, 32, 44)",3.115320676127739
"(7, 10, 40)",3.11416635855795
"(7, 39, 43)",3.1138735927839813
"(28, 44, 49)",3.112377881463197
"(2, 35, 44)",3.110940155467226
"(18, 35, 44)",3.110940155467226
"(22, 35, 44)",3.110940155467226
"(27, 35, 44)",3.110940155467226
"(35, 42, 44)",3.110940155467226
"(35, 44, 46)",3.110940155467226
"(2, 10)",3.1063309787365743
"(10, 18)",3.1063309787365743
"(10, 27)",3.1063309787365743
"(10, 36)",3.1063309787365743
"(10, 42)",3.1063309787365743
"(7, 17, 37)",3.106074571913861
"(10, 11, 22)",3.105267343435229
"(0, 34, 45)",3.1041310558027018
"(0, 32, 35)",3.103345663448797
"(18, 27, 31)",3.1027798667418143
"(2, 6, 45)",3.1021712451945187
"(25, 29, 38)",3.10125201801734
"(3, 15, 44)",3.0995294971518534
"(8, 23, 43)",3.0993285456132273
"(1, 3, 29)",3.0988703286782147
"(17, 29)",3.0951704255785084
"(5, 30, 46)",3.094759555784588
"(1, 4, 25)",3.093840485897322
"(18, 40, 41)",3.0934896174046496
"(22, 40, 41)",3.0934896174046496
"(36, 40, 41)",3.0934896174046496
"(40, 41, 42)",3.0934896174046496
"(40, 41, 46)",3.0934896174046496
"(10, 26, 47)",3.0932246423414957
"(11, 35, 43)",3.0932210516052314
"(4, 40, 41)",3.0930672135797095
"(0, 44, 46)",3.0925458334265223
"(1, 23, 45)",3.09216891709886
"(6, 13, 30)",3.091465660173754
"(4, 23, 26)",3.089322507297978
"(1, 7, 47)",3.0890353608300516
"(4, 13, 30)",3.083006712689114
"(3, 15, 26)",3.0821408723166703
"(16, 23, 33)",3.081227094588468
"(6, 36, 40)",3.0781300754079637
"(14, 30, 34)",3.0766762932814635
"(18, 30, 49)",3.0764498045357946
"(29, 35, 47)",3.0757519627418874
"(1, 17, 32)",3.0752902067088246
"(28, 43, 49)",3.0748608596337297
"(34, 40, 42)",3.067118301045988
"(13, 33, 48)",3.0650649900080302
"(4, 26, 45)",3.064666335485379
"(4, 10, 29)",3.0638008326219923
"(14, 36, 44)",3.0635965946225654
"(23, 25, 38)",3.063574687173106
"(0, 10, 15)",3.0630904509949874
"(6, 35, 44)",3.062772828604876
"(8, 49)",3.0623755225966907
"(2, 6, 10)",3.0622901058163436
"(18, 24, 32)",3.0596103957285363
"(2, 4, 21)",3.058820295405452
"(4, 18, 21)",3.058820295405452
"(4, 21, 22)",3.058820295405452
"(4, 21, 42)",3.058820295405452
"(4, 21, 46)",3.058820295405452
"(8, 16, 29)",3.0572460863515816
"(1, 7, 37)",3.057001313269782
"(35, 38, 41)",3.0564632255822315
"(1, 42, 45)",3.0553071055920586
"(26, 30, 47)",3.0524100287341556
"(9, 18, 26)",3.0512101582695026
"(9, 22, 26)",3.0512101582695026
"(9, 26, 27)",3.0512101582695026
"(9, 26, 36)",3.0512101582695026
"(9, 26, 42)",3.0512101582695026
"(9, 26, 46)",3.0512101582695026
"(32, 41)",3.049203689988654
"(2, 9, 45)",3.04889198878983
"(1, 18, 40)",3.0488764391546934
"(9, 24, 42)",3.048202220141775
"(2, 17, 37)",3.048190100509401
"(17, 18, 37)",3.048190100509401
"(17, 22, 37)",3.048190100509401
"(17, 27, 37)",3.048190100509401
"(17, 36, 37)",3.048190100509401
"(17, 37, 46)",3.048190100509401
"(3, 25, 26)",3.046704891024122
"(2, 30)",3.045109058325564
"(18, 30)",3.045109058325564
"(30, 42)",3.045109058325564
"(30, 46)",3.045109058325564
"(6, 28, 35)",3.042154493493671
"(8, 9, 37)",3.0401518288538063
"(25, 38, 45)",3.0389185153605065
"(33, 37, 45)",3.0389034758719387
"(17, 23)",3.0386544293121576
"(23, 35, 47)",3.0380746318976533
"(10, 30, 40)",3.036280493980218
"(7, 9, 41)",3.035104498745793
"(1, 8, 9)",3.033728263135974
"(1, 2, 8)",3.0335327047455936
"(17, 40, 42)",3.0323372046459576
"(1, 8, 43)",3.0305628852345503
"(1, 9, 47)",3.030225240947868
"(6, 35, 36)",3.028927439767077
"(9, 14, 26)",3.0283289558620585
"(0, 21, 26)",3.026499352178618
"(14, 36, 43)",3.0260795727930976
"(8, 27, 33)",3.0237958784687353
"(1, 3, 24)",3.0231868190819244
"(4, 29, 30)",3.0229862190146526
"(0, 30, 46)",3.022945172167407
"(7, 33, 45)",3.0227902284063743
"(1, 17, 35)",3.022742359185961
"(0, 15, 30)",3.0222758373876477
"(27, 40, 41)",3.0222077177637208
"(7, 26, 44)",3.020456133449719
"(0, 10, 48)",3.0197662177700506
"(2, 8, 9)",3.0195146541168225
"(25, 35, 44)",3.017565945457709
"(8, 23, 40)",3.0148000317814363
"(26, 30, 37)",3.014500279308379
"(35, 45, 47)",3.013418460085054
"(18, 22, 40)",3.0097667105236194
"(18, 27, 40)",3.0097667105236194
"(18, 36, 40)",3.0097667105236194
"(18, 40, 42)",3.0097667105236194
"(18, 40, 46)",3.0097667105236194
"(22, 27, 40)",3.0097667105236194
"(22, 36, 40)",3.0097667105236194
"(22, 40, 42)",3.0097667105236194
"(22, 40, 46)",3.0097667105236194
"(27, 36, 40)",3.0097667105236194
"(27, 40, 42)",3.0097667105236194
"(27, 40, 46)",3.0097667105236194
"(36, 40, 42)",3.0097667105236194
"(36, 40, 46)",3.0097667105236194
"(40, 42, 46)",3.0097667105236194
"(18, 24, 35)",3.0070625482056728
"(11, 16, 23)",3.0049833759845104
"(13, 30, 39)",3.002738784016812
"(21, 29, 30)",3.0019158369080197
"(17, 45)",3.001670171593258
"(3, 15, 37)",2.9984255533774955
"(9, 43, 44)",2.9975795513384376
"(2, 6, 43)",2.99697734010086
"(8, 9, 33)",2.996416608572452
"(14, 32, 34)",2.9956831408424938
"(1, 23, 44)",2.9924388538383164
"(6, 30, 44)",2.989222786955755
"(25, 26, 34)",2.988614238295762
"(3, 7, 15)",2.982312305911931
"(11, 16, 45)",2.980327204171911
"(18, 27, 49)",2.9797188790747646
"(28, 30, 46)",2.9792251250902693
"(0, 30, 48)",2.9789516041627104
"(13, 29, 41)",2.978169031422777
"(4, 27, 30)",2.975013848392571
"(9, 29)",2.974127533809898
"(26, 32, 47)",2.9714168762951854
"(1, 26, 41)",2.967889110747801
"(1, 44, 45)",2.9677826820257174
"(0, 34, 43)",2.966883970712691
"(4, 13, 32)",2.966651605992043
"(4, 26, 44)",2.9649362722248354
"(17, 43, 48)",2.9646312985068826
"(21, 23, 30)",2.9642385060637855
"(3, 25, 37)",2.962989572084947
"(1, 30, 39)",2.9611178789007613
"(27, 30, 31)",2.959325825271384
"(8, 18, 24)",2.9527080006106057
"(13, 17, 48)",2.9522396005531997
"(7, 9, 18)",2.951381591864763
"(7, 9, 27)",2.951381591864763
"(7, 9, 36)",2.951381591864763
"(7, 9, 42)",2.951381591864763
"(7, 9, 46)",2.951381591864763
"(6, 29, 30)",2.9499635672241276
"(4, 13, 35)",2.9494657127272808
"(26, 35, 36)",2.948455399285932
"(3, 7, 25)",2.9468763246193825
"(26, 39, 43)",2.94381170395732
"(14, 34, 35)",2.9431352933196306
"(18, 35, 49)",2.9429088045739613
"(0, 21, 37)",2.9427840332394433
"(13, 23, 41)",2.9404917005785434
"(2, 6, 32)",2.9404823397700337
"(21, 30, 45)",2.939582334251186
"(25, 38, 44)",2.9391884520999634
"(5, 8, 46)",2.9389310343320996
"(10, 38, 41)",2.937063152085125
"(7, 37, 44)",2.9367408145105443
"(19, 22, 32)",2.9364053896508397
"(24, 42, 45)",2.9362256035895107
"(4, 26, 36)",2.9360380042107743
"(1, 13)",2.9358147416302405
"(9, 16, 33)",2.935464904067211
"(7, 11, 22)",2.9346644892674205
"(21, 27, 33)",2.933668885636469
"(10, 13, 26)",2.9317302574467323
"(2, 26, 40)",2.930219679324339
"(7, 9, 14)",2.928500389457319
"(4, 26, 43)",2.927419250395368
"(31, 37, 48)",2.926448326540368
"(1, 8, 30)",2.9247096053841686
"(8, 41, 43)",2.9244371811117995
"(2, 32)",2.923619329667109
"(18, 32)",2.923619329667109
"(22, 32)",2.923619329667109
"(27, 32)",2.923619329667109
"(32, 36)",2.923619329667109
"(32, 42)",2.923619329667109
"(32, 46)",2.923619329667109
"(29, 33, 48)",2.923562897058404
"(27, 31, 37)",2.9205345005608
"(16, 33, 43)",2.9193238376858575
"(9, 23)",2.917611537543547
"(7, 30, 37)",2.91467171290364
"(30, 32, 40)",2.9144727279339078
"(35, 44, 47)",2.9136883968245106
"(8, 18, 33)",2.9125422708981095
"(6, 23, 30)",2.9122862363798934
"(7, 31, 48)",2.9103350790748035
"(10, 24, 45)",2.909390219148234
"(25, 34, 37)",2.904898919356587
"(7, 27, 31)",2.9044212530952356
"(7, 8, 38)",2.903199115409592
"(2, 8, 46)",2.9030034694621687
"(1, 6, 30)",2.90234008470254
"(8, 18, 49)",2.9017020799888886
"(25, 38, 43)",2.9016714302704956
"(7, 22, 30)",2.899610148488905
"(11, 26, 46)",2.898603867889183
"(30, 38, 41)",2.896248538477785
"(2, 13, 29)",2.894446124541747
"(13, 18, 29)",2.894446124541747
"(13, 22, 29)",2.894446124541747
"(13, 27, 29)",2.894446124541747
"(13, 29, 42)",2.894446124541747
"(12, 17, 22)",2.8916804953722215
"(4, 27, 37)",2.891471461440279
"(13, 26, 30)",2.890915643839392
"(4, 29, 35)",2.889445219052819
"(0, 35, 46)",2.889404172205574
"(13, 27, 48)",2.888843433077928
"(7, 25, 34)",2.8887856718910228
"(0, 15, 35)",2.888734837425814
"(2, 6, 35)",2.88793449224717
"(6, 30, 45)",2.887630064567294
"(23, 33, 48)",2.88588556621417
"(1, 22, 26)",2.884166203866771
"(1, 26, 27)",2.884166203866771
"(1, 26, 36)",2.884166203866771
"(1, 26, 42)",2.884166203866771
"(1, 26, 46)",2.884166203866771
"(19, 22, 35)",2.883857542127976
"(26, 28, 32)",2.883310270772685
"(1, 24, 42)",2.8811582657390438
"(26, 29, 39)",2.880213270237305
"(18, 21, 33)",2.8780003616779157
"(11, 32, 46)",2.8759029031451884
"(10, 21, 33)",2.871850588774312
"(10, 44, 48)",2.870213790457797
"(16, 26, 27)",2.8686340078065085
"(24, 30, 45)",2.8685756055408937
"(22, 26, 30)",2.8685578956483138
"(1, 7, 41)",2.868060544343062
"(4, 29, 32)",2.8659208683312882
"(35, 36, 37)",2.864740080346757
"(8, 10, 22)",2.8633003765336023
"(30, 35, 40)",2.861924880411044
"(29, 30, 39)",2.8612366910671856
"(8, 37, 43)",2.8606197226834578
"(2, 13, 23)",2.8567687936975132
"(13, 18, 23)",2.8567687936975132
"(13, 22, 23)",2.8567687936975132
"(13, 23, 27)",2.8567687936975132
"(13, 23, 36)",2.8567687936975132
"(13, 23, 42)",2.8567687936975132
"(21, 35)",2.853397470676623
"(17, 44)",2.852075076702443
"(11, 22, 26)",2.851931385805964
"(22, 30, 39)",2.851777828515237
"(0, 21, 44)",2.8506736183639485
"(13, 33, 45)",2.849029054266507
"(7, 35, 36)",2.848626832881193
"(2, 37, 40)",2.846504360385164
"(28, 35, 46)",2.845684125128436
"(10, 26, 46)",2.8455267747225625
"(0, 35, 48)",2.845410604200877
"(2, 35)",2.844797558382814
"(18, 35)",2.844797558382814
"(22, 35)",2.844797558382814
"(27, 35)",2.844797558382814
"(35, 42)",2.844797558382814
"(35, 46)",2.844797558382814
"(28, 49)",2.84444389728956
"(26, 29, 36)",2.8432637995457033
"(11, 16, 43)",2.8430801190819
"(23, 26, 39)",2.8425359393930707
"(10, 17, 41)",2.841585160628358
"(6, 28, 46)",2.8406278241397778
"(21, 30, 44)",2.839852270990643
"(10, 39, 43)",2.8396589934874723
"(22, 28, 35)",2.839560816489399
"(11, 16, 27)",2.8391051772575517
"(6, 29, 44)",2.8349056131218076
"(11, 22, 32)",2.830756199833292
"(2, 7, 40)",2.8303911129195995
"(8, 11, 41)",2.830090150058724
"(0, 13, 46)",2.8297341208560525
"(30, 44, 48)",2.829399176850457
"(7, 8, 10)",2.825542987383681
"(23, 30, 39)",2.8235593602229514
"(23, 26, 43)",2.823115691122841
"(0, 7, 13)",2.8213885968465795
"(4, 8, 9)",2.818247321764442
"(26, 39, 45)",2.817879767580471
"(13, 41, 44)",2.8161054655054003
"(32, 38, 41)",2.8152553860388156
"(11, 37, 46)",2.814888548950008
"(1, 10, 47)",2.8148207615335425
"(17, 28, 38)",2.8146415815897963
"(9, 13, 17)",2.8112287167458363
"(9, 12, 22)",2.810985234193148
"(17, 29, 48)",2.810737507603573
"(13, 26, 32)",2.809922491400422
"(8, 18, 41)",2.804866246230381
"(8, 22, 41)",2.804866246230381
"(8, 41, 42)",2.804866246230381
"(8, 41, 46)",2.804866246230381
"(21, 30, 43)",2.802335249161175
"(17, 30, 41)",2.800770547021018
"(28, 32, 37)",2.79959495183351
"(23, 29, 41)",2.798989607628917
"(30, 39, 45)",2.798903188410352
"(7, 11, 46)",2.7987753014844436
"(39, 43, 44)",2.7909349075937073
"(24, 32, 45)",2.7875824531019235
"(16, 27, 37)",2.7849186888673336
"(1, 7, 27)",2.784337637462032
"(1, 7, 36)",2.784337637462032
"(1, 7, 42)",2.784337637462032
"(1, 7, 46)",2.784337637462032
"(4, 9, 32)",2.7841477362266893
"(7, 28, 32)",2.783481704367946
"(13, 42, 47)",2.7832039300053553
"(1, 10, 37)",2.782786713973273
"(30, 35, 36)",2.7826481512607044
"(16, 26, 29)",2.781033231861195
"(26, 32, 49)",2.7806880351189505
"(8, 34, 42)",2.7784949298717194
"(6, 22, 32)",2.776300248264074
"(7, 17, 30)",2.7749321115444476
"(29, 41, 45)",2.774333435816317
"(8, 17, 24)",2.7739027272276546
"(17, 23, 48)",2.7730601767593392
"(4, 8, 23)",2.772496611941559
"(14, 36)",2.771004253183422
"(16, 29, 44)",2.770920604582536
"(7, 16, 27)",2.7688054414017693
"(11, 22, 37)",2.7682160668667892
"(0, 2, 46)",2.765541520921927
"(0, 36, 46)",2.765541520921927
"(9, 26, 37)",2.7639389743634197
"(4, 23, 32)",2.763337277381722
"(10, 37, 46)",2.7618114557833877
"(9, 10, 41)",2.760889899449284
"(1, 8, 18)",2.760253067980425
"(29, 36, 37)",2.7595484806065285
"(13, 28, 46)",2.7592789054057567
"(2, 10, 17)",2.757862253747328
"(10, 17, 18)",2.757862253747328
"(10, 17, 27)",2.757862253747328
"(10, 17, 36)",2.757862253747328
"(1, 9, 26)",2.7575154086455873
"(13, 26, 35)",2.757374643877559
"(1, 26, 43)",2.7543500307441637
"(2, 26, 45)",2.7533140607008217
"(6, 30, 43)",2.750382979477283
"(21, 32, 33)",2.750042822728002
"(16, 27, 30)",2.7497917032953842
"(10, 33, 45)",2.7485756291098653
"(32, 44, 48)",2.7484060244114867
"(17, 45, 48)",2.7484040049467398
"(4, 8, 45)",2.7478404401289596
"(26, 27, 33)",2.7475830239783487
"(27, 29, 48)",2.7473413401283016
"(8, 13, 37)",2.744586938488877
"(8, 17, 42)",2.743713833471689
"(7, 29, 36)",2.743435233140964
"(3, 29, 41)",2.7433575165514377
"(4, 32, 45)",2.7386811055691225
"(23, 26, 40)",2.7385871772910497
"(23, 41, 45)",2.7366561049720834
"(24, 35, 45)",2.7350346055790604
"(9, 28, 38)",2.7339463204107224
"(8, 27, 41)",2.7335843465894523
"(2, 13, 44)",2.73238255862437
"(13, 18, 44)",2.73238255862437
"(13, 22, 44)",2.73238255862437
"(13, 27, 44)",2.73238255862437
"(13, 36, 44)",2.73238255862437
"(13, 42, 44)",2.73238255862437
"(9, 44)",2.7310321849338326
"(8, 17, 49)",2.7299564510721583
"(7, 8, 13)",2.7284736910233125
"(30, 39, 43)",2.7270429804185317
"(42, 45, 47)",2.7258027718096907
"(0, 13, 32)",2.724788066605941
"(33, 43, 48)",2.7239823093115594
"(6, 22, 35)",2.723752400741211
"(1, 29)",2.723561602205801
"(7, 23, 43)",2.7232871247181016
"(8, 18, 22)",2.721143339349351
"(8, 18, 27)",2.721143339349351
"(8, 18, 42)",2.721143339349351
"(8, 18, 46)",2.721143339349351
"(8, 22, 27)",2.721143339349351
"(8, 22, 42)",2.721143339349351
"(8, 22, 46)",2.721143339349351
"(8, 27, 42)",2.721143339349351
"(8, 27, 46)",2.721143339349351
"(8, 42, 46)",2.721143339349351
"(9, 26, 33)",2.7202037540820654
"(9, 30, 41)",2.720075285841944
"(17, 32, 41)",2.719777394582048
"(32, 39, 43)",2.7178512274411624
"(11, 13, 35)",2.7172559022982847
"(2, 17, 30)",2.7170476401399877
"(17, 18, 30)",2.7170476401399877
"(17, 30, 46)",2.7170476401399877
"(6, 29, 36)",2.7164573707970194
"(2, 23, 29)",2.715266700747887
"(18, 23, 29)",2.715266700747887
"(22, 23, 29)",2.715266700747887
"(23, 27, 29)",2.715266700747887
"(23, 29, 42)",2.715266700747887
"(23, 29, 46)",2.715266700747887
"(23, 27, 48)",2.709664009284068
"(3, 10, 15)",2.708097706615422
"(30, 33, 45)",2.707761015502525
"(17, 34, 42)",2.7073029226586214
"(25, 35)",2.702947419574373
"(41, 42, 45)",2.699794293465282
"(16, 29, 37)",2.69731791292202
"(32, 37, 49)",2.6969727161797756
"(35, 44, 48)",2.6958581768886236
"(13, 18, 43)",2.694865536794903
"(13, 22, 43)",2.694865536794903
"(13, 27, 43)",2.694865536794903
"(13, 36, 43)",2.694865536794903
"(13, 42, 43)",2.694865536794903
"(7, 17, 32)",2.6939389591054774
"(8, 9, 24)",2.693207466048581
"(1, 32, 47)",2.6930129954872326
"(18, 29, 45)",2.690610528935287
"(22, 29, 45)",2.690610528935287
"(27, 29, 45)",2.690610528935287
"(29, 45, 46)",2.690610528935287
"(27, 45, 48)",2.685007837471468
"(6, 13, 44)",2.6842152317620203
"(11, 16, 46)",2.6834774190780877
"(0, 34)",2.6822142468551466
"(7, 16, 29)",2.681204665456456
"(7, 32, 49)",2.6808594687142113
"(2, 26, 43)",2.6801252917853122
"(0, 7, 29)",2.6798865038969533
"(9, 10, 18)",2.677166992568254
"(9, 10, 27)",2.677166992568254
"(9, 10, 36)",2.677166992568254
"(9, 10, 42)",2.677166992568254
"(9, 43)",2.674756652189631
"(3, 10, 25)",2.6726617253228735
"(29, 31, 46)",2.6715413689335286
"(9, 17, 29)",2.66972662379621
"(2, 37, 45)",2.669598741761647
"(3, 24, 41)",2.6676740069551474
"(3, 15, 30)",2.667283093008082
"(1, 23)",2.66704560593945
"(26, 35, 43)",2.666230672075546
"(7, 9, 37)",2.6641104079586806
"(29, 30, 36)",2.663894021814598
"(27, 33, 37)",2.663867705039174
"(6, 13, 28)",2.663596896650815
"(5, 26, 46)",2.662718179841713
"(1, 32, 37)",2.660978947926963
"(11, 16, 22)",2.660123675826163
"(2, 3, 29)",2.659634609670408
"(3, 18, 29)",2.659634609670408
"(3, 22, 29)",2.659634609670408
"(3, 27, 29)",2.659634609670408
"(3, 29, 42)",2.659634609670408
"(3, 29, 46)",2.659634609670408
"(1, 7, 9)",2.657686842240848
"(1, 39, 43)",2.656459102615086
"(23, 37, 40)",2.654871858351875
"(2, 4, 25)",2.6546047668895154
"(4, 18, 25)",2.6546047668895154
"(4, 22, 25)",2.6546047668895154
"(4, 25, 42)",2.6546047668895154
"(4, 25, 46)",2.6546047668895154
"(1, 7, 43)",2.6545214643394246
"(9, 10, 14)",2.65428579016081
"(2, 7, 45)",2.6534854942960826
"(18, 23, 45)",2.6529331980910533
"(22, 23, 45)",2.6529331980910533
"(23, 27, 45)",2.6529331980910533
"(23, 36, 45)",2.6529331980910533
"(23, 45, 46)",2.6529331980910533
"(0, 10, 21)",2.6524561864773695
"(8, 9, 49)",2.6492611898930845
"(1, 26, 30)",2.648496750893782
"(26, 41, 43)",2.648224326621413
"(4, 8, 44)",2.6481103768684164
"(7, 27, 33)",2.6477544575736096
"(11, 35, 36)",2.6464348706673664
"(2, 6, 9)",2.644216805699218
"(1, 13, 17)",2.644184762343105
"(1, 12, 22)",2.6439412797904165
"(0, 7, 23)",2.642209173052719
"(2, 31, 37)",2.642185850245621
"(29, 42, 47)",2.641701837055729
"(7, 17, 35)",2.641391111582614
"(10, 30, 37)",2.640457113607131
"(9, 32, 41)",2.639082133402974
"(4, 32, 44)",2.6389510423085794
"(7, 23, 40)",2.6387586108863106
"(23, 41, 44)",2.63692604171154
"(9, 18, 30)",2.636352378960914
"(9, 30, 42)",2.636352378960914
"(9, 30, 46)",2.636352378960914
"(18, 26, 33)",2.636329416407723
"(10, 31, 48)",2.6361204797782944
"(2, 17, 32)",2.636054487701018
"(17, 18, 32)",2.636054487701018
"(17, 22, 32)",2.636054487701018
"(17, 27, 32)",2.636054487701018
"(17, 32, 36)",2.636054487701018
"(17, 32, 46)",2.636054487701018
"(27, 30, 33)",2.635497890953302
"(25, 34, 42)",2.6350991835859197
"(23, 31, 46)",2.6338640380892944
"(9, 17, 23)",2.6320492929519763
"(3, 25, 30)",2.6318471117155333
"(1, 2, 47)",2.630996207003638
"(10, 27, 31)",2.6302066537987265
"(1, 45)",2.6300613482205506
"(13, 18, 24)",2.628504951362817
"(7, 26, 38)",2.6269862609192054
"(32, 33, 45)",2.626767863063555
"(2, 7, 31)",2.6260726027800567
"(8, 26, 36)",2.623684862453834
"(4, 26)",2.622911555548222
"(4, 29, 44)",2.621523381201931
"(7, 9, 33)",2.6203751876773262
"(0, 7, 45)",2.6175530012401196
"(18, 42, 45)",2.616071386584252
"(22, 42, 45)",2.616071386584252
"(27, 42, 45)",2.616071386584252
"(36, 42, 45)",2.616071386584252
"(42, 45, 46)",2.616071386584252
"(10, 25, 34)",2.6145710725945137
"(9, 14, 30)",2.61347117655347
"(41, 44, 45)",2.6122698698989404
"(16, 33)",2.611830814208129
"(2, 28, 38)",2.6112815706751533
"(4, 8, 43)",2.6105933550389486
"(31, 45, 46)",2.6092078662766953
"(1, 35, 37)",2.6084311004040996
"(7, 30, 44)",2.6055983541411307
"(4, 32, 36)",2.604499663119332
"(23, 42, 47)",2.604024506211495
"(4, 32, 43)",2.6014340204791115
"(4, 10, 27)",2.6011436146782057
"(30, 31, 48)",2.5953058661709543
"(1, 10, 41)",2.593845945046553
"(16, 18, 33)",2.590583800856249
"(1, 18, 47)",2.5904726085547685
"(17, 21, 35)",2.5904304612777067
"(10, 22, 26)",2.5870875220432157
"(3, 15, 32)",2.586289940569112
"(17, 28, 49)",2.5849443661741254
"(2, 8, 24)",2.584683085103126
"(26, 37, 43)",2.584406868193071
"(2, 3, 24)",2.5839511000741178
"(3, 22, 24)",2.5839511000741178
"(3, 24, 27)",2.5839511000741178
"(3, 24, 36)",2.5839511000741178
"(25, 38)",2.5839187555438743
"(2, 17, 35)",2.5835066401781543
"(17, 18, 35)",2.5835066401781543
"(17, 22, 35)",2.5835066401781543
"(17, 27, 35)",2.5835066401781543
"(17, 35, 46)",2.5835066401781543
"(0, 29, 32)",2.5832859736563147
"(2, 7, 43)",2.580296725380573
"(5, 37, 46)",2.579002860902538
"(18, 24, 46)",2.576217091454901
"(11, 29, 35)",2.575753809348658
"(10, 35, 36)",2.5744122335846837
"(33, 35, 45)",2.574220015540692
"(25, 30, 34)",2.5737564589871735
"(1, 2, 6)",2.5708336342106235
"(1, 28, 38)",2.5669023660079913
"(7, 35, 43)",2.566402105670807
"(1, 2, 26)",2.5650266704425664
"(13, 14, 34)",2.564577696476775
"(13, 18, 49)",2.5643512077311055
"(5, 7, 46)",2.562889613436974
"(8, 13, 35)",2.5602571803629735
"(2, 40, 45)",2.5574651575811025
"(2, 10, 40)",2.5561765136230905
"(9, 18, 32)",2.555359226521944
"(9, 22, 32)",2.555359226521944
"(9, 27, 32)",2.555359226521944
"(9, 32, 36)",2.555359226521944
"(9, 32, 42)",2.555359226521944
"(9, 32, 46)",2.555359226521944
"(11, 26, 41)",2.5538772955683373
"(29, 44, 48)",2.5535769990426305
"(18, 29, 43)",2.553363443845276
"(22, 29, 43)",2.553363443845276
"(27, 29, 43)",2.553363443845276
"(29, 42, 43)",2.553363443845276
"(29, 43, 46)",2.553363443845276
"(2, 23, 44)",2.55320313483051
"(18, 23, 44)",2.55320313483051
"(22, 23, 44)",2.55320313483051
"(23, 27, 44)",2.55320313483051
"(23, 36, 44)",2.55320313483051
"(23, 42, 44)",2.55320313483051
"(23, 44, 46)",2.55320313483051
"(11, 16, 41)",2.552814917532357
"(18, 33, 37)",2.552614097468548
"(3, 25, 32)",2.550853959276563
"(7, 10, 26)",2.549330132893295
"(1, 7, 30)",2.548668184489043
"(7, 41, 43)",2.548395760216674
"(27, 43, 48)",2.547760752381457
"(35, 47)",2.547196331754206
"(0, 23, 32)",2.5456086428120805
"(11, 32, 41)",2.5451828522427817
"(2, 9, 26)",2.5448894451387005
"(7, 37, 38)",2.5432709419800306
"(11, 41, 43)",2.5399943676576506
"(8, 36, 37)",2.539969543514659
"(11, 23, 35)",2.5380764785044243
"(7, 18, 33)",2.5365008500029838
"(14, 17, 36)",2.5361630793334937
"(3, 15, 35)",2.533742093046249
"(9, 14, 32)",2.5324780241145004
"(13, 37, 45)",2.5296097947200056
"(2, 26, 41)",2.5286533917399945
"(18, 26, 41)",2.5286533917399945
"(22, 26, 41)",2.5286533917399945
"(26, 36, 41)",2.5286533917399945
"(26, 41, 42)",2.5286533917399945
"(26, 41, 46)",2.5286533917399945
"(18, 44, 45)",2.5285469630179103
"(22, 44, 45)",2.5285469630179103
"(27, 44, 45)",2.5285469630179103
"(36, 44, 45)",2.5285469630179103
"(44, 45, 46)",2.5285469630179103
"(1, 8, 24)",2.52616351164585
"(24, 41, 42)",2.5256454536122668
"(7, 32, 44)",2.524605201702161
"(7, 8, 36)",2.523856296049095
"(4, 27, 48)",2.5237625374663444
"(6, 28, 29)",2.5220948037011883
"(0, 32, 45)",2.520952470999481
"(30, 32, 37)",2.5186493475608205
"(31, 32, 48)",2.514312713731985
"(7, 13, 45)",2.5134965472544413
"(11, 35, 45)",2.513420306691825
"(6, 26, 36)",2.5132938497433086
"(0, 13, 15)",2.510177240582958
"(1, 10, 27)",2.510123038165523
"(1, 10, 36)",2.510123038165523
"(1, 10, 42)",2.510123038165523
"(9, 21, 35)",2.509735200098633
"(31, 44, 46)",2.5094778030161518
"(2, 6, 13)",2.5093768954043143
"(10, 28, 32)",2.509267105071437
"(27, 31, 32)",2.5083988877524166
"(9, 17, 44)",2.5076630578788333
"(13, 19, 22)",2.5052999452851203
"(6, 23, 44)",2.50503580796816
"(9, 28, 49)",2.5042491049950515
"(10, 22, 37)",2.503372203104041
"(9, 18, 35)",2.5028113789990805
"(9, 22, 35)",2.5028113789990805
"(9, 27, 35)",2.5028113789990805
"(9, 35, 42)",2.5028113789990805
"(9, 35, 46)",2.5028113789990805
"(1, 17, 29)",2.502682669393479
"(26, 34, 42)",2.502282075381333
"(11, 16)",2.4973409520599437
"(8, 30, 36)",2.4954522802220414
"(10, 16, 27)",2.4945908421052603
"(25, 32, 34)",2.4927633065482038
"(18, 43, 45)",2.491029941188443
"(22, 43, 45)",2.491029941188443
"(27, 43, 45)",2.491029941188443
"(36, 43, 45)",2.491029941188443
"(43, 45, 46)",2.491029941188443
"(17, 25, 35)",2.490132430168637
"(18, 24, 29)",2.4870028584131907
"(7, 37, 43)",2.484578301788332
"(6, 23, 28)",2.484417472856954
"(1, 18, 26)",2.4840402134900383
"(11, 30, 46)",2.4837460885805944
"(13, 30, 40)",2.4833672835681884
"(1, 8, 49)",2.4822172354903533
"(1, 44)",2.4804662533297357
"(6, 44, 45)",2.4803796361555603
"(0, 7, 43)",2.4803059161501086
"(9, 14, 35)",2.479930176591637
"(42, 44, 47)",2.4796382711383522
"(0, 17, 34)",2.4769674772530865
"(7, 35, 44)",2.4720573541792974
"(1, 32, 41)",2.472038179000243
"(31, 43, 46)",2.4719607811866844
"(11, 37, 41)",2.4701619766291625
"(10, 29, 36)",2.469220633844455
"(28, 30, 32)",2.4684524914640966
"(17, 26, 42)",2.4675009789813025
"(0, 13, 48)",2.4668530073580213
"(30, 35, 37)",2.4661015000379574
"(7, 10, 37)",2.46561481395412
"(1, 2, 7)",2.4651981040378272
"(1, 17, 23)",2.465005338549245
"(4, 13, 29)",2.464586164862653
"(31, 35, 48)",2.4617648662091214
"(13, 22, 28)",2.461003219646543
"(6, 28, 45)",2.459761301044355
"(26, 27, 41)",2.4573714920990657
"(27, 31, 35)",2.455851040229553
"(8, 10, 13)",2.4542590917268035
"(7, 11, 41)",2.454048729163598
"(32, 35, 36)",2.452604467538374
"(2, 40, 43)",2.452271252487444
"(18, 23, 24)",2.4493255275689565
"(10, 23, 43)",2.4490725254215926
"(2, 7, 9)",2.4450608787339614
"(2, 37, 41)",2.4449380728008197
"(18, 37, 41)",2.4449380728008197
"(22, 37, 41)",2.4449380728008197
"(36, 37, 41)",2.4449380728008197
"(37, 41, 42)",2.4449380728008197
"(37, 41, 46)",2.4449380728008197
"(2, 18, 26)",2.4449304848589644
"(2, 22, 26)",2.4449304848589644
"(2, 26, 27)",2.4449304848589644
"(2, 26, 36)",2.4449304848589644
"(2, 26, 42)",2.4449304848589644
"(2, 26, 46)",2.4449304848589644
"(18, 22, 26)",2.4449304848589644
"(18, 26, 27)",2.4449304848589644
"(18, 26, 36)",2.4449304848589644
"(18, 26, 42)",2.4449304848589644
"(18, 26, 46)",2.4449304848589644
"(22, 26, 27)",2.4449304848589644
"(22, 26, 36)",2.4449304848589644
"(22, 26, 42)",2.4449304848589644
"(22, 26, 46)",2.4449304848589644
"(26, 27, 36)",2.4449304848589644
"(26, 27, 42)",2.4449304848589644
"(26, 27, 46)",2.4449304848589644
"(26, 36, 42)",2.4449304848589644
"(26, 36, 46)",2.4449304848589644
"(26, 42, 46)",2.4449304848589644
"(4, 37, 41)",2.4445156689758796
"(7, 10, 22)",2.444462857890337
"(6, 28, 36)",2.4430446395061365
"(42, 43, 47)",2.4421212493088844
"(2, 24, 42)",2.441922546731237
"(22, 24, 42)",2.441922546731237
"(24, 27, 42)",2.441922546731237
"(24, 36, 42)",2.441922546731237
"(1, 17, 45)",2.4403491667366453
"(4, 17, 26)",2.4375027569357632
"(21, 30)",2.4362256568996954
"(2, 32, 40)",2.4343687475767806
"(10, 30, 46)",2.430668995413974
"(6, 36, 37)",2.4295785308041338
"(16, 17, 33)",2.429407344226253
"(2, 7, 41)",2.4288248253352553
"(7, 18, 41)",2.4288248253352553
"(7, 36, 41)",2.4288248253352553
"(7, 41, 42)",2.4288248253352553
"(7, 41, 46)",2.4288248253352553
"(35, 42, 47)",2.4276202678242758
"(23, 40, 43)",2.4269278626068296
"(4, 27, 35)",2.426788001109032
"(39, 41, 43)",2.4257333648136354
"(14, 29, 34)",2.423075603527148
"(18, 29, 49)",2.4228491147814792
"(34, 37, 42)",2.418566756442158
"(11, 35, 44)",2.4136902434312812
"(6, 7, 36)",2.4134652833385695
"(8, 13, 30)",2.4134444781194633
"(17, 25, 38)",2.4117549368108913
"(4, 9, 13)",2.4105941280765704
"(9, 25, 35)",2.4094371689895633
"(23, 30, 43)",2.4082579118142524
"(2, 8, 49)",2.4077202142896676
"(10, 16, 29)",2.406990066159947
"(10, 32, 49)",2.4066448694177023
"(13, 41)",2.402545523440075
"(7, 34, 42)",2.4024535089765937
"(2, 39, 43)",2.3998657529802534
"(26, 29, 47)",2.3988093389798397
"(0, 9, 34)",2.3962722160740126
"(13, 26, 45)",2.3919911115209125
"(4, 13, 23)",2.3917286920905645
"(18, 43, 44)",2.3912998779278993
"(22, 43, 44)",2.3912998779278993
"(27, 43, 44)",2.3912998779278993
"(36, 43, 44)",2.3912998779278993
"(42, 43, 44)",2.3912998779278993
"(43, 44, 46)",2.3912998779278993
"(9, 10, 37)",2.3898958086621716
"(1, 22, 32)",2.388315272119213
"(1, 27, 32)",2.388315272119213
"(1, 32, 36)",2.388315272119213
"(1, 32, 42)",2.388315272119213
"(1, 32, 46)",2.388315272119213
"(17, 35, 47)",2.3862548815354385
"(1, 35, 47)",2.386229737741725
"(14, 23, 34)",2.385398272682914
"(18, 23, 49)",2.3851717839372455
"(1, 7, 18)",2.384211647085299
"(13, 38, 41)",2.3841499416730962
"(17, 37, 42)",2.3837856600421277
"(0, 32, 43)",2.38370538590947
"(1, 9, 10)",2.383472242944339
"(2, 35, 40)",2.381820900053917
"(1, 10, 43)",2.3803068650429156
"(2, 10, 45)",2.3792708949995736
"(12, 22, 36)",2.3791116842398687
"(27, 37, 41)",2.373656173159891
"(10, 27, 33)",2.3735398582771006
"(16, 27, 32)",2.37278307605895
"(22, 30, 32)",2.372706963900755
"(0, 29, 46)",2.3693444824130916
"(0, 15, 29)",2.368675147633332
"(2, 6, 29)",2.367874802454688
"(16, 29, 30)",2.3661754525526066
"(30, 32, 49)",2.365830255810362
"(10, 23, 40)",2.3645440115898015
"(19, 22, 29)",2.363797852335494
"(26, 42, 47)",2.3628888417769307
"(2, 28, 49)",2.3628119524323594
"(2, 18, 37)",2.3612151659197895
"(2, 22, 37)",2.3612151659197895
"(2, 27, 37)",2.3612151659197895
"(2, 36, 37)",2.3612151659197895
"(2, 37, 42)",2.3612151659197895
"(2, 37, 46)",2.3612151659197895
"(18, 22, 37)",2.3612151659197895
"(18, 27, 37)",2.3612151659197895
"(18, 36, 37)",2.3612151659197895
"(18, 37, 42)",2.3612151659197895
"(18, 37, 46)",2.3612151659197895
"(22, 27, 37)",2.3612151659197895
"(22, 36, 37)",2.3612151659197895
"(22, 37, 42)",2.3612151659197895
"(22, 37, 46)",2.3612151659197895
"(27, 36, 37)",2.3612151659197895
"(27, 37, 42)",2.3612151659197895
"(27, 37, 46)",2.3612151659197895
"(36, 37, 42)",2.3612151659197895
"(36, 37, 46)",2.3612151659197895
"(37, 42, 46)",2.3612151659197895
"(23, 26, 47)",2.3611320081356055
"(14, 34, 45)",2.360742100870315
"(18, 45, 49)",2.3605156121246456
"(6, 30)",2.358719444226655
"(4, 26, 27)",2.3575533136750506
"(7, 27, 41)",2.3575429256943266
"(24, 45, 46)",2.3560428107285922
"(11, 16, 17)",2.3531636256222956
"(2, 10, 31)",2.3518580034835477
"(10, 32, 46)",2.3496758429750044
"(4, 9, 29)",2.3479099043222353
"(29, 32, 36)",2.347412867798145
"(9, 10, 33)",2.346160588380817
"(6, 13, 22)",2.345194803898355
"(2, 7, 18)",2.345101918454225
"(2, 7, 27)",2.345101918454225
"(2, 7, 36)",2.345101918454225
"(2, 7, 42)",2.345101918454225
"(2, 7, 46)",2.345101918454225
"(7, 18, 27)",2.345101918454225
"(7, 18, 36)",2.345101918454225
"(7, 18, 42)",2.345101918454225
"(7, 18, 46)",2.345101918454225
"(7, 27, 36)",2.345101918454225
"(7, 27, 42)",2.345101918454225
"(7, 27, 46)",2.345101918454225
"(7, 36, 42)",2.345101918454225
"(7, 36, 46)",2.345101918454225
"(7, 42, 46)",2.345101918454225
"(6, 43, 44)",2.3431325510655494
"(1, 21, 35)",2.3426912456959017
"(29, 30, 40)",2.341865190618562
"(4, 35, 41)",2.3406989539637144
"(1, 17, 44)",2.340619103476102
"(2, 30, 45)",2.3384562813922334
"(1, 28, 49)",2.3372051505923204
"(4, 8, 27)",2.3370244033355676
"(26, 45, 47)",2.336475836323006
"(8, 29, 36)",2.3360313236121506
"(1, 22, 35)",2.3357674245963493
"(1, 27, 35)",2.3357674245963493
"(1, 35, 42)",2.3357674245963493
"(1, 35, 46)",2.3357674245963493
"(28, 32, 35)",2.3349114915022633
"(8, 13, 32)",2.3324513256804935
"(10, 22, 30)",2.3320465432625146
"(4, 23, 29)",2.331708198416103
"(0, 23, 46)",2.3316671515688574
"(9, 25, 38)",2.331059675631818
"(0, 15, 23)",2.3309978167890977
"(2, 6, 23)",2.330197471610454
"(9, 14, 45)",2.329376829288781
"(16, 27, 44)",2.3277945637357296
"(23, 32, 43)",2.327264759375282
"(19, 22, 23)",2.3261205214912604
"(28, 29, 46)",2.3256244353359534
"(0, 29, 48)",2.3253509144083946
"(18, 24, 44)",2.324939292495814
"(6, 28, 43)",2.322514215954344
"(1, 26, 47)",2.32149831169438
"(16, 27, 35)",2.3202352285360863
"(22, 30, 35)",2.3201591163778916
"(22, 28, 29)",2.3195011266969168
"(13, 21, 33)",2.318937378362283
"(33, 48)",2.317774205142267
"(13, 44, 48)",2.3173005800457678
"(0, 7, 46)",2.3172704714944214
"(28, 36, 46)",2.313223307044994
"(17, 21, 30)",2.3124187557015707
"(2, 30, 31)",2.3110433898762075
"(23, 30, 40)",2.3109101171180058
"(4, 29, 45)",2.307052026603503
"(0, 45, 46)",2.3070109797562584
"(35, 37, 43)",2.3069176846354393
"(1, 30, 40)",2.3066033605242757
"(0, 15, 45)",2.306341644976498
"(2, 10, 43)",2.306082126084064
"(9, 35, 47)",2.305559620356365
"(9, 30, 33)",2.305345974773477
"(19, 22, 45)",2.3014643496786604
"(10, 35, 46)",2.297127995452141
"(2, 6, 30)",2.29498923328797
"(10, 35, 43)",2.292187506374298
"(2, 6, 46)",2.2912873594419043
"(8, 13, 45)",2.2910793239216334
"(13, 17, 41)",2.2886719502163286
"(12, 22, 41)",2.28842846766364
"(1, 14, 36)",2.2884238637516887
"(23, 28, 46)",2.2879471044917197
"(0, 23, 48)",2.287673583564161
"(18, 24, 43)",2.287422270666346
"(13, 39, 43)",2.2867457830754434
"(16, 29, 32)",2.2851823001136364
"(22, 23, 28)",2.2818237958526826
"(30, 40, 45)",2.2795316879617284
"(11, 13, 46)",2.27721841303234
"(2, 13)",2.2769611631185303
"(13, 18)",2.2769611631185303
"(13, 22)",2.2769611631185303
"(13, 27)",2.2769611631185303
"(13, 36)",2.2769611631185303
"(13, 42)",2.2769611631185303
"(21, 35, 41)",2.275282337584773
"(1, 10, 30)",2.274453585192534
"(10, 41, 43)",2.2741811609201648
"(9, 11, 16)",2.272468364443222
"(9, 32, 37)",2.2680880426158616
"(4, 13, 44)",2.2673424570174214
"(2, 30, 43)",2.265267512476724
"(28, 45, 46)",2.26329093267912
"(0, 45, 48)",2.2630174117515613
"(7, 13, 17)",2.262833514739758
"(10, 18, 33)",2.2622862507064747
"(1, 13, 47)",2.261907551121513
"(1, 9, 32)",2.261664476898029
"(14, 34, 44)",2.2610120376097713
"(18, 44, 49)",2.2607855488641024
"(6, 17, 30)",2.2604664860176786
"(1, 32, 43)",2.258499098996605
"(2, 32, 45)",2.2574631289532636
"(22, 28, 45)",2.257167624040083
"(26, 39)",2.25383496081554
"(27, 32, 33)",2.25173209223079
"(30, 35, 43)",2.2513728927669576
"(8, 10, 36)",2.249641696752586
"(27, 30, 41)",2.248355490414355
"(23, 32, 40)",2.242736245543491
"(29, 38, 41)",2.24264784872347
"(1, 25, 35)",2.242393214586832
"(10, 13, 45)",2.2392819479579322
"(13, 26, 29)",2.2373149540850763
"(26, 44, 47)",2.236745773062463
"(18, 27, 30)",2.233584193367558
"(30, 36, 46)",2.233584193367558
"(30, 41, 43)",2.2333665473128246
"(16, 29, 35)",2.2326344525907733
"(32, 35, 49)",2.2322892558485288
"(9, 21, 30)",2.231723494522497
"(4, 13, 36)",2.2309460549692144
"(2, 31, 32)",2.2300502374372377
"(1, 13, 37)",2.229873503561244
"(4, 13, 43)",2.229825435187954
"(0, 1, 34)",2.2292282616712815
"(30, 39)",2.225518473585
"(9, 32, 33)",2.2243528223345073
"(14, 34, 43)",2.223495015780304
"(18, 43, 49)",2.2232685270346346
"(7, 29, 44)",2.222702031755185
"(18, 30, 33)",2.2214716370991345
"(9, 35, 37)",2.215540195092998
"(24, 29, 45)",2.214974915786578
"(7, 30, 38)",2.212128481610617
"(10, 37, 43)",2.210363702491823
"(1, 9, 35)",2.2091166293751656
"(9, 13, 41)",2.2079766890372547
"(23, 38, 41)",2.204970517879236
"(2, 13, 17)",2.2049490433352985
"(13, 17, 18)",2.2049490433352985
"(13, 17, 22)",2.2049490433352985
"(13, 17, 27)",2.2049490433352985
"(13, 17, 36)",2.2049490433352985
"(2, 35, 45)",2.2049152814304
"(2, 12, 22)",2.20470556078261
"(12, 18, 22)",2.20470556078261
"(12, 22, 27)",2.20470556078261
"(12, 22, 42)",2.20470556078261
"(12, 22, 46)",2.20470556078261
"(6, 22, 29)",2.2036927109487285
"(19, 22, 44)",2.2017342864181173
"(13, 23, 26)",2.1996376232408426
"(26, 43, 47)",2.199228751232995
"(27, 33, 35)",2.199184244707927
"(13, 30, 45)",2.198467334350592
"(22, 30, 40)",2.1972633101387515
"(1, 2, 10)",2.190983504741318
"(17, 26, 39)",2.190716189030856
"(29, 41)",2.1902923840156356
"(23, 35, 40)",2.1901883980206276
"(1, 4, 26)",2.1897635413539582
"(2, 32, 43)",2.184274360037754
"(7, 17, 43)",2.1833722561591364
"(1, 16, 33)",2.181668128644448
"(1, 9, 33)",2.181386074690456
"(38, 41, 45)",2.180314346066636
"(10, 11, 41)",2.179834129867089
"(30, 40, 44)",2.1798016247011853
"(6, 9, 30)",2.179771224838605
"(2, 31, 35)",2.177502389914374
"(21, 29, 33)",2.177435285412656
"(23, 24, 45)",2.1772975849423437
"(10, 13, 46)",2.1760734407696383
"(4, 26, 41)",2.175737866035298
"(25, 35, 41)",2.1752463533954436
"(9, 33, 35)",2.171804974811644
"(17, 30, 39)",2.1717396098607367
"(2, 9, 10)",2.1708462794374523
"(8, 24, 41)",2.170650699519073
"(32, 35, 43)",2.1703797403279874
"(4, 29, 43)",2.169804941513492
"(0, 43, 46)",2.1697638946662474
"(0, 15, 43)",2.1690945598864873
"(5, 13, 46)",2.167501171958584
"(5, 32, 46)",2.1668672480941544
"(6, 22, 23)",2.166015380104495
"(19, 22, 43)",2.1642172645886495
"(1, 25, 38)",2.1640157212290863
"(28, 44, 46)",2.1635608694185766
"(2, 33, 45)",2.1606582106095615
"(22, 28, 44)",2.15743756077954
"(4, 8, 41)",2.155208955695815
"(3, 13, 15)",2.155184496203393
"(2, 10, 41)",2.1546102260387463
"(10, 18, 41)",2.1546102260387463
"(10, 36, 41)",2.1546102260387463
"(10, 41, 42)",2.1546102260387463
"(4, 10, 41)",2.1541878222138062
"(1, 30, 32)",2.1526458191462234
"(32, 41, 43)",2.1523733948738544
"(17, 48)",2.1494878393428567
"(4, 8)",2.147450433724296
"(17, 29, 41)",2.1471698572667024
"(29, 39, 43)",2.1452436901258167
"(30, 40, 43)",2.1422846028717175
"(6, 22, 45)",2.1413592082918953
"(18, 32, 33)",2.1404784846601643
"(21, 23, 33)",2.1397579545684224
"(6, 10, 36)",2.1392506840420604
"(11, 30, 41)",2.139019516259749
"(23, 44, 48)",2.1381211562519074
"(7, 10, 30)",2.1344723535847065
"(4, 32)",2.1339973785919217
"(23, 41)",2.133776387749285
"(7, 32, 38)",2.1311353291716473
"(2, 9, 30)",2.130031665830112
"(10, 34, 42)",2.1282389096800847
"(8, 32, 36)",2.1278339307062755
"(18, 28, 38)",2.1276666470001846
"(27, 28, 38)",2.1276666470001846
"(28, 36, 38)",2.1276666470001846
"(28, 38, 42)",2.1276666470001846
"(8, 41, 49)",2.1267044233635763
"(28, 43, 46)",2.1260438475891092
"(0, 43, 48)",2.1257703266615504
"(9, 13, 18)",2.1242537821562246
"(9, 13, 22)",2.1242537821562246
"(9, 13, 27)",2.1242537821562246
"(9, 13, 36)",2.1242537821562246
"(9, 13, 42)",2.1242537821562246
"(7, 17, 29)",2.121331421790132
"(4, 8, 17)",2.1206768615793443
"(1, 29, 47)",2.120405458171887
"(22, 28, 43)",2.119920538950072
"(3, 13, 25)",2.119748514910844
"(13, 32, 45)",2.1174741819116223
"(5, 35, 46)",2.1143194005712913
"(2, 30, 41)",2.113795612431406
"(18, 30, 41)",2.113795612431406
"(30, 41, 42)",2.113795612431406
"(30, 41, 46)",2.113795612431406
"(44, 45, 48)",2.113464984439308
"(4, 30, 41)",2.113373208606466
"(4, 17, 32)",2.1115175270195072
"(9, 26, 39)",2.1100209278517825
"(1, 10, 18)",2.10999704778879
"(17, 23, 41)",2.109492526422468
"(23, 37, 43)",2.106759667557822
"(1, 11, 16)",2.1054244100404906
"(9, 13, 14)",2.101372579748781
"(1, 30, 35)",2.10009797162336
"(0, 13, 21)",2.0995429760653406
"(2, 9, 40)",2.099510718085802
"(41, 45)",2.0967921300303853
"(7, 13, 44)",2.0934997573364416
"(10, 17, 42)",2.0934578132800543
"(14, 22, 36)",2.091481956469025
"(10, 22, 32)",2.0912365902956576
"(9, 30, 39)",2.0910443486816632
"(32, 37, 43)",2.088555936445513
"(1, 29, 37)",2.0883714106116176
"(18, 33, 35)",2.087930637137301
"(13, 30, 37)",2.0875439031951015
"(30, 34, 42)",2.0874242960727445
"(8, 22, 24)",2.086927792638043
"(8, 24, 27)",2.086927792638043
"(29, 35, 36)",2.0865417941890954
"(17, 41, 45)",2.0848363546098687
"(7, 17, 23)",2.0836540909458976
"(10, 27, 41)",2.0833283263978175
"(13, 31, 48)",2.0832072693662655
"(39, 43, 45)",2.082910187468983
"(1, 23, 47)",2.082728127327653
"(38, 41, 44)",2.0805842828060928
"(7, 35, 38)",2.078587481648784
"(13, 27, 31)",2.077293443386697
"(13, 26, 44)",2.0752513881676995
"(0, 32, 46)",2.07107130708033
"(2, 10, 18)",2.070887319157716
"(2, 10, 27)",2.070887319157716
"(2, 10, 36)",2.070887319157716
"(2, 10, 42)",2.070887319157716
"(10, 18, 27)",2.070887319157716
"(10, 18, 36)",2.070887319157716
"(10, 18, 42)",2.070887319157716
"(10, 27, 36)",2.070887319157716
"(10, 27, 42)",2.070887319157716
"(10, 36, 42)",2.070887319157716
"(1, 2, 32)",2.0691757386950083
"(9, 29, 41)",2.0664745960876285
"(35, 41, 47)",2.065679001510235
"(13, 35, 45)",2.0649263343887587
"(2, 29)",2.0647080236940907
"(18, 29)",2.0647080236940907
"(22, 29)",2.0647080236940907
"(27, 29)",2.0647080236940907
"(29, 42)",2.0647080236940907
"(29, 46)",2.0647080236940907
"(2, 17, 29)",2.0634469503856723
"(17, 18, 29)",2.0634469503856723
"(17, 22, 29)",2.0634469503856723
"(17, 27, 29)",2.0634469503856723
"(17, 29, 46)",2.0634469503856723
"(17, 44, 48)",2.0632290765749364
"(13, 25, 34)",2.061657862182485
"(17,)",2.0609248037688355
"(7, 17, 45)",2.058997919133298
"(1, 45, 47)",2.0580719555150533
"(27, 48)",2.0546273137227895
"(29, 33, 45)",2.0541603257482093
"(7, 10, 32)",2.053479201145737
"(24, 44, 45)",2.052911349869201
"(17, 30, 42)",2.052643199672714
"(1, 23, 37)",2.050694079767384
"(2, 9, 32)",2.0490385133911424
"(27, 35, 41)",2.043647872628292
"(8, 22, 49)",2.0429815164825467
"(8, 27, 49)",2.0429815164825467
"(8, 42, 49)",2.0429815164825467
"(8, 46, 49)",2.0429815164825467
"(1, 13, 41)",2.0409327346345236
"(9, 17, 48)",2.040545165218051
"(10, 22, 35)",2.0386887427727944
"(13, 26, 43)",2.037734366338232
"(2, 32, 41)",2.032802459992436
"(18, 32, 41)",2.032802459992436
"(22, 32, 41)",2.032802459992436
"(32, 36, 41)",2.032802459992436
"(32, 41, 42)",2.032802459992436
"(32, 41, 46)",2.032802459992436
"(2, 18, 30)",2.030072705550376
"(2, 30, 42)",2.030072705550376
"(2, 30, 46)",2.030072705550376
"(18, 30, 42)",2.030072705550376
"(18, 30, 46)",2.030072705550376
"(30, 42, 46)",2.030072705550376
"(9, 23, 41)",2.0287972652433943
"(1, 2, 40)",2.026127546597207
"(1, 37, 45)",2.026037907954784
"(2, 17, 23)",2.025769619541438
"(17, 18, 23)",2.025769619541438
"(17, 22, 23)",2.025769619541438
"(17, 23, 27)",2.025769619541438
"(17, 23, 36)",2.025769619541438
"(17, 23, 46)",2.025769619541438
"(2, 11, 46)",2.0228221835924085
"(11, 36, 46)",2.0228221835924085
"(13, 35, 36)",2.0214990231726544
"(6, 32, 36)",2.0174429179957505
"(1, 2, 35)",2.0166278911721447
"(23, 33, 45)",2.0164829949039755
"(24, 43, 45)",2.0153943280397337
"(21, 33, 44)",2.0153717194952794
"(16, 33, 42)",2.0096946414920382
"(2, 23)",2.00819202742774
"(18, 23)",2.00819202742774
"(22, 23)",2.00819202742774
"(23, 27)",2.00819202742774
"(23, 36)",2.00819202742774
"(23, 42)",2.00819202742774
"(23, 46)",2.00819202742774
"(32, 34, 42)",2.0064311436337747
"(6, 22, 43)",2.0041121232018844
"(2, 13, 40)",2.003263303211061
"(1, 18, 33)",2.003032012499357
"(17, 18, 45)",2.0011134477288386
"(17, 22, 45)",2.0011134477288386
"(17, 27, 45)",2.0011134477288386
"(17, 36, 45)",2.0011134477288386
"(17, 45, 46)",2.0011134477288386
"(7, 10, 35)",2.000931353622873
"(21, 27, 30)",1.998168488805672
"(21, 30, 36)",1.9981684888056717
"(2, 9, 35)",1.996490665868279
"(16, 29, 36)",1.9919082709221816
"(1, 18, 32)",1.98818928174248
"(1, 33, 48)",1.9863266002701503
"(17, 41, 44)",1.9851062913493254
"(9, 18, 29)",1.9827516892065984
"(9, 22, 29)",1.9827516892065984
"(9, 27, 29)",1.9827516892065984
"(9, 29, 42)",1.9827516892065984
"(9, 29, 46)",1.9827516892065984
"(17, 31, 46)",1.98204428772708
"(28, 41, 49)",1.9816923384655438
"(7, 10, 44)",1.979874687838739
"(21, 33, 43)",1.977854697665812
"(9, 27, 48)",1.9771489977427792
"(43, 44, 48)",1.976217899349297
"(3, 15, 23)",1.9760050724095328
"(17, 32, 42)",1.9716500472337442
"(18, 45)",1.9712077697088404
"(22, 45)",1.9712077697088404
"(27, 45)",1.9712077697088404
"(36, 45)",1.9712077697088404
"(45, 46)",1.9712077697088404
"(27, 32, 41)",1.9615205603515071
"(9, 14, 29)",1.9598704867991548
"(1, 44, 47)",1.95834189225451
"(0, 21, 29)",1.9580408831157141
"(1, 13, 22)",1.9572098277534935
"(1, 13, 27)",1.9572098277534935
"(1, 13, 36)",1.9572098277534935
"(1, 13, 42)",1.9572098277534935
"(13, 28, 32)",1.9563538946594072
"(30, 37, 43)",1.9552975205052157
"(34, 35, 42)",1.9538832961109112
"(0, 7)",1.953029314989544
"(3, 15, 45)",1.9513489005969333
"(2, 18, 32)",1.949079553111406
"(2, 22, 32)",1.949079553111406
"(2, 27, 32)",1.949079553111406
"(2, 32, 36)",1.949079553111406
"(2, 32, 42)",1.949079553111406
"(2, 32, 46)",1.949079553111406
"(18, 22, 32)",1.949079553111406
"(18, 27, 32)",1.949079553111406
"(18, 32, 36)",1.949079553111406
"(18, 32, 42)",1.949079553111406
"(18, 32, 46)",1.949079553111406
"(22, 27, 32)",1.949079553111406
"(22, 32, 36)",1.949079553111406
"(22, 32, 42)",1.949079553111406
"(22, 32, 46)",1.949079553111406
"(27, 32, 36)",1.949079553111406
"(27, 32, 42)",1.949079553111406
"(27, 32, 46)",1.949079553111406
"(32, 36, 42)",1.949079553111406
"(32, 36, 46)",1.949079553111406
"(32, 42, 46)",1.949079553111406
"(41, 44)",1.9471970351395704
"(4, 27, 32)",1.9466989325888209
"(29, 30, 37)",1.9460418102454748
"(9, 18, 23)",1.9450743583623644
"(9, 22, 23)",1.9450743583623644
"(9, 23, 27)",1.9450743583623644
"(9, 23, 36)",1.9450743583623644
"(9, 23, 42)",1.9450743583623644
"(9, 23, 46)",1.9450743583623644
"(11, 16, 42)",1.9442909854391437
"(1, 26, 39)",1.942976973449051
"(29, 31, 48)",1.941705176416639
"(13, 16, 27)",1.9416776316932307
"(13, 22, 30)",1.9416015195350358
"(31, 46)",1.9409717220260683
"(3, 23, 25)",1.9405690911169837
"(9, 17)",1.9398819120002249
"(27, 29, 31)",1.935791350437071
"(1, 18, 35)",1.9356414342196167
"(14, 36, 41)",1.9329110516249117
"(1, 37, 44)",1.9263078446942408
"(11, 13, 22)",1.9249750096926863
"(9, 14, 23)",1.9221931559549206
"(0, 21, 23)",1.9203635522714801
"(25, 29, 34)",1.9201557692328581
"(17, 35, 42)",1.9191021997108808
"(13, 29, 36)",1.9163074234324262
"(3, 25, 45)",1.9159129193043842
"(23, 35, 43)",1.9155347799033453
"(7, 23, 44)",1.9143203335425811
"(0, 7, 9)",1.9096941615114305
"(6, 27, 30)",1.9093926764902895
"(23, 30, 37)",1.908364479401241
"(9, 41, 44)",1.9044110301702517
"(23, 31, 48)",1.9040278455724051
"(2, 21, 35)",1.903455526688095
"(18, 21, 35)",1.903455526688095
"(21, 22, 35)",1.903455526688095
"(21, 27, 35)",1.903455526688095
"(21, 35, 42)",1.903455526688095
"(21, 35, 46)",1.903455526688095
"(2, 17, 44)",1.9013833844682955
"(17, 18, 44)",1.9013833844682955
"(17, 22, 44)",1.9013833844682955
"(17, 27, 44)",1.9013833844682955
"(17, 36, 44)",1.9013833844682955
"(17, 44, 46)",1.9013833844682955
"(9, 31, 46)",1.9013490265480062
"(1, 29, 41)",1.8994306416848972
"(23, 27, 31)",1.898114019592837
"(27, 28, 49)",1.8979694315845137
"(28, 36, 49)",1.8979694315845137
"(28, 42, 49)",1.8979694315845137
"(42, 47)",1.8966693007189492
"(2, 18, 35)",1.8965317055885427
"(2, 22, 35)",1.8965317055885427
"(2, 27, 35)",1.8965317055885427
"(2, 35, 42)",1.8965317055885427
"(2, 35, 46)",1.8965317055885427
"(18, 22, 35)",1.8965317055885427
"(18, 27, 35)",1.8965317055885427
"(18, 35, 42)",1.8965317055885427
"(18, 35, 46)",1.8965317055885427
"(22, 27, 35)",1.8965317055885427
"(22, 35, 42)",1.8965317055885427
"(22, 35, 46)",1.8965317055885427
"(27, 35, 42)",1.8965317055885427
"(27, 35, 46)",1.8965317055885427
"(35, 42, 46)",1.8965317055885427
"(13, 23, 43)",1.8961593150095633
"(0, 21, 45)",1.8957073804588807
"(0, 17, 32)",1.893788892449866
"(33, 44, 45)",1.8920967598308325
"(7, 44, 45)",1.8896641617299816
"(11, 17, 35)",1.8862567281422096
"(2, 4, 8)",1.8861581096062023
"(16, 27, 41)",1.8855130587153128
"(9, 24, 45)",1.8838394367915783
"(30, 37, 45)",1.8837083075886416
"(23, 25, 34)",1.8824784383886244
"(31, 45, 48)",1.8793716737598056
"(0, 34, 41)",1.8737154495445045
"(1, 17, 48)",1.8735012108153197
"(27, 31, 45)",1.8734578477802375
"(1, 4, 8)",1.8729376459975393
"(9, 42, 47)",1.8715094946702064
"(4, 23, 27)",1.869050980472316
"(27, 33, 41)",1.8677330864411523
"(1, 4, 32)",1.8637783114377022
"(2, 29, 40)",1.861761210261435
"(1, 23, 41)",1.861753310840663
"(1, 30, 43)",1.8586353018375195
"(25, 34, 45)",1.857822266576025
"(11, 27, 41)",1.8564920014684059
"(2, 9, 33)",1.8555402122348204
"(4, 9, 27)",1.8553789972740828
"(33, 43, 45)",1.854579738001365
"(13, 16, 29)",1.8540768557479173
"(13, 32, 49)",1.8537316590056732
"(6, 17, 44)",1.853216057605945
"(2, 14, 36)",1.8491881447438818
"(14, 18, 36)",1.8491881447438818
"(14, 27, 36)",1.8491881447438818
"(14, 36, 42)",1.8491881447438818
"(9, 37, 45)",1.8480750283546392
"(4, 27, 45)",1.8443948086597166
"(23, 35, 36)",1.842319599378794
"(16, 18, 27)",1.8374578324122202
"(1, 41, 45)",1.8370971390280637
"(9, 13, 37)",1.8369825982501422
"(6, 17, 28)",1.8325977224947398
"(1, 9, 13)",1.8305590325323098
"(27, 30, 39)",1.8303172440210642
"(30, 36, 39)",1.830317244021064
"(11, 29, 46)",1.8301453988262786
"(6, 36, 46)",1.829421508187499
"(4, 13, 26)",1.8287334169468856
"(1, 13, 43)",1.8273936546308862
"(16, 33, 41)",1.8261553165176716
"(2, 44)",1.8216126748180255
"(18, 44)",1.8216126748180255
"(22, 44)",1.8216126748180255
"(27, 44)",1.8216126748180255
"(36, 44)",1.8216126748180255
"(42, 44)",1.8216126748180255
"(44, 46)",1.8216126748180255
"(9, 18, 44)",1.8206881232892216
"(9, 22, 44)",1.8206881232892216
"(9, 27, 44)",1.8206881232892216
"(9, 36, 44)",1.8206881232892216
"(9, 42, 44)",1.8206881232892216
"(9, 44, 46)",1.8206881232892216
"(13, 27, 33)",1.820626647865071
"(9,)",1.8188390202316143
"(29, 36, 44)",1.8178726475758042
"(35, 36, 45)",1.8176634275661945
"(3, 25, 44)",1.8161828560438409
"(1, 22, 29)",1.8157077348038673
"(1, 27, 29)",1.8157077348038673
"(1, 29, 42)",1.8157077348038673
"(1, 29, 46)",1.8157077348038673
"(28, 29, 32)",1.8148518017097808
"(3, 15, 43)",1.8141018155069224
"(0, 9, 32)",1.8130936312707924
"(13, 23, 40)",1.811630801177772
"(1, 27, 48)",1.810105043340048
"(0, 32)",1.8082407469038069
"(9, 11, 35)",1.8055614669631357
"(2, 25, 35)",1.8031574955790253
"(18, 25, 35)",1.8031574955790253
"(22, 25, 35)",1.8031574955790253
"(25, 27, 35)",1.8031574955790253
"(25, 35, 42)",1.8031574955790253
"(25, 35, 46)",1.8031574955790253
"(7, 10, 17)",1.8010860970640348
"(22, 29, 30)",1.8000994265854093
"(2, 13, 31)",1.7989447930715183
"(9, 14, 44)",1.797806920881778
"(17, 18, 24)",1.7975057772067418
"(11, 35)",1.7973141505759924
"(9, 13, 33)",1.793247377968788
"(11, 23, 46)",1.7924680679820448
"(0, 2, 34)",1.7899925426634746
"(0, 18, 34)",1.7899925426634746
"(0, 22, 34)",1.7899925426634746
"(0, 27, 34)",1.7899925426634746
"(0, 34, 36)",1.7899925426634746
"(30, 37, 44)",1.783978244328098
"(11, 22, 29)",1.7834729167430599
"(9, 18, 43)",1.783171101459754
"(9, 22, 43)",1.783171101459754
"(9, 27, 43)",1.783171101459754
"(9, 36, 43)",1.783171101459754
"(9, 42, 43)",1.783171101459754
"(9, 43, 46)",1.783171101459754
"(17, 39, 43)",1.780152414649429
"(1, 9, 45)",1.779029669915427
"(3, 25, 43)",1.7786658342143733
"(1, 22, 23)",1.778030403959633
"(1, 23, 27)",1.778030403959633
"(1, 23, 36)",1.778030403959633
"(1, 23, 42)",1.778030403959633
"(1, 23, 46)",1.778030403959633
"(23, 28, 32)",1.7771744708655468
"(10, 29, 46)",1.7770683056596588
"(27, 31, 44)",1.7737277845196942
"(6, 9, 44)",1.7725207964268714
"(11, 35, 46)",1.771956350311361
"(18, 24, 42)",1.7707872617141454
"(11, 45, 46)",1.7678118961694453
"(18, 43)",1.765337142073824
"(22, 43)",1.765337142073824
"(27, 43)",1.765337142073824
"(36, 43)",1.765337142073824
"(42, 43)",1.765337142073824
"(43, 46)",1.765337142073824
"(4, 32, 41)",1.7648834849490687
"(16, 23, 27)",1.7624982078993703
"(22, 23, 30)",1.7624220957411754
"(9, 14, 43)",1.7602898990523101
"(9, 30, 37)",1.7600390006935454
"(8, 13, 29)",1.7598437883651479
"(0, 21, 43)",1.7584602953688697
"(25, 34, 44)",1.7580922033154813
"(23, 29, 43)",1.7546572220599368
"(1, 22, 45)",1.7533742321470336
"(1, 27, 45)",1.7533742321470336
"(1, 36, 45)",1.7533742321470336
"(1, 45, 46)",1.7533742321470336
"(2, 13, 43)",1.7531689156720347
"(28, 32, 45)",1.7525182990529475
"(7, 43, 44)",1.7524170766399707
"(6, 9, 28)",1.751902461315666
"(2, 4, 26)",1.7505278223461518
"(4, 18, 26)",1.7505278223461518
"(4, 22, 26)",1.7505278223461518
"(4, 26, 42)",1.7505278223461518
"(4, 26, 46)",1.7505278223461518
"(11, 22, 35)",1.748602607059436
"(6, 44)",1.7479968805285668
"(2, 40, 46)",1.7465812718284879
"(11, 22, 23)",1.7457955858988259
"(4, 27, 44)",1.7446647453991733
"(0, 1, 7)",1.7426502071086993
"(17, 27, 48)",1.7424660110204142
"(2, 16, 33)",1.7424324096366415
"(16, 22, 33)",1.7424324096366415
"(16, 33, 36)",1.7424324096366415
"(16, 33, 46)",1.7424324096366415
"(31, 43, 48)",1.7421245886697947
"(4, 13, 17)",1.7399089417283498
"(10, 23, 46)",1.7393909748154246
"(13, 35, 43)",1.7392742959622682
"(2, 30, 40)",1.7379029368223091
"(16, 27, 45)",1.7378420360867708
"(22, 30, 45)",1.7377659239285759
"(1, 41, 44)",1.7373670757675204
"(23, 29, 36)",1.7371279996385658
"(27, 31, 43)",1.7362107626902266
"(1, 31, 46)",1.7343050721452749
"(7, 38, 41)",1.7337205657292796
"(14, 17, 34)",1.7335785223206994
"(17, 18, 49)",1.7333520335750305
"(2, 25, 38)",1.7247800022212796
"(18, 25, 38)",1.7247800022212796
"(22, 25, 38)",1.7247800022212796
"(25, 27, 38)",1.7247800022212796
"(25, 36, 38)",1.7247800022212796
"(25, 38, 42)",1.7247800022212796
"(25, 38, 46)",1.7247800022212796
"(8, 13, 23)",1.722166457520914
"(1, 13, 30)",1.7215403747805043
"(13, 41, 43)",1.7212679505081354
"(11, 22, 45)",1.7211394140862264
"(2, 13, 46)",1.720873356964184
"(13, 36, 46)",1.720873356964184
"(25, 34, 43)",1.720575181486014
"(35, 36, 44)",1.7179333643056514
"(9, 18, 24)",1.716810516027668
"(6, 28)",1.7161377601076437
"(10, 45, 46)",1.714734803002825
"(29, 36, 45)",1.7124718278259663
"(29, 32, 49)",1.7122295660560467
"(13, 18, 33)",1.7093730402944454
"(17, 26, 47)",1.7093122577733908
"(21, 30, 41)",1.709166727992989
"(4, 27, 43)",1.7071477235697057
"(7, 13, 38)",1.7000298848059283
"(2, 40, 44)",1.6996976443440581
"(2, 35, 47)",1.699279946945827
"(18, 35, 47)",1.699279946945827
"(22, 35, 47)",1.699279946945827
"(27, 35, 47)",1.699279946945827
"(35, 46, 47)",1.699279946945827
"(9, 29, 37)",1.6954805053005158
"(23, 43, 45)",1.6923237194031033
"(1, 17)",1.689315980396128
"(1, 9, 29)",1.6890569395826833
"(27, 44, 48)",1.6882773679747625
"(1, 29, 43)",1.6858915616812598
"(2, 29, 45)",1.6848555916379178
"(2, 6, 44)",1.6836850466899236
"(4, 17, 29)",1.6798884480538883
"(0, 17, 46)",1.679847401206643
"(0, 15, 17)",1.6791780664268832
"(27, 29, 33)",1.6791245549154445
"(2, 6, 17)",1.6783777212482391
"(4, 27, 36)",1.6757309241667255
"(22, 30, 37)",1.6751706208718056
"(16, 23, 29)",1.6748974319540568
"(23, 32, 49)",1.6745522352118127
"(17, 19, 22)",1.6743007711290456
"(23, 29, 40)",1.6701287082281455
"(11, 44, 46)",1.6680818329089018
"(2, 11, 16)",1.666188691032684
"(11, 16, 18)",1.666188691032684
"(11, 16, 36)",1.666188691032684
"(28, 32, 46)",1.66533578762046
"(18, 24)",1.662828394735803
"(22, 28, 32)",1.6622718370563274
"(18, 32, 49)",1.6617075180993734
"(10, 13, 22)",1.6601311459299384
"(9, 23, 37)",1.6578031744562818
"(13, 37, 43)",1.6574504920797937
"(2, 29, 31)",1.657442700121892
"(6, 30, 41)",1.657214458309097
"(1, 22, 44)",1.6536441688864905
"(1, 27, 44)",1.6536441688864905
"(1, 36, 44)",1.6536441688864905
"(1, 42, 44)",1.6536441688864905
"(1, 44, 46)",1.6536441688864905
"(28, 32, 44)",1.6527882357924042
"(9, 18, 49)",1.6526567723959569
"(17, 30, 40)",1.6523681094121132
"(9, 29, 33)",1.6517452850191616
"(1, 9, 23)",1.6513796087384494
"(16, 29, 45)",1.6502412601414573
"(32, 45, 49)",1.6498960633992132
"(2, 23, 45)",1.6471782607936838
"(0, 1, 32)",1.6460496768680608
"(23, 27, 33)",1.6414472240712106
"(1, 11, 35)",1.6385175125604046
"(1, 2, 13)",1.638070294329289
"(22, 30, 44)",1.6380358606680325
"(17, 28, 46)",1.6361273541295052
"(33, 41, 48)",1.6308137881433735
"(11, 43, 46)",1.6305648110794344
"(17, 22, 28)",1.6300040454904683
"(9, 26, 47)",1.6286169965943171
"(11, 13, 41)",1.6269209194550596
"(2, 21, 30)",1.625443821111959
"(18, 21, 30)",1.625443821111959
"(21, 30, 42)",1.625443821111959
"(21, 30, 46)",1.625443821111959
"(18, 24, 45)",1.625052608757216
"(1, 43, 45)",1.6235580590244263
"(7, 10, 13)",1.6223737567800174
"(11, 22, 44)",1.621409350825683
"(2, 23, 31)",1.619765369277658
"(2, 9, 13)",1.6179330690254232
"(28, 32, 43)",1.6152712139629366
"(10, 44, 46)",1.615004739742282
"(9, 23, 33)",1.6140679541749277
"(2, 29, 43)",1.6116668227224085
"(7, 17, 44)",1.608907515369026
"(23, 40, 45)",1.607795205571312
"(27, 33, 48)",1.6074675958121412
"(1, 6, 44)",1.6054768420241403
"(2, 13, 41)",1.6016970156267167
"(13, 18, 41)",1.6016970156267167
"(13, 22, 41)",1.6016970156267167
"(13, 36, 41)",1.6016970156267167
"(13, 41, 42)",1.6016970156267167
"(6, 22, 44)",1.6015324325487348
"(16, 27, 43)",1.6005949509967599
"(22, 30, 43)",1.600518838838565
"(0, 9, 46)",1.5991521400275692
"(0, 9, 15)",1.5984828052478095
"(8, 13, 44)",1.597780222447771
"(29, 35, 43)",1.5977722030126418
"(1, 2, 37)",1.5957024875003074
"(5, 29, 46)",1.5942597107788088
"(9, 19, 22)",1.5936055099499717
"(23, 43, 44)",1.59259365614256
"(26, 39, 41)",1.5874641613222742
"(6, 13, 36)",1.5863374736300313
"(1, 6, 28)",1.5848585069129348
"(11, 22, 43)",1.5838923289962155
"(1, 29, 30)",1.5800382818308778
"(29, 41, 43)",1.579765857558509
"(10, 43, 46)",1.5774877179128142
"(4, 13)",1.5766068008671115
"(13, 34, 42)",1.5753256992680553
"(29, 36, 43)",1.5752247427359554
"(1, 9, 30)",1.5751272802566805
"(6, 18, 30)",1.573491551428067
"(6, 30, 42)",1.573491551428067
"(6, 30, 46)",1.573491551428067
"(9, 30, 40)",1.5716728482330393
"(30, 39, 41)",1.568487582152155
"(18, 49)",1.5681152764125779
"(18, 29, 33)",1.567870947344819
"(34, 42, 45)",1.565596675328589
"(14, 34)",1.5650830971365177
"(0, 7, 22)",1.5642791784946546
"(8, 13, 43)",1.5602632006183035
"(7, 29, 38)",1.5585277918563019
"(1, 13, 18)",1.5570838373767608
"(5, 23, 46)",1.5565823799345748
"(9, 28, 46)",1.5554320929504315
"(1, 18, 37)",1.5551788890514382
"(7, 17, 42)",1.5551590492069687
"(0, 9, 48)",1.5551585720228727
"(17, 38, 41)",1.553150767517021
"(32, 44, 49)",1.55016600013867
"(9, 22, 28)",1.5493087843113944
"(13, 17, 26)",1.5478178728786278
"(2, 33, 48)",1.5470908812623434
"(22, 33, 48)",1.5470908812623434
"(33, 36, 48)",1.5470908812623434
"(33, 42, 48)",1.5470908812623434
"(33, 46, 48)",1.5470908812623434
"(4, 13, 27)",1.545364229120185
"(13, 29, 45)",1.5448666445962767
"(1, 23, 30)",1.5423609509866438
"(13, 17, 42)",1.540544602868025
"(35, 43, 45)",1.535438700355808
"(9, 37, 44)",1.533416939383139
"(5, 45, 46)",1.5319262081219753
"(26, 47)",1.5313231219007863
"(13, 27, 41)",1.530415115985788
"(18, 23, 33)",1.530193616500585
"(1, 9, 44)",1.5269933736653065
"(17, 24, 45)",1.5254778345801292
"(1, 43, 44)",1.523827995763883
"(2, 44, 45)",1.522792025720541
"(7, 23, 38)",1.520850461012068
"(10, 22, 29)",1.518629052980312
"(17, 41, 48)",1.517988398688543
"(2, 13, 18)",1.5179741087456868
"(2, 13, 22)",1.5179741087456868
"(2, 13, 27)",1.5179741087456868
"(2, 13, 36)",1.5179741087456868
"(2, 13, 42)",1.5179741087456868
"(13, 18, 22)",1.5179741087456868
"(13, 18, 27)",1.5179741087456868
"(13, 18, 36)",1.5179741087456868
"(13, 18, 42)",1.5179741087456868
"(13, 22, 27)",1.5179741087456868
"(13, 22, 36)",1.5179741087456868
"(13, 22, 42)",1.5179741087456868
"(13, 27, 36)",1.5179741087456868
"(13, 27, 42)",1.5179741087456868
"(13, 36, 42)",1.5179741087456868
"(1, 30, 45)",1.5177047791740443
"(8, 23, 36)",1.517549062546696
"(41, 43, 45)",1.5174323549016753
"(27, 33, 44)",1.5170609889980677
"(2, 43, 45)",1.5165738664115709
"(29, 37, 43)",1.5159483991301672
"(6, 17, 22)",1.51419562974228
"(9, 14, 36)",1.513172412078684
"(16, 29, 43)",1.5129941750514464
"(32, 43, 49)",1.5126489783092023
"(23, 40, 44)",1.5080651423107687
"(13, 23, 45)",1.5071893137520427
"(2, 26, 39)",1.5037412544412443
"(18, 26, 39)",1.5037412544412443
"(22, 26, 39)",1.5037412544412443
"(26, 27, 39)",1.5037412544412443
"(26, 36, 39)",1.5037412544412443
"(26, 39, 42)",1.5037412544412443
"(26, 39, 46)",1.5037412544412443
"(4, 13, 46)",1.4995440340337325
"(1, 2, 29)",1.4965682013796626
"(7, 38, 45)",1.4961942891994682
"(2, 31, 44)",1.4953791342045153
"(8, 36, 45)",1.4928928907340966
"(1, 4, 13)",1.4921697261465448
"(9, 33, 44)",1.4896817191017848
"(0, 46)",1.4879788627988126
"(17, 21, 33)",1.4879382042062077
"(4, 29)",1.4866066007395704
"(2, 6)",1.4861290206590423
"(1, 14, 34)",1.4858393067388944
"(11, 29, 41)",1.485418826505433
"(0, 15)",1.4852598138755415
"(2, 30, 39)",1.484764675271125
"(18, 30, 39)",1.484764675271125
"(30, 39, 42)",1.484764675271125
"(30, 39, 46)",1.484764675271125
"(10, 22, 23)",1.480951722136078
"(7, 10, 29)",1.480871663830391
"(19, 22)",1.479874982437915
"(27, 33, 43)",1.4795439671686001
"(2, 9, 29)",1.4764309760757968
"(9, 38, 41)",1.4724555063379472
"(9, 13, 26)",1.4671226116995542
"(2, 29, 41)",1.4601949226770903
"(18, 29, 41)",1.4601949226770903
"(22, 29, 41)",1.4601949226770903
"(29, 41, 42)",1.4601949226770903
"(29, 41, 46)",1.4601949226770903
"(1, 2, 23)",1.4588908705354287
"(10, 22, 45)",1.4562955503234785
"(6, 22, 28)",1.455756662826011
"(37, 43, 45)",1.4536148964733335
"(9, 33, 43)",1.4521646972723172
"(2, 43, 44)",1.4496032568050317
"(8, 36, 46)",1.4489954610026308
"(11, 23, 41)",1.4477414956611991
"(30, 40)",1.4465626057405305
"(4, 27, 29)",1.4446334914594308
"(7, 10, 23)",1.443194332986157
"(2, 9, 23)",1.4387536452315628
"(35, 43, 44)",1.4357086370952648
"(2, 17, 48)",1.434265491807513
"(17, 18, 48)",1.434265491807513
"(17, 22, 48)",1.434265491807513
"(17, 36, 48)",1.434265491807513
"(17, 46, 48)",1.434265491807513
"(29, 34, 42)",1.433823606318429
"(4, 8, 18)",1.4337019269897326
"(4, 8, 22)",1.4337019269897326
"(4, 8, 42)",1.4337019269897326
"(4, 8, 46)",1.4337019269897326
"(6, 9, 22)",1.4335003685632064
"(5, 44, 46)",1.432196144861432
"(1, 4, 29)",1.432149232472083
"(0, 1, 46)",1.4321081856248379
"(1, 35, 43)",1.4316840147573089
"(0, 1, 15)",1.4314388508450782
"(4, 8, 13)",1.431332470171618
"(1, 17, 47)",1.430908376965438
"(1, 19, 22)",1.4265615555472406
"(4, 9, 41)",1.4257717206312854
"(2, 4, 32)",1.4245425924298956
"(4, 18, 32)",1.4245425924298956
"(4, 22, 32)",1.4245425924298956
"(4, 32, 42)",1.4245425924298956
"(4, 32, 46)",1.4245425924298956
"(11, 41, 45)",1.4230853238485996
"(7, 10, 46)",1.4228057191503924
"(28, 46)",1.4227053181027673
"(2, 23, 41)",1.4225175918328563
"(18, 23, 41)",1.4225175918328563
"(22, 23, 41)",1.4225175918328563
"(23, 36, 41)",1.4225175918328563
"(23, 41, 42)",1.4225175918328563
"(23, 41, 46)",1.4225175918328563
"(4, 23, 41)",1.4220951880079165
"(0, 48)",1.4197815286379105
"(7, 10, 45)",1.4185381611735575
"(1, 30, 44)",1.417974715913501
"(41, 43, 44)",1.417702291641132
"(1, 18, 29)",1.4155817444271344
"(22, 28)",1.4135180600469166
"(6, 22, 30)",1.4105912835133325
"(17, 42, 43)",1.4080316631950123
"(6, 23, 36)",1.4071580498361709
"(18, 33, 44)",1.405807381427442
"(9, 44, 48)",1.405606144710619
"(17, 42, 45)",1.4023425924783188
"(17, 29, 42)",1.3990425099183985
"(1, 17, 37)",1.3988743294051689
"(18, 41, 45)",1.3978614200202568
"(22, 41, 45)",1.3978614200202568
"(36, 41, 45)",1.3978614200202568
"(41, 45, 46)",1.3978614200202568
"(4, 41, 45)",1.3974390161953167
"(23, 34, 42)",1.396146275474195
"(5, 43, 46)",1.3946791230319644
"(8, 36, 44)",1.3931628274735532
"(37, 41, 43)",1.3921831646103355
"(27, 29, 41)",1.3889130230361615
"(2, 9, 37)",1.388908253204599
"(1, 28, 46)",1.3883881385477002
"(0, 1, 48)",1.388114617620141
"(0, 7, 41)",1.3871373949819226
"(13, 44, 45)",1.3828030786788998
"(6, 36, 45)",1.3825018780235714
"(1, 22, 28)",1.3822648299086633
"(31, 41, 46)",1.378792260018498
"(1, 18, 23)",1.3779044135829004
"(9, 17, 41)",1.3769775148811798
"(2, 18, 29)",1.3764720157960604
"(2, 22, 29)",1.3764720157960604
"(2, 27, 29)",1.3764720157960604
"(2, 29, 42)",1.3764720157960604
"(2, 29, 46)",1.3764720157960604
"(18, 22, 29)",1.3764720157960604
"(18, 27, 29)",1.3764720157960604
"(18, 29, 42)",1.3764720157960604
"(18, 29, 46)",1.3764720157960604
"(22, 27, 29)",1.3764720157960604
"(22, 29, 42)",1.3764720157960604
"(22, 29, 46)",1.3764720157960604
"(27, 29, 42)",1.3764720157960604
"(27, 29, 46)",1.3764720157960604
"(29, 42, 46)",1.3764720157960604
"(9, 39, 43)",1.3750513477402944
"(2, 27, 48)",1.3708693243322412
"(22, 27, 48)",1.3708693243322412
"(27, 36, 48)",1.3708693243322412
"(27, 42, 48)",1.3708693243322412
"(27, 46, 48)",1.3708693243322412
"(18, 33, 43)",1.3682903595979745
"(2, 37, 43)",1.3663155527769537
"(17, 33, 45)",1.3646632445417608
"(4, 13, 41)",1.3635487814804326
"(17, 23, 42)",1.3613651790741645
"(7, 38, 43)",1.3589472041094572
"(10, 22, 44)",1.3565654870629351
"(8, 36, 43)",1.3556458056440857
"(37, 43, 44)",1.3538848332127902
"(1, 18, 45)",1.353248241770301
"(23, 27, 41)",1.3512356921919275
"(7, 9, 17)",1.3511390794046094
"(41, 42, 47)",1.3489527281406986
"(13, 43, 45)",1.3452860568494323
"(2, 18, 23)",1.3387946849518264
"(2, 22, 23)",1.3387946849518264
"(2, 23, 27)",1.3387946849518264
"(2, 23, 36)",1.3387946849518264
"(2, 23, 42)",1.3387946849518264
"(2, 23, 46)",1.3387946849518264
"(18, 22, 23)",1.3387946849518264
"(18, 23, 27)",1.3387946849518264
"(18, 23, 36)",1.3387946849518264
"(18, 23, 42)",1.3387946849518264
"(18, 23, 46)",1.3387946849518264
"(22, 23, 27)",1.3387946849518264
"(22, 23, 36)",1.3387946849518264
"(22, 23, 42)",1.3387946849518264
"(22, 23, 46)",1.3387946849518264
"(23, 27, 36)",1.3387946849518264
"(23, 27, 42)",1.3387946849518264
"(23, 27, 46)",1.3387946849518264
"(23, 36, 42)",1.3387946849518264
"(23, 36, 46)",1.3387946849518264
"(23, 42, 46)",1.3387946849518264
"(1, 2, 44)",1.3345046354622858
"(28, 32, 49)",1.3326015491318919
"(27, 41, 45)",1.326579520379328
"(3, 15, 17)",1.324185322047318
"(11, 41, 44)",1.3233552605880563
"(17, 23, 43)",1.3218871517678452
"(10, 22, 43)",1.3190484652334675
"(1,)",1.3177071570234205
"(2, 9, 44)",1.31436741015842
"(18, 22, 45)",1.314138513139227
"(18, 27, 45)",1.314138513139227
"(18, 36, 45)",1.314138513139227
"(18, 45, 46)",1.314138513139227
"(22, 27, 45)",1.314138513139227
"(22, 36, 45)",1.314138513139227
"(22, 45, 46)",1.314138513139227
"(27, 36, 45)",1.314138513139227
"(27, 45, 46)",1.314138513139227
"(36, 45, 46)",1.314138513139227
"(1, 38, 41)",1.305411551935216
"(0, 2, 7)",1.3034144881008927
"(0, 7, 18)",1.3034144881008927
"(0, 7, 27)",1.3034144881008927
"(0, 7, 36)",1.3034144881008927
"(0, 7, 42)",1.3034144881008927
"(30, 36, 40)",1.3021031406624566
"(27, 30, 40)",1.3021031406624564
"(1, 13, 26)",1.3000786572968228
"(2, 41, 44)",1.2981313567597135
"(18, 41, 44)",1.2981313567597135
"(22, 41, 44)",1.2981313567597135
"(36, 41, 44)",1.2981313567597135
"(41, 42, 44)",1.2981313567597135
"(41, 44, 46)",1.2981313567597135
"(4, 41, 44)",1.2977089529347734
"(38, 41)",1.2974131308180006
"(18, 31, 46)",1.2950693531374682
"(22, 31, 46)",1.2950693531374682
"(31, 42, 46)",1.2950693531374682
"(9, 17, 18)",1.29325460800015
"(9, 17, 22)",1.29325460800015
"(9, 17, 27)",1.29325460800015
"(9, 17, 36)",1.29325460800015
"(9, 17, 46)",1.29325460800015
"(0, 32, 41)",1.2905368647412843
"(13, 26)",1.2901017135804735
"(3, 17, 25)",1.2887493407547692
"(7, 10, 43)",1.2812910760835465
"(2, 22, 28)",1.2783811092104487
"(1, 24, 45)",1.2777386189983244
"(34, 42, 44)",1.2717600404010523
"(9, 14, 17)",1.2703734055927058
"(0, 17, 21)",1.2685438019092654
"(1, 6, 22)",1.2664564141604753
"(2, 42, 47)",1.2652298212596684
"(18, 42, 47)",1.2652298212596684
"(22, 42, 47)",1.2652298212596684
"(27, 42, 47)",1.2652298212596684
"(36, 42, 47)",1.2652298212596684
"(42, 46, 47)",1.2652298212596684
"(4, 29, 41)",1.2628180438196783
"(17, 30, 37)",1.2565447290390264
"(24, 45)",1.254191964569917
"(1, 18, 44)",1.2535181785097576
"(6, 41, 44)",1.2499640298973633
"(17, 27, 31)",1.2462942692306225
"(4, 36, 41)",1.2461236475239286
"(6, 36, 43)",1.2452547929335605
"(27, 31, 48)",1.2438698800535812
"(3, 9, 15)",1.2434900608682442
"(1, 21, 33)",1.2401989886244027
"(6, 22)",1.2397943457745544
"(1, 44, 48)",1.2385621903078876
"(17, 42, 44)",1.2369789440010217
"(2, 10, 46)",1.2351154443177137
"(10, 36, 46)",1.2351154443177137
"(34, 42, 43)",1.2342430185715845
"(16, 27, 33)",1.232385765842369
"(1, 23, 43)",1.2315259976796917
"(17, 25, 34)",1.2306586880264097
"(6, 28, 41)",1.229345694786158
"(27, 41, 44)",1.2268494571187847
"(1, 17, 43)",1.2259618732928321
"(6, 36, 44)",1.221819195435518
"(1, 42, 47)",1.2214872536222947
"(4, 17, 27)",1.2172312301101014
"(2, 18, 44)",1.2144084498786836
"(2, 22, 44)",1.2144084498786836
"(2, 27, 44)",1.2144084498786836
"(2, 36, 44)",1.2144084498786836
"(2, 42, 44)",1.2144084498786836
"(2, 44, 46)",1.2144084498786836
"(18, 22, 44)",1.2144084498786836
"(18, 27, 44)",1.2144084498786836
"(18, 36, 44)",1.2144084498786836
"(18, 42, 44)",1.2144084498786836
"(18, 44, 46)",1.2144084498786836
"(22, 27, 44)",1.2144084498786836
"(22, 36, 44)",1.2144084498786836
"(22, 42, 44)",1.2144084498786836
"(22, 44, 46)",1.2144084498786836
"(27, 36, 44)",1.2144084498786836
"(27, 42, 44)",1.2144084498786836
"(27, 44, 46)",1.2144084498786836
"(36, 42, 44)",1.2144084498786836
"(36, 44, 46)",1.2144084498786836
"(42, 44, 46)",1.2144084498786836
"(1, 17, 41)",1.2099335604784485
"(3, 9, 25)",1.2080540795756953
"(0, 2, 32)",1.2068139578602541
"(0, 18, 32)",1.2068139578602541
"(0, 22, 32)",1.2068139578602541
"(0, 27, 32)",1.2068139578602541
"(0, 32, 36)",1.2068139578602541
"(0, 32, 42)",1.2068139578602541
"(1, 9, 43)",1.2018229199971744
"(35, 36, 46)",1.199505931579576
"(2, 11, 35)",1.199281793552598
"(11, 18, 35)",1.199281793552598
"(11, 27, 35)",1.199281793552598
"(11, 35, 42)",1.199281793552598
"(21, 33)",1.1987052074339815
"(44, 48)",1.1966436359379973
"(18, 24, 41)",1.1942537494981602
"(17, 35, 36)",1.1904998490165792
"(17, 35, 43)",1.1883639744097227
"(0, 9, 21)",1.1878485407301915
"(1, 7, 17)",1.184095125001878
"(7, 9, 44)",1.181805322001293
"(18, 22, 43)",1.176891428049216
"(18, 27, 43)",1.176891428049216
"(18, 36, 43)",1.176891428049216
"(18, 42, 43)",1.176891428049216
"(18, 43, 46)",1.176891428049216
"(22, 27, 43)",1.176891428049216
"(22, 36, 43)",1.176891428049216
"(22, 42, 43)",1.176891428049216
"(22, 43, 46)",1.176891428049216
"(27, 36, 43)",1.176891428049216
"(27, 42, 43)",1.176891428049216
"(27, 43, 46)",1.176891428049216
"(36, 42, 43)",1.176891428049216
"(36, 43, 46)",1.176891428049216
"(42, 43, 46)",1.176891428049216
"(1, 2, 30)",1.1758982463124505
"(2, 35, 43)",1.1750906651224766
"(2, 17, 40)",1.1722641290549862
"(9, 31, 48)",1.171512834031117
"(5, 42, 46)",1.1702048800660965
"(6, 18, 44)",1.1662411230163334
"(6, 27, 44)",1.1662411230163334
"(6, 42, 44)",1.1662411230163334
"(6, 44, 46)",1.1662411230163334
"(9, 27, 31)",1.1655990080515486
"(13, 26, 46)",1.1651522596208697
"(17, 41)",1.1560467622059627
"(39, 43)",1.1515803921586176
"(9, 25, 34)",1.1499634268473358
"(6, 18, 28)",1.1456227879051282
"(6, 27, 28)",1.1456227879051282
"(6, 28, 42)",1.1456227879051282
"(27, 33, 45)",1.1446102672077823
"(11, 17, 46)",1.14064831761983
"(2, 17, 43)",1.1398044926616304
"(1, 18, 30)",1.1353746478635813
"(14, 34, 41)",1.1303264946121176
"(18, 41, 49)",1.1301000058664488
"(1, 17, 22)",1.1262106535974186
"(1, 17, 27)",1.1262106535974186
"(1, 17, 36)",1.1262106535974186
"(1, 17, 46)",1.1262106535974186
"(17, 28, 32)",1.1253547205033325
"(17, 37, 43)",1.1244061408997676
"(9, 37, 43)",1.1185603146029355
"(1, 33, 45)",1.1169240289599558
"(7, 17)",1.116431829555117
"(1, 47)",1.1143647122227411
"(17, 41, 43)",1.1116834089514251
"(16, 17, 27)",1.1106784575371558
"(17, 22, 30)",1.1106023453789609
"(2, 18, 24)",1.11053084261713
"(18, 22, 24)",1.11053084261713
"(18, 24, 36)",1.11053084261713
"(9, 35, 36)",1.1098045878375056
"(26, 41, 47)",1.1060602300648092
"(11, 17, 22)",1.0939758355366114
"(1, 2, 45)",1.090430160521334
"(18, 33, 45)",1.0889417432492292
"(10, 17, 46)",1.08757122445321
"(17, 29, 36)",1.085308249276351
"(19, 22, 36)",1.0844689815865685
"(0, 41, 46)",1.0765953734980611
"(1, 3, 15)",1.076446106465513
"(0, 15, 41)",1.0759260387183014
"(2, 6, 41)",1.0751256935396576
"(19, 22, 41)",1.0710487434204639
"(8, 13, 17)",1.0703467071586992
"(1, 37)",1.0670662754230402
"(16, 27, 29)",1.0654678879211343
"(9, 11, 46)",1.0599530564407562
"(2, 9, 43)",1.0586194269162699
"(2, 23, 40)",1.0564030134170201
"(2, 4, 13)",1.052934007138738
"(4, 13, 18)",1.052934007138738
"(4, 13, 22)",1.052934007138738
"(4, 13, 42)",1.052934007138738
"(30, 40, 41)",1.0491160817035314
"(2, 14, 34)",1.0466035877310877
"(14, 18, 34)",1.0466035877310877
"(14, 22, 34)",1.0466035877310877
"(14, 27, 34)",1.0466035877310877
"(14, 34, 46)",1.0466035877310877
"(2, 18, 49)",1.0463770989854189
"(18, 22, 49)",1.0463770989854189
"(18, 36, 49)",1.0463770989854189
"(18, 42, 49)",1.0463770989854189
"(18, 46, 49)",1.0463770989854189
"(9, 28, 32)",1.0446594593242586
"(1, 3, 25)",1.0410101251729642
"(8, 13, 36)",1.0376508249062288
"(9, 41)",1.035003870437352
"(28, 41, 46)",1.0328753264209234
"(0, 41, 48)",1.0326018054933646
"(22, 28, 36)",1.0324824180213623
"(2, 17)",1.0304624018844177
"(17, 18)",1.0304624018844177
"(17, 22)",1.0304624018844177
"(17, 27)",1.0304624018844177
"(17, 36)",1.0304624018844177
"(17, 46)",1.0304624018844177
"(9, 16, 27)",1.0299831963580819
"(9, 22, 30)",1.029907084199887
"(22, 28, 41)",1.0267520177818863
"(16, 17, 29)",1.0230776815918423
"(17, 32, 49)",1.022732484849598
"(2, 26, 47)",1.0223373231837791
"(18, 26, 47)",1.0223373231837791
"(22, 26, 47)",1.0223373231837791
"(26, 27, 47)",1.0223373231837791
"(26, 36, 47)",1.0223373231837791
"(26, 46, 47)",1.0223373231837791
"(0, 1, 21)",1.0208045863274604
"(33, 45)",1.0150424207978679
"(1, 7, 44)",1.0147613675985616
"(9, 11, 22)",1.0132805743575375
"(9, 10, 46)",1.0068759632741364
"(9, 17, 37)",1.005983424094067
"(9, 29, 36)",1.0046129880972772
"(1, 31, 48)",1.0044688796283854
"(23, 41, 43)",1.0008002598782413
"(1, 9, 17)",0.9995598583762346
"(1, 27, 31)",0.9985550536488172
"(2, 13, 45)",0.9960001020176943
"(2, 17, 45)",0.9953585104314691
"(2, 4, 29)",0.9929135134642764
"(4, 18, 29)",0.9929135134642764
"(4, 22, 29)",0.9929135134642764
"(4, 29, 42)",0.9929135134642764
"(4, 29, 46)",0.9929135134642764
"(0, 18, 46)",0.9928724666170312
"(0, 22, 46)",0.9928724666170312
"(0, 27, 46)",0.9928724666170312
"(0, 42, 46)",0.9928724666170312
"(0, 2, 15)",0.9922031318372714
"(0, 15, 18)",0.9922031318372714
"(0, 15, 22)",0.9922031318372714
"(0, 15, 27)",0.9922031318372714
"(0, 15, 36)",0.9922031318372714
"(0, 15, 42)",0.9922031318372714
"(2, 6, 18)",0.9914027866586275
"(2, 6, 27)",0.9914027866586275
"(2, 6, 42)",0.9914027866586275
"(9, 13, 45)",0.9901002683918209
"(8, 9, 13)",0.9896514459796254
"(17, 27, 33)",0.9896274737089961
"(2, 19, 22)",0.9873258365394338
"(18, 19, 22)",0.9873258365394338
"(19, 22, 27)",0.9873258365394338
"(19, 22, 42)",0.9873258365394338
"(19, 22, 46)",0.9873258365394338
"(9, 23, 43)",0.9844648796744144
"(1, 25, 34)",0.9829194724446046
"(17, 23, 40)",0.9806316270216968
"(2, 23, 43)",0.9749326480448597
"(1, 4, 27)",0.9694920145282964
"(2, 17, 31)",0.9679456189154434
"(18, 30, 40)",0.9653931748225014
"(30, 40, 42)",0.9653931748225014
"(30, 40, 46)",0.9653931748225014
"(9, 17, 33)",0.9622482038127131
"(3, 15)",0.9503803175729404
"(35, 36, 43)",0.9492663385008923
"(18, 28, 46)",0.9491524195398934
"(27, 28, 46)",0.9491524195398934
"(28, 42, 46)",0.9491524195398934
"(0, 2, 48)",0.9488788986123344
"(0, 18, 48)",0.9488788986123344
"(0, 22, 48)",0.9488788986123344
"(0, 36, 48)",0.9488788986123344
"(0, 42, 48)",0.9488788986123344
"(13, 26, 41)",0.9445658451700462
"(22, 28, 46)",0.9440408234403292
"(18, 22, 28)",0.9430291109008564
"(22, 27, 28)",0.9430291109008564
"(22, 28, 42)",0.9430291109008564
"(1, 35, 36)",0.9427606334347743
"(9, 16, 29)",0.9423824204127687
"(9, 32, 49)",0.9420372236705243
"(27, 31, 46)",0.9236521898025971
"(24, 41, 45)",0.9222258068715474
"(6, 22, 41)",0.9109436020336984
"(9, 18)",0.9094195101158071
"(9, 22)",0.9094195101158071
"(9, 27)",0.9094195101158071
"(9, 36)",0.9094195101158071
"(9, 42)",0.9094195101158071
"(9, 46)",0.9094195101158071
"(2, 6, 22)",0.9072988788809497
"(5, 17, 46)",0.9047626295723603
"(9, 23, 40)",0.8999363658426232
"(27, 30, 37)",0.8980177769817118
"(30, 36, 37)",0.8980177769817117
"(7, 17, 22)",0.8979954739603323
"(3, 25)",0.8971740337346245
"(1, 11, 46)",0.8929091020380251
"(1, 17, 30)",0.8905412006244291
"(29, 36, 46)",0.8870358626095185
"(21, 33, 41)",0.8846861764976259
"(41, 44, 48)",0.8830493781811108
"(17, 18, 33)",0.8783738661383702
"(1, 28, 32)",0.8776155049215274
"(9, 14)",0.8716180661504683
"(0, 21)",0.8690808873128425
"(2, 38, 41)",0.8661758329274093
"(18, 38, 41)",0.8661758329274093
"(22, 38, 41)",0.8661758329274093
"(36, 38, 41)",0.8661758329274093
"(38, 41, 42)",0.8661758329274093
"(38, 41, 46)",0.8661758329274093
"(8, 17, 36)",0.8657293121844813
"(1, 16, 27)",0.8629392419553508
"(7, 44)",0.8621700358346644
"(2, 13, 26)",0.8608429382890161
"(13, 18, 26)",0.8608429382890161
"(13, 22, 26)",0.8608429382890161
"(13, 26, 27)",0.8608429382890161
"(13, 26, 36)",0.8608429382890161
"(13, 26, 42)",0.8608429382890161
"(13, 17, 45)",0.855369563389828
"(2, 28, 32)",0.8539470902382762
"(30, 37)",0.8529222610489499
"(33, 42, 45)",0.8515632667771642
"(1, 11, 22)",0.8462366199548063
"(31, 48)",0.8437533881844378
"(1, 10, 46)",0.8398320088714051
"(22, 24, 45)",0.8385028999905175
"(24, 27, 45)",0.8385028999905175
"(24, 36, 45)",0.8385028999905175
"(1, 29, 36)",0.837569033694546
"(27, 31)",0.8370709254157234
"(10, 17, 22)",0.8291319717738633
"(7, 17, 41)",0.8285823128751013
"(1, 41, 47)",0.8276563492568564
"(9, 35, 43)",0.8275798606271192
"(6, 18, 22)",0.8272206951526684
"(6, 22, 27)",0.8272206951526684
"(6, 22, 42)",0.8272206951526684
"(6, 22, 46)",0.8272206951526684
"(5, 9, 46)",0.8240673683932864
"(1, 8, 13)",0.8226074915768942
"(25, 34)",0.8122320829448909
"(2, 45, 46)",0.8108838857526147
"(9, 41, 43)",0.8095735151729864
"(1, 2, 17)",0.8070711201732139
"(2, 21, 33)",0.8009632696165959
"(21, 22, 33)",0.8009632696165959
"(21, 33, 36)",0.8009632696165959
"(21, 33, 42)",0.8009632696165959
"(21, 33, 46)",0.8009632696165959
"(2, 44, 48)",0.7993264713000808
"(18, 44, 48)",0.7993264713000808
"(22, 44, 48)",0.7993264713000808
"(36, 44, 48)",0.7993264713000808
"(42, 44, 48)",0.7993264713000808
"(44, 46, 48)",0.7993264713000808
"(11, 17, 41)",0.7959217452989844
"(1, 37, 41)",0.7956223016965871
"(4, 27)",0.7929632837306384
"(7, 9, 38)",0.7883354494707793
"(2, 9, 17)",0.7869338948693482
"(2, 31, 46)",0.7861974350861576
"(8, 9, 36)",0.7850340510054076
"(1, 41)",0.7844379388332552
"(1, 16, 29)",0.7753384660100373
"(1, 32, 49)",0.774993269267793
"(2, 17, 41)",0.7706978414706418
"(17, 18, 41)",0.7706978414706418
"(17, 22, 41)",0.7706978414706418
"(17, 36, 41)",0.7706978414706418
"(17, 41, 46)",0.7706978414706418
"(4, 17, 41)",0.7702754376457017
"(18, 39, 43)",0.7687716743297563
"(22, 39, 43)",0.7687716743297563
"(27, 39, 43)",0.7687716743297563
"(36, 39, 43)",0.7687716743297563
"(39, 42, 43)",0.7687716743297563
"(39, 43, 46)",0.7687716743297563
"(22, 30, 36)",0.7668351282592223
"(35, 36, 41)",0.7651317347524813
"(1, 18, 43)",0.762070287604075
"(33, 41, 45)",0.7614112168331789
"(6, 17, 36)",0.7553382994739561
"(35, 36)",0.7547652542187792
"(7, 22, 44)",0.7514398647457194
"(9, 10, 22)",0.7484367105947896
"(2, 7, 17)",0.7448594059940713
"(7, 17, 18)",0.7448594059940713
"(7, 17, 27)",0.7448594059940713
"(7, 17, 36)",0.7448594059940713
"(7, 17, 46)",0.7448594059940713
"(1, 22, 47)",0.7439334423758264
"(1, 27, 47)",0.7439334423758264
"(1, 36, 47)",0.7439334423758264
"(1, 46, 47)",0.7439334423758264
"(1, 27, 33)",0.7418882581271911
"(1, 30, 37)",0.740985297843171
"(1, 23, 40)",0.7328924114398919
"(2, 40)",0.7269875840412744
"(1, 17, 18)",0.7260846632206859
"(3, 15, 41)",0.7209332943387362
"(9, 11, 41)",0.7152264841199106
"(8, 13, 46)",0.7123199180429982
"(1, 22, 37)",0.7118993948155571
"(1, 27, 37)",0.7118993948155571
"(1, 36, 37)",0.7118993948155571
"(1, 37, 42)",0.7118993948155571
"(1, 37, 46)",0.7118993948155571
"(7, 9, 10)",0.7106793214448687
"(2, 43, 46)",0.705689980658956
"(17, 27, 41)",0.699415941829713
"(27, 41, 43)",0.6958899119140661
"(2, 8, 13)",0.6912807999275954
"(9, 18, 41)",0.690002580291568
"(9, 22, 41)",0.690002580291568
"(9, 36, 41)",0.690002580291568
"(9, 41, 42)",0.690002580291568
"(9, 41, 46)",0.690002580291568
"(5, 18, 46)",0.687820169979416
"(2, 17, 18)",0.6869749345896118
"(2, 17, 22)",0.6869749345896118
"(2, 17, 27)",0.6869749345896118
"(2, 17, 36)",0.6869749345896118
"(2, 17, 46)",0.6869749345896118
"(17, 18, 22)",0.6869749345896118
"(17, 18, 27)",0.6869749345896118
"(17, 18, 36)",0.6869749345896118
"(17, 18, 46)",0.6869749345896118
"(17, 22, 27)",0.6869749345896118
"(17, 22, 36)",0.6869749345896118
"(17, 22, 46)",0.6869749345896118
"(17, 27, 36)",0.6869749345896118
"(17, 27, 46)",0.6869749345896118
"(17, 36, 46)",0.6869749345896118
"(3, 25, 41)",0.6854973130461873
"(22, 27, 30)",0.6796554997785234
"(11, 46)",0.6793329161088497
"(22, 33, 45)",0.6776883099521489
"(33, 36, 45)",0.6776883099521489
"(33, 45, 46)",0.6776883099521489
"(6, 9, 36)",0.6746430382948824
"(1, 9, 37)",0.6707211679407542
"(9, 14, 41)",0.6671213778841242
"(0, 21, 41)",0.6652917742006836
"(9, 34, 42)",0.6636312639329066
"(7, 41, 44)",0.6592485554717847
"(1, 22)",0.6588535785117102
"(1, 27)",0.6588535785117102
"(1, 36)",0.6588535785117102
"(1, 42)",0.6588535785117102
"(1, 46)",0.6588535785117102
"(1, 5, 46)",0.6570234139905553
"(28, 32)",0.655624382437317
"(30, 37, 41)",0.6532927013304445
"(31, 41, 48)",0.6489560675016087
"(2, 3, 15)",0.6372103874577062
"(3, 15, 18)",0.6372103874577062
"(3, 15, 22)",0.6372103874577062
"(3, 15, 27)",0.6372103874577062
"(3, 15, 36)",0.6372103874577062
"(3, 15, 42)",0.6372103874577062
"(3, 15, 46)",0.6372103874577062
"(22, 30)",0.63483899918023
"(16, 27)",0.6344947012491546
"(9, 17, 42)",0.6288501675328763
"(25, 34, 41)",0.6274066603178278
"(16, 27, 42)",0.6249213367362111
"(1, 7, 38)",0.621291495068048
"(9, 27, 41)",0.6187206806506392
"(1, 8, 36)",0.6179900966026763
"(11, 22)",0.6093066995186894
"(1, 13, 45)",0.6076303478080229
"(9, 18, 22)",0.606279673410538
"(9, 18, 27)",0.606279673410538
"(9, 18, 36)",0.606279673410538
"(9, 18, 42)",0.606279673410538
"(9, 18, 46)",0.606279673410538
"(9, 22, 27)",0.606279673410538
"(9, 22, 36)",0.606279673410538
"(9, 22, 42)",0.606279673410538
"(9, 22, 46)",0.606279673410538
"(9, 27, 36)",0.606279673410538
"(9, 27, 42)",0.606279673410538
"(9, 27, 46)",0.606279673410538
"(9, 36, 42)",0.606279673410538
"(9, 36, 46)",0.606279673410538
"(9, 42, 46)",0.606279673410538
"(2, 3, 25)",0.6017744061651573
"(3, 18, 25)",0.6017744061651573
"(3, 22, 25)",0.6017744061651573
"(3, 25, 27)",0.6017744061651573
"(3, 25, 36)",0.6017744061651573
"(3, 25, 42)",0.6017744061651573
"(3, 25, 46)",0.6017744061651573
"(10, 46)",0.600268387563474
"(29, 36)",0.5971333526712506
"(9, 27, 33)",0.5895878685968235
"(16, 29, 42)",0.5851828360675051
"(9, 14, 18)",0.5833984710030942
"(9, 14, 22)",0.5833984710030942
"(9, 14, 27)",0.5833984710030942
"(9, 14, 42)",0.5833984710030942
"(9, 14, 46)",0.5833984710030942
"(0, 2, 21)",0.5815688673196536
"(0, 18, 21)",0.5815688673196536
"(0, 21, 22)",0.5815688673196536
"(0, 21, 27)",0.5815688673196536
"(0, 21, 36)",0.5815688673196536
"(0, 21, 42)",0.5815688673196536
"(1, 10, 22)",0.5813927561920583
"(1, 37, 43)",0.579124283404584
"(2, 7, 44)",0.5755256485907547
"(7, 18, 44)",0.5755256485907547
"(7, 27, 44)",0.5755256485907547
"(7, 36, 44)",0.5755256485907547
"(7, 42, 44)",0.5755256485907547
"(7, 44, 46)",0.5755256485907547
"(8, 13)",0.5736124742332094
"(2, 30, 37)",0.5695697944494145
"(18, 30, 37)",0.5695697944494145
"(30, 37, 42)",0.5695697944494145
"(30, 37, 46)",0.5695697944494145
"(2, 40, 41)",0.5690121013464045
"(23, 43)",0.5664766457049205
"(18, 31, 48)",0.5652331606205787
"(22, 31, 48)",0.5652331606205787
"(31, 36, 48)",0.5652331606205787
"(31, 42, 48)",0.5652331606205787
"(22, 27, 31)",0.5593193346410106
"(27, 31, 36)",0.5593193346410106
"(27, 31, 42)",0.5593193346410106
"(22, 35, 36)",0.5490639578931462
"(1, 11, 41)",0.5481825297171794
"(2, 25, 34)",0.5436837534367978
"(18, 25, 34)",0.5436837534367978
"(22, 25, 34)",0.5436837534367978
"(25, 27, 34)",0.5436837534367978
"(25, 34, 36)",0.5436837534367978
"(25, 34, 46)",0.5436837534367978
"(1, 7, 10)",0.5436353670421373
"(9, 18, 33)",0.5339193446382705
"(1, 22, 30)",0.531762625162572
"(2, 4, 27)",0.5302562955204896
"(4, 22, 27)",0.5302562955204896
"(4, 27, 42)",0.5302562955204896
"(4, 27, 46)",0.5302562955204896
"(2, 6, 36)",0.5275856417677328
"(1, 22, 41)",0.5229586258888368
"(1, 36, 41)",0.5229586258888368
"(1, 41, 42)",0.5229586258888368
"(1, 41, 46)",0.5229586258888368
"(1, 4, 41)",0.5225362220638967
"(28, 32, 41)",0.5221026927947506
"(7, 22, 38)",0.5181226677212556
"(1, 41, 43)",0.5169494947322049
"(11, 22, 36)",0.5111983527562579
"(1, 6, 36)",0.5075990838921512
"(22, 30, 41)",0.507350317670379
"(2, 35, 36)",0.5035249144269676
"(18, 35, 36)",0.5035249144269676
"(27, 35, 36)",0.5035249144269676
"(35, 36, 42)",0.5035249144269676
"(16, 29)",0.5025447834299008
"(32, 49)",0.5011890628237607
"(1, 34, 42)",0.4965873095301754
"(2, 18, 40)",0.4852891944653745
"(2, 22, 40)",0.4852891944653745
"(2, 27, 40)",0.4852891944653745
"(2, 36, 40)",0.4852891944653745
"(2, 40, 42)",0.4852891944653745
"(10, 41, 46)",0.48431919674462826
"(29, 36, 41)",0.4820562215677692
"(1, 30, 36)",0.48114755112216223
"(1, 27, 30)",0.4811475511221619
"(1, 9, 18)",0.47856226602323615
"(9, 37)",0.4775200464441905
"(1, 9)",0.4686026736189632
"(8, 13, 41)",0.4670946794501174
"(1, 43)",0.4636395474871764
"(2, 45)",0.4621983934723124
"(1, 17, 42)",0.461806213130145
"(13, 45, 46)",0.45837397614047637
"(11, 18, 46)",0.4536733830302183
"(11, 27, 46)",0.4536733830302183
"(11, 42, 46)",0.4536733830302183
"(27, 33)",0.4528407527124606
"(1, 27, 41)",0.45167672624790794
"(6, 22, 36)",0.445433027620619
"(2, 8, 36)",0.4437282169453109
"(1, 22, 27)",0.4392357190078068
"(1, 22, 36)",0.4392357190078068
"(1, 22, 42)",0.4392357190078068
"(1, 22, 46)",0.4392357190078068
"(1, 27, 36)",0.4392357190078068
"(1, 27, 42)",0.4392357190078068
"(1, 27, 46)",0.4392357190078068
"(1, 36, 42)",0.4392357190078068
"(1, 36, 46)",0.4392357190078068
"(1, 42, 46)",0.4392357190078068
"(23, 40)",0.4389652065826182
"(18, 28, 32)",0.4383797859137206
"(27, 28, 32)",0.4383797859137206
"(28, 32, 36)",0.4383797859137206
"(28, 32, 42)",0.4383797859137206
"(22, 29, 36)",0.4303098284470389
"(11, 22, 46)",0.42796414596792814
"(2, 16, 27)",0.42370352294754393
"(16, 22, 27)",0.42370352294754393
"(16, 27, 36)",0.42370352294754393
"(16, 27, 46)",0.42370352294754393
"(2, 22, 30)",0.423627410789349
"(18, 22, 30)",0.423627410789349
"(22, 30, 42)",0.423627410789349
"(22, 30, 46)",0.423627410789349
"(16, 29, 41)",0.4198256538832605
"(32, 41, 49)",0.4194804571410163
"(2, 31)",0.4194436211768995
"(2, 27, 31)",0.4162225677542538
"(9, 33)",0.41153434409145867
"(2, 11, 22)",0.4070009009469995
"(11, 18, 22)",0.4070009009469995
"(11, 22, 27)",0.4070009009469995
"(11, 22, 42)",0.4070009009469995
"(9, 37, 41)",0.4027313963854853
"(10, 18, 46)",0.40059628986359824
"(10, 27, 46)",0.40059628986359824
"(10, 42, 46)",0.40059628986359824
"(2, 29, 36)",0.3983333146867392
"(18, 29, 36)",0.3983333146867392
"(27, 29, 36)",0.3983333146867392
"(29, 36, 42)",0.3983333146867392
"(1, 9, 41)",0.3963078306676529
"(2, 41, 45)",0.3921064827228873
"(2, 42, 45)",0.3851763134735056
"(8, 13, 18)",0.3833717725690874
"(8, 13, 22)",0.3833717725690874
"(8, 13, 27)",0.3833717725690874
"(8, 13, 42)",0.3833717725690874
"(18, 23, 43)",0.3781852062638764
"(22, 23, 43)",0.3781852062638764
"(23, 27, 43)",0.3781852062638764
"(23, 36, 43)",0.3781852062638764
"(23, 42, 43)",0.3781852062638764
"(23, 43, 46)",0.3781852062638764
"(23, 40, 41)",0.3773795993131151
"(2, 31, 41)",0.3646935912068615
"(9, 33, 41)",0.35899617610413126
"(2, 9, 46)",0.3529294462573139
"(2, 43)",0.3524392500055971
"(2, 16, 29)",0.33610274700223053
"(16, 18, 29)",0.33610274700223053
"(16, 22, 29)",0.33610274700223053
"(16, 29, 46)",0.33610274700223053
"(2, 32, 49)",0.33575755025998627
"(22, 32, 49)",0.33575755025998627
"(27, 32, 49)",0.33575755025998627
"(32, 36, 49)",0.33575755025998627
"(32, 42, 49)",0.33575755025998627
"(32, 46, 49)",0.33575755025998627
"(1, 2, 43)",0.3318740344937417
"(35, 43)",0.3308812673150124
"(5, 46)",0.3240578287475839
"(11, 41, 46)",0.32065538767412216
"(9, 18, 37)",0.3190084895044553
"(9, 22, 37)",0.3190084895044553
"(9, 27, 37)",0.3190084895044553
"(9, 36, 37)",0.3190084895044553
"(9, 37, 42)",0.3190084895044553
"(9, 37, 46)",0.3190084895044553
"(1, 9, 22)",0.31258492378662295
"(1, 9, 27)",0.31258492378662295
"(1, 9, 36)",0.31258492378662295
"(1, 9, 42)",0.31258492378662295
"(1, 9, 46)",0.31258492378662295
"(4, 27, 41)",0.31046461610048093
"(1, 22, 43)",0.3094195458851992
"(1, 27, 43)",0.3094195458851992
"(1, 36, 43)",0.3094195458851992
"(1, 42, 43)",0.3094195458851992
"(1, 43, 46)",0.3094195458851992
"(2, 18, 45)",0.3083835758418573
"(2, 22, 45)",0.3083835758418573
"(2, 27, 45)",0.3083835758418573
"(2, 36, 45)",0.3083835758418573
"(41, 43)",0.3045444648989117
"(1, 30)",0.30450016883921605
"(2, 27, 33)",0.3026525391193842
"(22, 27, 33)",0.3026525391193842
"(27, 33, 36)",0.3026525391193842
"(27, 33, 42)",0.3026525391193842
"(27, 33, 46)",0.3026525391193842
"(5, 41, 46)",0.3015106018637785
"(13, 42, 45)",0.2993881443044973
"(11, 22, 41)",0.2973016444221972
"(18, 23, 40)",0.29365669243208514
"(22, 23, 40)",0.29365669243208514
"(23, 27, 40)",0.29365669243208514
"(23, 36, 40)",0.29365669243208514
"(23, 40, 42)",0.29365669243208514
"(23, 40, 46)",0.29365669243208514
"(1, 30, 41)",0.28728917291584727
"(18, 33)",0.28591864202877626
"(2, 18, 31)",0.28097068432583155
"(2, 22, 31)",0.28097068432583155
"(2, 31, 36)",0.28097068432583155
"(2, 31, 42)",0.28097068432583155
"(1, 2, 46)",0.27954627476871924
"(9, 22, 33)",0.27527326922310125
"(9, 33, 36)",0.27527326922310125
"(9, 33, 42)",0.27527326922310125
"(9, 33, 46)",0.27527326922310125
"(18, 33, 41)",0.27512183842978843
"(7, 38)",0.27012903339834815
"(10, 22, 46)",0.27002702824646274
"(8, 36)",0.26717864528809887
"(1, 2, 9)",0.26602794566676935
"(8, 36, 41)",0.2624772844758995
"(8, 22, 36)",0.26186808685448304
"(2, 41, 43)",0.26035614509737265
"(13, 41, 45)",0.2521175356812461
"(13, 45)",0.25159354636591125
"(41,)",0.2511687206430899
"(18, 27, 33)",0.2458666852505977
"(1, 18, 27)",0.23902267631984986
"(2, 18, 43)",0.2351948069263479
"(2, 22, 43)",0.2351948069263479
"(2, 27, 43)",0.2351948069263479
"(2, 36, 43)",0.2351948069263479
"(2, 42, 43)",0.2351948069263479
"(10, 22, 41)",0.2258799440652815
"(18, 35, 43)",0.2213001872165813
"(22, 35, 43)",0.2213001872165813
"(27, 35, 43)",0.2213001872165813
"(35, 42, 43)",0.2213001872165813
"(35, 43, 46)",0.2213001872165813
"(5, 22, 46)",0.21778769498274853
"(5, 27, 46)",0.21778769498274853
"(10, 22)",0.21251264208470352
"(37, 43)",0.2079407233199959
"(10, 22, 36)",0.20520951668586507
"(1, 2, 41)",0.20381909246463215
"(1, 30, 42)",0.2035662660348173
"(1, 30, 46)",0.2035662660348173
"(18, 41, 43)",0.2032938417624484
"(22, 41, 43)",0.2032938417624484
"(36, 41, 43)",0.2032938417624484
"(41, 42, 43)",0.2032938417624484
"(41, 43, 46)",0.2032938417624484
"(2, 18, 33)",0.19139893154875848
"(18, 22, 33)",0.19139893154875848
"(18, 33, 36)",0.19139893154875848
"(18, 33, 42)",0.19139893154875848
"(18, 33, 46)",0.19139893154875848
"(7, 10, 41)",0.18812255491536056
"(2, 9, 41)",0.18368186716076634
"(2, 7, 38)",0.18205577606024126
"(7, 18, 38)",0.18205577606024126
"(7, 27, 38)",0.18205577606024126
"(7, 36, 38)",0.18205577606024126
"(7, 38, 42)",0.18205577606024126
"(7, 38, 46)",0.18205577606024126
"(1, 2)",0.18002466064532302
"(8, 18, 36)",0.17875437759486956
"(8, 27, 36)",0.17875437759486956
"(8, 36, 42)",0.17875437759486956
"(13, 18, 45)",0.16839462880021616
"(13, 22, 45)",0.16839462880021616
"(13, 27, 45)",0.16839462880021616
"(13, 36, 45)",0.16839462880021616
"(11, 41)",0.1620824690799751
"(7, 10)",0.15498343108593654
"(6, 36, 41)",0.15208627176537443
"(2, 9)",0.14974866470066592
"(2, 10, 22)",0.14215703718425154
"(10, 18, 22)",0.14215703718425154
"(10, 22, 27)",0.14215703718425154
"(10, 22, 42)",0.14215703718425154
"(34, 41, 42)",0.14107449740339856
"(18, 37, 43)",0.13947638333410675
"(22, 37, 43)",0.13947638333410675
"(27, 37, 43)",0.13947638333410675
"(36, 37, 43)",0.13947638333410675
"(37, 42, 43)",0.13947638333410675
"(37, 43, 46)",0.13947638333410675
"(2, 41)",0.12558436032154496
"(18, 41)",0.12558436032154496
"(22, 41)",0.12558436032154496
"(36, 41)",0.12558436032154496
"(41, 42)",0.12558436032154496
"(41, 46)",0.12558436032154496
"(1, 18, 41)",0.12283263551210401
"(4, 41)",0.12233068961879118
"(1, 2, 22)",0.12009618558360216
"(1, 2, 27)",0.12009618558360216
"(1, 2, 36)",0.12009618558360216
"(1, 2, 42)",0.12009618558360216
"(2, 11, 41)",0.10894681070937264
"(11, 18, 41)",0.10894681070937264
"(11, 36, 41)",0.10894681070937264
"(11, 41, 42)",0.10894681070937264
"(17, 41, 42)",0.10629340100336823
"(2, 7, 10)",0.10439964803433058
"(7, 10, 18)",0.10439964803433058
"(7, 10, 27)",0.10439964803433058
"(7, 10, 36)",0.10439964803433058
"(7, 10, 42)",0.10439964803433058
"(6, 36)",0.10122392057947083
"(2, 9, 18)",0.09995896027973636
"(2, 9, 22)",0.09995896027973636
"(2, 9, 27)",0.09995896027973636
"(2, 9, 36)",0.09995896027973636
"(2, 9, 42)",0.09995896027973636
"(34, 42)",0.08430538072982217
"(2, 18, 41)",0.08372290688102997
"(2, 22, 41)",0.08372290688102997
"(2, 36, 41)",0.08372290688102997
"(2, 41, 42)",0.08372290688102997
"(2, 41, 46)",0.08372290688102997
"(18, 22, 41)",0.08372290688102997
"(18, 36, 41)",0.08372290688102997
"(18, 41, 42)",0.08372290688102997
"(18, 41, 46)",0.08372290688102997
"(22, 36, 41)",0.08372290688102997
"(22, 41, 42)",0.08372290688102997
"(22, 41, 46)",0.08372290688102997
"(36, 41, 42)",0.08372290688102997
"(36, 41, 46)",0.08372290688102997
"(41, 42, 46)",0.08372290688102997
"(2, 4, 41)",0.08330050305608996
"(4, 18, 41)",0.08330050305608996
"(4, 22, 41)",0.08330050305608996
"(4, 41, 42)",0.08330050305608996
"(4, 41, 46)",0.08330050305608996
"(1, 2, 18)",0.07933323207900611
"(6, 18, 36)",0.06836336488434445
"(6, 27, 36)",0.06836336488434445
"(6, 36, 42)",0.06836336488434445
"(1, 18)",0.05851462041828953
"(2, 34, 42)",0.057351590522368594
"(18, 34, 42)",0.057351590522368594
"(22, 34, 42)",0.057351590522368594
"(27, 34, 42)",0.057351590522368594
"(34, 36, 42)",0.057351590522368594
"(34, 42, 46)",0.057351590522368594
"(18, 27, 41)",0.048055226303093106
"(1, 18, 22)",0.039109728631074044
"(1, 18, 36)",0.039109728631074044
"(1, 18, 42)",0.039109728631074044
"(1, 18, 46)",0.039109728631074044
"(17, 42)",0.03360671358679686
"(2, 17, 42)",0.02257049412233826
"(17, 18, 42)",0.02257049412233826
"(17, 22, 42)",0.02257049412233826
"(17, 27, 42)",0.02257049412233826
"(17, 36, 42)",0.02257049412233826
"(17, 42, 46)",0.02257049412233826
"(27, 41)",0.01863479345870865
"(2, 27, 41)",0.012441007240101163
"(22, 27, 41)",0.012441007240101163
"(27, 36, 41)",0.012441007240101163
"(27, 41, 42)",0.012441007240101163
"(27, 41, 46)",0.012441007240101163
"(2,)",0.0
"(18,)",0.0
"(22,)",0.0
"(27,)",0.0
"(36,)",0.0
"(42,)",0.0
"(46,)",0.0
"(2, 18)",0.0
"(2, 22)",0.0
"(2, 27)",0.0
"(2, 36)",0.0
"(2, 42)",0.0
"(2, 46)",0.0
"(18, 22)",0.0
"(18, 27)",0.0
"(18, 36)",0.0
"(18, 42)",0.0
"(18, 46)",0.0
"(22, 27)",0.0
"(22, 36)",0.0
"(22, 42)",0.0
"(22, 46)",0.0
"(27, 36)",0.0
"(27, 42)",0.0
"(27, 46)",0.0
"(36, 42)",0.0
"(36, 46)",0.0
"(42, 46)",0.0
"(2, 18, 22)",0.0
"(2, 18, 27)",0.0
"(2, 18, 36)",0.0
"(2, 18, 42)",0.0
"(2, 18, 46)",0.0
"(2, 22, 27)",0.0
"(2, 22, 36)",0.0
"(2, 22, 42)",0.0
"(2, 22, 46)",0.0
"(2, 27, 36)",0.0
"(2, 27, 42)",0.0
"(2, 27, 46)",0.0
"(2, 36, 42)",0.0
"(2, 36, 46)",0.0
"(2, 42, 46)",0.0
"(18, 22, 27)",0.0
"(18, 22, 36)",0.0
"(18, 22, 42)",0.0
"(18, 22, 46)",0.0
"(18, 27, 36)",0.0
"(18, 27, 42)",0.0
"(18, 27, 46)",0.0
"(18, 36, 42)",0.0
"(18, 36, 46)",0.0
"(18, 42, 46)",0.0
"(22, 27, 36)",0.0
"(22, 27, 42)",0.0
"(22, 27, 46)",0.0
"(22, 36, 42)",0.0
"(22, 36, 46)",0.0
"(22, 42, 46)",0.0
"(27, 36, 42)",0.0
"(27, 36, 46)",0.0
"(27, 42, 46)",0.0
"(36, 42, 46)",0.0
