Combi,k_eff
"(27, 48)",50.14220998240804
"(27, 31, 48)",44.61917420377745
"(27, 48, 49)",41.85495888922317
"(2, 27, 48)",40.62298735941226
"(27, 29, 48)",40.40829851718768
"(27, 37, 48)",39.897607930123925
"(11, 27, 48)",39.861237935115
"(27, 35, 48)",39.8336889336981
"(27, 28, 48)",39.77945043834625
"(12, 27, 48)",39.5437055499595
"(10, 27, 48)",39.17830743359699
"(0, 27, 48)",39.02497783189806
"(9, 27, 48)",38.814613351203526
"(23, 27, 48)",38.80862170156443
"(27, 40, 48)",38.58509258914378
"(3, 27, 48)",38.52488824091624
"(27, 46, 48)",38.15124620179691
"(27, 33, 48)",38.02879899742966
"(26, 27, 48)",37.81662732395647
"(27, 30, 48)",37.79888251468503
"(16, 27, 48)",37.45491049095119
"(17, 27, 48)",37.42327289650233
"(6, 27, 48)",37.40140016743302
"(24, 27, 48)",37.31704748815579
"(19, 27, 48)",37.04158568901458
"(27, 32, 48)",36.6416778368506
"(27, 43, 48)",36.55894779144518
"(27, 39, 48)",36.4883498835428
"(27, 42, 48)",36.24641105834475
"(27, 44, 48)",36.09358952209733
"(14, 27, 48)",36.07397030507239
"(22, 27, 48)",35.8760246502138
"(27, 34, 48)",35.74396855826392
"(27, 36, 48)",35.66636920213247
"(1, 27, 48)",35.55707675279504
"(21, 27, 48)",35.491307837326495
"(15, 27, 48)",35.27966558147201
"(18, 27, 48)",34.730578465369206
"(27, 45, 48)",34.54349455174813
"(20, 27, 48)",34.2349588696942
"(25, 27, 48)",34.189983149380204
"(5, 27, 48)",33.90355445484439
"(13, 27, 48)",33.84384480397836
"(31,)",33.779658102801456
"(7, 27, 48)",33.66549092867828
"(4, 27, 48)",33.3592881695103
"(8, 27, 48)",33.3592881695103
"(27, 38, 48)",33.3592881695103
"(27, 47, 48)",33.3592881695103
"(31, 49)",29.63333513097003
"(27, 31)",28.817665625378755
"(2, 31)",27.78537783625366
"(27, 31, 49)",27.707447803298702
"(29, 31)",27.4633445729168
"(2, 31, 49)",27.01925594388197
"(29, 31, 49)",26.804567101657398
"(31, 37)",26.69730869232116
"(11, 31)",26.642753699807784
"(31, 35)",26.601430197682422
"(28, 31)",26.52007245465466
"(2, 27, 31)",26.47547627348779
"(31, 37, 49)",26.293876514593638
"(27, 29, 31)",26.260787431263218
"(11, 31, 49)",26.25750651958472
"(31, 35, 49)",26.22995751816781
"(28, 31, 49)",26.175719022815972
"(12, 31)",26.16645512207452
"(12, 31, 49)",25.93997413442921
"(27, 31, 37)",25.750096844199458
"(11, 27, 31)",25.71372684919054
"(27, 31, 35)",25.68617784777363
"(27, 28, 31)",25.63193935242179
"(10, 31)",25.618357947530765
"(10, 31, 49)",25.574576018066708
"(2, 29, 31)",25.572595571846485
"(49,)",25.4870121591386
"(0, 31, 49)",25.42124641636778
"(12, 27, 31)",25.39619446403503
"(0, 31)",25.388363544982376
"(9, 31, 49)",25.210881935673246
"(23, 31, 49)",25.204890286034143
"(9, 31)",25.07281682394057
"(23, 31)",25.06382934948192
"(2, 31, 37)",25.061904984782725
"(10, 27, 31)",25.030796347672528
"(2, 11, 31)",25.02553498977381
"(2, 31, 35)",24.9979859883569
"(31, 40, 49)",24.981361173613497
"(2, 28, 31)",24.94374749300506
"(3, 31, 49)",24.92115682538596
"(0, 27, 31)",24.8774667459736
"(29, 31, 37)",24.847216142558153
"(11, 29, 31)",24.810846147549235
"(29, 31, 35)",24.783297146132327
"(28, 29, 31)",24.729058650780487
"(31, 40)",24.728535680850946
"(2, 12, 31)",24.7080026046183
"(27, 49)",24.671342653547327
"(9, 27, 31)",24.667102265279063
"(23, 27, 31)",24.661110615639963
"(3, 31)",24.638229158509642
"(31, 46, 49)",24.54751478626663
"(12, 29, 31)",24.493313762393726
"(27, 31, 40)",24.437581503219313
"(31, 33, 49)",24.425067581899377
"(3, 27, 31)",24.377377154991777
"(2, 10, 31)",24.342604488255795
"(31, 35, 37)",24.272606559068567
"(11, 31, 35)",24.23623656405965
"(28, 31, 37)",24.218368063716728
"(26, 31, 49)",24.212895908426187
"(30, 31, 49)",24.195151099154753
"(0, 2, 31)",24.18927488655687
"(11, 28, 31)",24.18199806870781
"(28, 31, 35)",24.1544490672909
"(10, 29, 31)",24.127915646031223
"(31, 46)",24.077766099830647
"(27, 31, 46)",24.00373511587245
"(12, 31, 37)",23.982623175329966
"(2, 9, 31)",23.978910405862337
"(0, 29, 31)",23.974586044332295
"(2, 23, 31)",23.972918756223233
"(11, 12, 31)",23.94625318032105
"(12, 31, 35)",23.91870417890414
"(31, 33)",23.89409529327977
"(27, 31, 33)",23.881287911505197
"(12, 28, 31)",23.8644656835523
"(27,)",23.855673147956054
"(16, 31, 49)",23.85117907542091
"(17, 31, 49)",23.81954148097205
"(6, 31, 49)",23.797668751902737
"(9, 29, 31)",23.76422156363776
"(23, 29, 31)",23.758229913998658
"(2, 31, 40)",23.74938964380258
"(24, 31, 49)",23.713316072625503
"(2, 27, 49)",23.711260958933504
"(2, 3, 31)",23.689185295575047
"(26, 27, 31)",23.669116238032004
"(27, 30, 31)",23.65137142876057
"(2, 49)",23.639054864422235
"(10, 31, 37)",23.617225058967463
"(10, 11, 31)",23.580855063958545
"(26, 31)",23.575837783069986
"(10, 31, 35)",23.553306062541637
"(30, 31)",23.549220569162834
"(29, 31, 40)",23.534700801578012
"(10, 28, 31)",23.499067567189798
"(27, 29, 49)",23.496572116708933
"(3, 29, 31)",23.474496453350476
"(0, 31, 37)",23.463895457268535
"(19, 31, 49)",23.4378542734843
"(0, 11, 31)",23.427525462259617
"(0, 31, 35)",23.39997646084271
"(0, 28, 31)",23.34573796549087
"(29, 49)",23.317021601085372
"(2, 31, 46)",23.315543256455715
"(16, 27, 31)",23.30739940502673
"(17, 27, 31)",23.275761810577865
"(10, 12, 31)",23.263322678803036
"(6, 27, 31)",23.253889081508554
"(9, 31, 37)",23.253530976574
"(23, 31, 37)",23.2475393269349
"(9, 11, 31)",23.217160981565083
"(11, 23, 31)",23.21116933192598
"(2, 31, 33)",23.193096052088464
"(9, 31, 35)",23.189611980148175
"(23, 31, 35)",23.183620330509072
"(24, 27, 31)",23.169536402231323
"(9, 28, 31)",23.135373484796332
"(23, 28, 31)",23.129381835157233
"(0, 12, 31)",23.109993077104107
"(29, 31, 46)",23.100854414231144
"(31, 32, 49)",23.037946421320314
"(16, 31)",23.03326253356207
"(31, 37, 40)",23.02401021451425
"(31, 48, 49)",22.992710546112242
"(11, 31, 40)",22.98764021950533
"(27, 37, 49)",22.985881529645173
"(17, 31)",22.985806141888773
"(2, 26, 31)",22.980924378615278
"(29, 31, 33)",22.978407209863892
"(3, 31, 37)",22.963805866286716
"(2, 30, 31)",22.963179569343843
"(31, 35, 40)",22.960091218088422
"(31, 43, 49)",22.955216375914897
"(6, 31)",22.95299704828481
"(11, 27, 49)",22.949511534636255
"(3, 11, 31)",22.927435871277797
"(27, 35, 49)",22.921962533219347
"(28, 31, 40)",22.905852722736583
"(3, 31, 35)",22.89988686986089
"(9, 12, 31)",22.899628596409574
"(19, 27, 31)",22.894074603090118
"(12, 23, 31)",22.89363694677047
"(31, 39, 49)",22.88461846801252
"(27, 28, 49)",22.867724037867504
"(3, 28, 31)",22.845648374509047
"(24, 31)",22.82646802936896
"(2, 27)",22.82338535883096
"(2, 29, 49)",22.8083802572922
"(31, 41, 49)",22.787188602398487
"(26, 29, 31)",22.766235536390703
"(29, 30, 31)",22.74849072711927
"(0, 10, 31)",22.744594960741605
"(12, 31, 40)",22.67010783434982
"(31, 42, 49)",22.642679642814468
"(12, 27, 49)",22.631979149480745
"(2, 16, 31)",22.61920754561
"(3, 12, 31)",22.60990348612229
"(31, 37, 46)",22.590163827167384
"(2, 17, 31)",22.587569951161136
"(2, 6, 31)",22.565697222091828
"(11, 31, 46)",22.553793832158465
"(37, 49)",22.550985720489734
"(9, 10, 31)",22.53423048004707
"(10, 23, 31)",22.528238830407968
"(31, 35, 46)",22.526244830741557
"(27, 29)",22.5013520954941
"(11, 49)",22.496430727976357
"(27, 31, 32)",22.494166750926134
"(31, 44, 49)",22.489858106567045
"(2, 24, 31)",22.481344542814593
"(28, 31, 46)",22.472006335389718
"(14, 31, 49)",22.47023888954211
"(31, 33, 37)",22.467716622800133
"(35, 49)",22.455107225850995
"(11, 31, 33)",22.431346627791214
"(19, 31)",22.413275330657154
"(27, 31, 43)",22.411436705520718
"(16, 29, 31)",22.404518703385428
"(31, 33, 35)",22.403797626374306
"(0, 9, 31)",22.380900878348143
"(0, 23, 31)",22.374909228709043
"(28, 49)",22.373749482823232
"(17, 29, 31)",22.37288110893656
"(6, 29, 31)",22.351008379867253
"(28, 31, 33)",22.349559131022467
"(27, 31, 39)",22.340838797618343
"(10, 31, 40)",22.304709717987322
"(2, 37, 49)",22.297689670228444
"(22, 31, 49)",22.272293234683517
"(24, 29, 31)",22.26665570059002
"(10, 27, 49)",22.266581033118243
"(2, 27, 29)",22.26460058689802
"(2, 11, 49)",22.261319675219525
"(26, 31, 37)",22.255544949326943
"(3, 10, 31)",22.244505369759786
"(27, 31, 41)",22.243408932004307
"(30, 31, 37)",22.23780014005551
"(12, 31, 46)",22.236261447002956
"(2, 35, 49)",22.233770673802617
"(11, 26, 31)",22.219174954318024
"(2, 19, 31)",22.20588274367339
"(11, 30, 31)",22.20143014504659
"(26, 31, 35)",22.191625952901116
"(2, 28, 49)",22.179532178450774
"(30, 31, 35)",22.173881143629682
"(9, 23, 31)",22.164544748014507
"(0, 31, 40)",22.151380116288394
"(31, 34, 49)",22.14023714273364
"(26, 28, 31)",22.137387457549274
"(28, 30, 31)",22.11964264827784
"(12, 31, 33)",22.113814242635705
"(0, 27, 49)",22.113251431419314
"(27, 31, 42)",22.098899972420288
"(0, 3, 31)",22.091175768060857
"(29, 37, 49)",22.08300082800387
"(11, 29, 49)",22.04663083299495
"(12, 49)",22.020132150243093
"(29, 35, 49)",22.019081831578042
"(19, 29, 31)",21.991193901448817
"(28, 29, 49)",21.964843336226203
"(1, 31, 49)",21.953345337264757
"(27, 31, 44)",21.946078436172865
"(2, 12, 49)",21.943787290064016
"(9, 31, 40)",21.941015635593857
"(23, 31, 40)",21.935023985954757
"(14, 27, 31)",21.92645921914793
"(9, 27, 49)",21.902886950724778
"(12, 26, 31)",21.901642569162515
"(23, 27, 49)",21.896895301085678
"(16, 31, 37)",21.893828116321668
"(21, 31, 49)",21.887576421796215
"(12, 30, 31)",21.88389775989108
"(3, 9, 31)",21.88081128736632
"(3, 23, 31)",21.87481963772722
"(10, 31, 46)",21.870863330640454
"(17, 31, 37)",21.862190521872805
"(11, 16, 31)",21.85745812131275
"(6, 31, 37)",21.840317792803493
"(16, 31, 35)",21.82990911989584
"(11, 17, 31)",21.825820526863886
"(31, 32)",21.813413552411173
"(2, 31, 32)",21.8059748915094
"(6, 11, 31)",21.803947797794574
"(17, 31, 35)",21.798271525446978
"(2,)",21.791097569705865
"(6, 31, 35)",21.776398796377666
"(16, 28, 31)",21.775670624544
"(2, 31, 48)",21.76073901630133
"(24, 31, 37)",21.755965113526262
"(2, 27, 37)",21.75390999983426
"(10, 31, 33)",21.748416126273202
"(31, 48)",21.745559739599067
"(17, 28, 31)",21.744033030095135
"(27, 37)",21.73531621489846
"(12, 29, 49)",21.72909844783944
"(22, 27, 31)",21.728513564289333
"(2, 31, 43)",21.723244846103984
"(6, 28, 31)",21.722160301025824
"(11, 24, 31)",21.719595118517343
"(2, 11, 27)",21.717540004825345
"(0, 31, 46)",21.717533728941525
"(24, 31, 35)",21.692046117100436
"(2, 27, 35)",21.689991003408434
"(31, 43)",21.68931848430305
"(11, 27)",21.680761222385083
"(15, 31, 49)",21.675934165941726
"(27, 40, 49)",21.673366188665028
"(2, 31, 39)",21.65264693820161
"(3, 31, 40)",21.65129052530657
"(27, 35)",21.63943772025972
"(24, 28, 31)",21.637807621748593
"(2, 27, 28)",21.63575250805659
"(3, 27, 49)",21.613161840437492
"(27, 31, 34)",21.59645747233946
"(0, 31, 33)",21.595086524574274
"(29, 31, 32)",21.59128604928483
"(31, 39)",21.583421622449485
"(2, 10, 49)",21.57838917370151
"(27, 28)",21.55807997723196
"(2, 31, 41)",21.555217072587574
"(29, 31, 48)",21.546050174076758
"(12, 16, 31)",21.53992573615724
"(27, 29, 37)",21.53922115760969
"(10, 26, 31)",21.536244452800013
"(10, 30, 31)",21.51849964352858
"(29, 31, 43)",21.508556003879413
"(35, 37, 49)",21.508391244514286
"(12, 17, 31)",21.508288141708377
"(9, 31, 46)",21.507169248246992
"(11, 27, 29)",21.50285116260077
"(23, 31, 46)",21.50117759860789
"(6, 12, 31)",21.486415412639065
"(19, 31, 37)",21.480503314385057
"(27, 29, 35)",21.475302161183862
"(10, 49)",21.472034975699337
"(11, 35, 49)",21.472021249505367
"(2, 29)",21.469064306369006
"(28, 37, 49)",21.454152749162443
"(11, 19, 31)",21.44413331937614
"(29, 31, 39)",21.437958095977038
"(31, 41)",21.43727682402843
"(0, 2, 49)",21.425059572002585
"(27, 28, 29)",21.42106366583202
"(11, 28, 49)",21.417782754153524
"(19, 31, 35)",21.41658431795923
"(2, 31, 42)",21.410708113003555
"(1, 27, 31)",21.409565666870577
"(12, 24, 31)",21.402062733361834
"(2, 12, 27)",21.400007619669836
"(28, 35, 49)",21.390233752736616
"(9, 31, 33)",21.38472204387974
"(0, 26, 31)",21.382914851101084
"(23, 31, 33)",21.378730394240637
"(0, 30, 31)",21.36517004182965
"(10, 29, 49)",21.363700331476938
"(19, 28, 31)",21.362345822607388
"(21, 27, 31)",21.34379675140203
"(29, 31, 41)",21.340528230363002
"(31, 40, 46)",21.277648486187243
"(2, 31, 44)",21.257886576756132
"(0, 49)",21.242040573150945
"(27, 46, 49)",21.23951980131816
"(2, 14, 31)",21.238267359731196
"(31, 42)",21.220513384652406
"(12, 37, 49)",21.218407860775685
"(3, 31, 46)",21.217444137959706
"(2, 9, 49)",21.21469509130805
"(0, 29, 49)",21.21037072977801
"(2, 23, 49)",21.20870344166895
"(12, 27)",21.20446264465182
"(29, 31, 42)",21.196019270778983
"(12, 27, 29)",21.18531877744526
"(11, 12, 49)",21.182037865766766
"(10, 16, 31)",21.174527619794738
"(9, 26, 31)",21.17255037040655
"(23, 26, 31)",21.166558720767448
"(31, 33, 40)",21.15520128181999
"(9, 30, 31)",21.154805561135117
"(12, 35, 49)",21.154488864349858
"(23, 30, 31)",21.148813911496013
"(29,)",21.147031043032143
"(10, 17, 31)",21.14289002534587
"(15, 27, 31)",21.132154495547542
"(18, 31, 49)",21.126847049838922
"(12, 19, 31)",21.12660093422063
"(6, 10, 31)",21.121017296276563
"(27, 33, 49)",21.117072596950912
"(12, 28, 49)",21.100250368998015
"(3, 31, 33)",21.094996933592455
"(31, 32, 37)",21.08059546222107
"(11, 31, 32)",21.04422546721215
"(29, 31, 44)",21.04319773453156
"(2, 22, 31)",21.040321704872603
"(10, 24, 31)",21.03666461699933
"(31, 37, 48)",21.035359587012998
"(2, 10, 27)",21.03460950330733
"(14, 29, 31)",21.023578517506625
"(0, 16, 31)",21.02119801809581
"(31, 32, 35)",21.016676465795243
"(9, 29, 49)",21.000006249083476
"(11, 31, 48)",20.99898959200408
"(31, 37, 43)",20.997865416815653
"(23, 29, 49)",20.994014599444373
"(31, 44)",20.991281080281272
"(0, 17, 31)",20.989560423646946
"(2, 40, 49)",20.9851743292483
"(31, 35, 48)",20.97144059058717
"(0, 6, 31)",20.967687694577634
"(27, 35, 37)",20.964611574120102
"(28, 31, 32)",20.962437970443403
"(14, 31)",20.961852254743867
"(11, 31, 43)",20.961495421806735
"(26, 31, 40)",20.943029608346798
"(31, 45, 49)",20.93976313621785
"(31, 35, 43)",20.933946420389827
"(11, 27, 35)",20.928241579111184
"(31, 37, 39)",20.92726750891328
"(9, 49)",20.926493852109147
"(30, 31, 40)",20.925284799075364
"(2, 3, 49)",20.924969981020762
"(23, 49)",20.91750637765049
"(28, 31, 48)",20.917202095235332
"(27, 28, 37)",20.91037307876826
"(2, 31, 34)",20.908265612922726
"(26, 27, 49)",20.90490092347772
"(11, 31, 39)",20.89089751390436
"(27, 30, 49)",20.887156114206284
"(0, 24, 31)",20.883335015300403
"(3, 26, 31)",20.88282526011926
"(0, 2, 27)",20.8812799016084
"(28, 31, 43)",20.879707925037987
"(11, 27, 28)",20.87400308375934
"(3, 30, 31)",20.865080450847827
"(31, 35, 39)",20.863348512487452
"(10, 37, 49)",20.85300974441318
"(2, 29, 37)",20.85102929819296
"(27, 28, 35)",20.846454082342433
"(31, 37, 41)",20.829837643299243
"(22, 29, 31)",20.82563286264803
"(10, 27, 29)",20.819920661082755
"(10, 11, 49)",20.81663974940426
"(2, 11, 29)",20.81465930318404
"(9, 16, 31)",20.810833537401273
"(28, 31, 39)",20.809110017135612
"(16, 23, 31)",20.804841887762173
"(11, 31, 41)",20.793467648290324
"(10, 35, 49)",20.789090747987352
"(2, 29, 35)",20.787110301767132
"(9, 17, 31)",20.779195942952413
"(17, 23, 31)",20.77320429331331
"(29, 40, 49)",20.770485487023727
"(31, 35, 41)",20.765918646873416
"(10, 19, 31)",20.761202817858127
"(6, 9, 31)",20.7573232138831
"(6, 23, 31)",20.751331564243998
"(10, 28, 49)",20.734852252635513
"(2, 28, 29)",20.73287180641529
"(12, 31, 32)",20.72669308205664
"(1, 2, 31)",20.721373807453848
"(31, 33, 46)",20.721354894473123
"(28, 31, 41)",20.711680151521577
"(3, 29, 49)",20.71028113879619
"(2, 37)",20.70302842577337
"(0, 37, 49)",20.69968014271425
"(29, 31, 34)",20.69357677069815
"(31, 37, 42)",20.685328683715223
"(12, 31, 48)",20.68145720684857
"(12, 27, 37)",20.6746281903815
"(9, 24, 31)",20.672970534605867
"(2, 9, 27)",20.670915420913868
"(23, 24, 31)",20.666978884966767
"(0, 27, 29)",20.66659105938383
"(22, 31)",20.664933772455974
"(2, 23, 27)",20.664923771274765
"(0, 11, 49)",20.66331014770533
"(10, 27)",20.656365470108064
"(2, 21, 31)",20.655604891985305
"(11, 31, 42)",20.648958688706305
"(2, 11)",20.648473433259987
"(12, 31, 43)",20.643963036651225
"(11, 12, 27)",20.638258195372583
"(0, 35, 49)",20.635761146288424
"(20, 31, 49)",20.63122745416392
"(31, 35, 42)",20.621409687289397
"(12, 27, 35)",20.610709193955675
"(0, 19, 31)",20.6078732161592
"(2, 35)",20.60714993113463
"(25, 31, 49)",20.58625173384992
"(18, 27, 31)",20.583067379444742
"(40, 49)",20.58221270901952
"(0, 28, 49)",20.581522650936584
"(16, 31, 40)",20.581312775341523
"(12, 31, 39)",20.57336512874885
"(28, 31, 42)",20.567171191937557
"(12, 27, 28)",20.55647069860383
"(2, 46, 49)",20.551327941901434
"(17, 31, 40)",20.54967518089266
"(16, 27, 49)",20.543184090472444
"(31, 37, 44)",20.5325071474678
"(6, 31, 40)",20.527802451823348
"(2, 28)",20.525792188106863
"(3, 16, 31)",20.521108427113987
"(14, 31, 37)",20.512887930442865
"(17, 27, 49)",20.51154649602358
"(26, 31, 46)",20.509183220999933
"(1, 29, 31)",20.506684965229276
"(10, 12, 49)",20.49910736424875
"(2, 12, 29)",20.49712691802853
"(11, 31, 44)",20.496137152458882
"(3, 49)",20.491906186678214
"(30, 31, 46)",20.4914384117285
"(6, 27, 49)",20.48967376695427
"(3, 17, 31)",20.489470832665123
"(9, 37, 49)",20.489315662019717
"(23, 37, 49)",20.483324012380614
"(11, 14, 31)",20.476517935433947
"(12, 31, 41)",20.475935263134815
"(31, 35, 44)",20.468588151041974
"(3, 6, 31)",20.46759810359581
"(31, 34)",20.466849634531158
"(9, 27, 29)",20.456226578689297
"(9, 11, 49)",20.4529456670108
"(23, 27, 29)",20.450234929050193
"(14, 31, 35)",20.44896893401704
"(11, 23, 49)",20.446954017371695
"(2, 15, 31)",20.443962636130813
"(24, 31, 40)",20.443449772546117
"(2, 27, 40)",20.441394658854115
"(21, 29, 31)",20.44091604976073
"(2, 33, 49)",20.428880737534183
"(0, 27)",20.42637106755967
"(9, 35, 49)",20.42539666559389
"(23, 35, 49)",20.419405015954787
"(28, 31, 44)",20.414349655690135
"(24, 27, 49)",20.405321087677038
"(9, 19, 31)",20.397508735464665
"(27, 31, 45)",20.39598346582367
"(14, 28, 31)",20.3947304386652
"(19, 23, 31)",20.391517085825562
"(26, 31, 33)",20.386736016632682
"(3, 24, 31)",20.38324542431858
"(2, 3, 27)",20.38119031062658
"(29, 37)",20.380995162436506
"(9, 28, 49)",20.371158170242047
"(30, 31, 33)",20.368991207361248
"(23, 28, 49)",20.365166520602948
"(10, 31, 32)",20.36129496569414
"(0, 12, 49)",20.345777762549822
"(29, 46, 49)",20.33663909967686
"(12, 31, 42)",20.331426303550796
"(11, 29)",20.326440169923128
"(10, 31, 48)",20.316059090486068
"(22, 31, 37)",20.314942275584272
"(10, 27, 37)",20.309230074019
"(5, 31, 49)",20.29982303931411
"(29, 35)",20.285116667797766
"(11, 22, 31)",20.278572280575354
"(10, 31, 43)",20.278564920288723
"(2, 35, 37)",20.276419714703373
"(10, 11, 27)",20.27286007901008
"(37, 40, 49)",20.259794899959967
"(22, 31, 35)",20.251023279158446
"(10, 27, 35)",20.245311077593172
"(13, 31, 49)",20.240113388448073
"(2, 11, 35)",20.240049719694454
"(15, 29, 31)",20.229273793906238
"(27, 29, 40)",20.226705816629543
"(11, 40, 49)",20.22342490495105
"(2, 28, 37)",20.22218121935153
"(2, 26, 49)",20.216709064060993
"(29, 33, 49)",20.214191895309607
"(10, 31, 39)",20.207967012386348
"(0, 31, 32)",20.20796536399521
"(28, 29)",20.203758924770003
"(3, 37, 49)",20.19959055173243
"(2, 30, 49)",20.19896425478956
"(22, 28, 31)",20.196784783806603
"(35, 40, 49)",20.19587590353414
"(10, 27, 28)",20.19107258224133
"(1, 31)",20.186511926327842
"(2, 11, 28)",20.185811224342615
"(31, 34, 37)",20.182886183634395
"(12, 31, 44)",20.178604767303373
"(2, 12)",20.172174855526727
"(19, 31, 40)",20.167987973404912
"(3, 27, 29)",20.166501468402007
"(3, 11, 49)",20.163220556723513
"(0, 31, 48)",20.16272948878714
"(12, 14, 31)",20.158985550278437
"(2, 28, 35)",20.158262222925703
"(26, 30, 31)",20.156819533888058
"(0, 27, 37)",20.15590047232007
"(16, 31, 46)",20.147466387994655
"(11, 31, 34)",20.146516188625476
"(28, 40, 49)",20.141637408182298
"(3, 35, 49)",20.135671555306605
"(9, 12, 49)",20.13541328185529
"(2, 10, 29)",20.13172880166603
"(19, 27, 49)",20.129859288535833
"(12, 23, 49)",20.129421632216186
"(0, 31, 43)",20.125235318589795
"(0, 11, 27)",20.11953047731115
"(31, 34, 35)",20.11896718720857
"(17, 31, 46)",20.115828793545795
"(9, 27)",20.110824346517873
"(10, 31, 41)",20.110537146772312
"(3, 19, 31)",20.107783625177376
"(23, 27)",20.101836872059216
"(6, 31, 46)",20.093956064476483
"(0, 27, 35)",20.091981475894244
"(21, 31)",20.087858553125024
"(20, 27, 31)",20.08744778376974
"(3, 28, 49)",20.08143305995476
"(28, 31, 34)",20.06472869185673
"(29, 35, 37)",20.061730872478797
"(0, 31, 39)",20.05463741068742
"(25, 27, 31)",20.042472063455737
"(0, 27, 28)",20.037742980542404
"(11, 29, 35)",20.02536087746988
"(16, 31, 33)",20.025019183627407
"(24, 31, 46)",20.00960338519925
"(2, 27, 46)",20.00754827150725
"(28, 29, 37)",20.007492377126958
"(26, 29, 49)",20.002020221836418
"(9, 31, 32)",19.997600883300677
"(1, 31, 37)",19.995994378165516
"(17, 31, 33)",19.993381589178544
"(23, 31, 32)",19.991609233661574
"(2, 12, 37)",19.98643633096477
"(29, 30, 49)",19.984275412564983
"(0, 10, 49)",19.98037964618732
"(0, 2, 29)",19.9783991999671
"(6, 31, 33)",19.971508860109232
"(11, 28, 29)",19.97112238211804
"(10, 31, 42)",19.966028187188293
"(12, 22, 31)",19.961039895419844
"(1, 11, 31)",19.959624383156594
"(0, 31, 41)",19.957207545073384
"(10, 12, 27)",19.95532769385457
"(9, 31, 48)",19.952365008092606
"(2, 11, 12)",19.950066335955853
"(23, 31, 48)",19.946373358453503
"(9, 27, 37)",19.945535991625537
"(28, 29, 35)",19.94357338070113
"(23, 27, 37)",19.939544341986434
"(1, 31, 35)",19.93207538173969
"(46, 49)",19.931443127999216
"(21, 31, 37)",19.93022546269697
"(2, 12, 35)",19.922517334538945
"(9, 31, 43)",19.91487083789526
"(9, 11, 27)",19.909165996616615
"(23, 31, 43)",19.908879188256158
"(12, 40, 49)",19.90589251979554
"(11, 23, 27)",19.903174346977515
"(2, 18, 31)",19.894875520028013
"(11, 21, 31)",19.893855467688052
"(24, 31, 33)",19.887156180832
"(2, 27, 33)",19.88510106714
"(9, 27, 35)",19.88161699519971
"(23, 27, 35)",19.875625345560607
"(2, 12, 28)",19.868278839187106
"(21, 31, 35)",19.866306466271144
"(2, 16, 49)",19.854992231055714
"(12, 29)",19.850141592189864
"(3, 12, 49)",19.845688171568003
"(9, 31, 39)",19.844272929992886
"(23, 31, 39)",19.838281280353783
"(12, 31, 34)",19.828983803469967
"(9, 27, 28)",19.827378499847867
"(37, 46, 49)",19.8259485126131
"(2, 17, 49)",19.82335463660685
"(23, 27, 28)",19.821386850208768
"(10, 31, 44)",19.81320665094087
"(16, 26, 31)",19.812847510154214
"(0, 31, 42)",19.812698585489365
"(21, 28, 31)",19.8120679709193
"(0, 12, 27)",19.801998092155642
"(2, 6, 49)",19.801481907537543
"(16, 30, 31)",19.79510270088278
"(10, 14, 31)",19.793587433915935
"(27, 29, 46)",19.79285942928268
"(11, 46, 49)",19.78957851760418
"(17, 26, 31)",19.781209915705354
"(12, 29, 37)",19.771747488740196
"(15, 31)",19.77039516934329
"(9, 10, 49)",19.770015165492786
"(31, 32, 40)",19.768080121240928
"(2, 9, 29)",19.768034719272563
"(27, 40)",19.766543203428245
"(10, 23, 49)",19.764023515853683
"(17, 30, 31)",19.76346510643392
"(2, 23, 29)",19.762043069633464
"(35, 46, 49)",19.762029516187273
"(6, 26, 31)",19.759337186636042
"(5, 27, 31)",19.756043368919926
"(4, 31, 49)",19.755556753980017
"(8, 31, 49)",19.755556753980017
"(31, 38, 49)",19.755556753980017
"(31, 47, 49)",19.755556753980017
"(33, 49)",19.747772321448345
"(9, 31, 41)",19.74684306437885
"(6, 30, 31)",19.741592377364608
"(23, 31, 41)",19.740851414739748
"(11, 12, 29)",19.735377493731278
"(19, 31, 46)",19.734141586058048
"(27, 32, 49)",19.72995143637185
"(31, 40, 48)",19.722844246032857
"(15, 31, 37)",19.71858320684248
"(2, 24, 49)",19.71712922826031
"(27, 37, 40)",19.716015229565784
"(3, 31, 32)",19.70787577301339
"(12, 29, 35)",19.70782849231437
"(2, 31, 45)",19.707791606406936
"(28, 46, 49)",19.70779102083543
"(33, 37, 49)",19.703501308245848
"(13, 27, 31)",19.696333718053893
"(31, 40, 43)",19.68535007583551
"(11, 15, 31)",19.682213211833563
"(18, 29, 31)",19.68018667780344
"(11, 27, 40)",19.679645234556865
"(3, 27)",19.67623668108694
"(24, 26, 31)",19.674984507358808
"(2, 26, 27)",19.67292939366681
"(27, 29, 33)",19.670412224915427
"(11, 33, 49)",19.66713131323693
"(3, 31, 48)",19.66263989780532
"(0, 31, 44)",19.659877049241942
"(24, 30, 31)",19.657239698087373
"(3, 27, 37)",19.655810881338247
"(2, 27, 30)",19.655184584395375
"(15, 31, 35)",19.654664210416655
"(12, 28, 29)",19.65358999696253
"(27, 35, 40)",19.652096233139957
"(27, 43, 49)",19.64722139096643
"(1, 12, 31)",19.642091998001085
"(16, 29, 49)",19.640303388831143
"(0, 14, 31)",19.640257832217006
"(33, 35, 49)",19.63958231182002
"(3, 31, 43)",19.625145727607975
"(2, 10)",19.62407768098297
"(2, 10, 37)",19.62103821460227
"(3, 11, 27)",19.61944088632933
"(0, 9, 49)",19.616685563793858
"(37,)",19.614959281840868
"(31, 39, 40)",19.614752167933133
"(19, 31, 33)",19.611694381690796
"(0, 23, 49)",19.61069391415476
"(17, 29, 49)",19.608665794382276
"(9, 31, 42)",19.60233410479483
"(15, 28, 31)",19.600425715064812
"(27, 28, 40)",19.597857737788118
"(23, 31, 42)",19.596342455155728
"(10, 22, 31)",19.59564177905734
"(3, 27, 35)",19.59189188491242
"(9, 12, 27)",19.591633611461106
"(6, 29, 49)",19.586793065312968
"(12, 23, 27)",19.585641961822006
"(28, 33, 49)",19.585343816468182
"(2, 10, 11)",19.58466821959335
"(27, 39, 49)",19.576623483064054
"(12, 21, 31)",19.576323082532543
"(2, 10, 35)",19.557119218176442
"(3, 31, 39)",19.5545478197056
"(10, 40, 49)",19.540494403433037
"(2, 29, 40)",19.538513957212814
"(3, 27, 28)",19.53765338956058
"(35, 37)",19.519080787202128
"(7, 27, 31)",19.517979842753817
"(31, 40, 41)",19.5173223023191
"(11,)",19.505849296814112
"(2, 10, 28)",19.5028807228246
"(24, 29, 49)",19.502440386035737
"(29, 31, 45)",19.493102764182364
"(26, 37, 49)",19.491329634772658
"(3, 10, 49)",19.4802900552055
"(27, 41, 49)",19.47919361745002
"(2, 3, 29)",19.478309608985278
"(30, 37, 49)",19.473584825501224
"(12, 46, 49)",19.47204613244867
"(0, 2, 37)",19.46770861290334
"(11, 35)",19.46452579468875
"(10, 31, 34)",19.46358568710746
"(26, 27, 29)",19.458240551442238
"(3, 31, 41)",19.457117954091565
"(11, 26, 49)",19.45495963976374
"(9, 31, 44)",19.44951256854741
"(23, 31, 44)",19.443520918908305
"(0, 22, 31)",19.442312177358414
"(2, 19, 49)",19.441667429119104
"(27, 29, 30)",19.440495742170803
"(28, 37)",19.437723044174366
"(11, 30, 49)",19.437214830492305
"(0, 10, 27)",19.436599975793136
"(28, 35, 37)",19.432882793637372
"(0, 2, 11)",19.431338617894422
"(9, 14, 31)",19.429893351522473
"(26, 49)",19.42951481123856
"(26, 35, 49)",19.42741063834683
"(14, 23, 31)",19.42390170188337
"(35,)",19.42320229256339
"(16, 17, 31)",19.419493082700075
"(30, 35, 49)",19.409665829075397
"(10, 29, 37)",19.406349372377694
"(0, 2, 35)",19.403789616477514
"(30, 49)",19.402897597331403
"(9, 23, 49)",19.40032943346022
"(19, 26, 31)",19.399522708217606
"(2, 20, 31)",19.39925592435301
"(6, 16, 31)",19.397620353630764
"(11, 28, 35)",19.396512798628454
"(0, 2)",19.39408327843458
"(0, 40, 49)",19.38716480173411
"(11, 28)",19.383168051660988
"(19, 30, 31)",19.381777898946172
"(26, 28, 49)",19.37317214299499
"(31, 40, 42)",19.372813342735082
"(10, 11, 29)",19.369979377368775
"(6, 17, 31)",19.365982759181904
"(12, 15, 31)",19.364680826678054
"(12, 27, 40)",19.362112849401356
"(28, 30, 49)",19.355427333723554
"(2, 25, 31)",19.354280204039007
"(12, 33, 49)",19.34959892808142
"(0, 2, 28)",19.34955112112567
"(10, 29, 35)",19.342430375951867
"(28, 35)",19.341844549535626
"(27, 42, 49)",19.334684657866003
"(31, 32, 46)",19.33423373389406
"(0, 3, 49)",19.326960453506572
"(16, 24, 31)",19.313267674353533
"(3, 31, 42)",19.312608994507546
"(2, 16, 27)",19.31121256066153
"(0, 31, 34)",19.310256085408533
"(10, 29)",19.30204441764611
"(3, 12, 27)",19.30190850117382
"(31, 46, 48)",19.28899785868599
"(10, 28, 29)",19.288191880600024
"(27, 37, 46)",19.28216884221892
"(17, 24, 31)",19.28163007990467
"(2, 17, 27)",19.27957496621267
"(1, 10, 31)",19.276693881638586
"(2, 10, 12)",19.26713583443784
"(28,)",19.260486806507863
"(6, 24, 31)",19.259757350835358
"(2, 6, 27)",19.25770223714336
"(2, 9, 37)",19.257344132208807
"(0, 29, 37)",19.253019770678765
"(31, 43, 46)",19.251503688488643
"(2, 23, 37)",19.251352482569704
"(11, 27, 46)",19.24579884721
"(9, 22, 31)",19.23194769666388
"(19, 29, 49)",19.226978586894532
"(9, 10, 27)",19.226235495098607
"(22, 23, 31)",19.225956047024777
"(2, 9, 11)",19.22097413719989
"(10, 23, 27)",19.2202438454595
"(31, 40, 44)",19.21999180648766
"(27, 35, 46)",19.218249845793093
"(0, 11, 29)",19.21664977566985
"(2, 11, 23)",19.214982487560786
"(31, 32, 33)",19.211786529526808
"(4, 27, 31)",19.211777083585837
"(8, 27, 31)",19.211777083585837
"(27, 31, 38)",19.211777083585837
"(27, 31, 47)",19.211777083585837
"(10, 21, 31)",19.21092496617004
"(14, 31, 40)",19.200372589462724
"(12, 35, 37)",19.197137905250614
"(2, 9, 35)",19.19342513578298
"(0, 29, 35)",19.18910077425294
"(2, 23, 35)",19.187433486143878
"(20, 29, 31)",19.184567082128435
"(27, 44, 49)",19.18186312161858
"(31, 39, 46)",19.180905780586265
"(9, 40, 49)",19.176800321039572
"(2, 24, 27)",19.173349557866125
"(23, 40, 49)",19.170808671400472
"(18, 31, 37)",19.16949609073968
"(31, 33, 48)",19.166550654318737
"(27, 28, 46)",19.16401135044125
"(14, 27, 49)",19.162243904593645
"(11, 12, 35)",19.160767910241695
"(3, 31, 44)",19.159787458260123
"(27, 33, 37)",19.159721637851668
"(12, 28, 37)",19.14289940989877
"(3, 14, 31)",19.140168241235187
"(25, 29, 31)",19.139591361814436
"(2, 9, 28)",19.139186640431138
"(12, 26, 49)",19.13742725460823
"(0, 28, 29)",19.1348622789011
"(2, 23, 28)",19.133194990792035
"(11, 18, 31)",19.133126095730763
"(16, 37, 49)",19.129612801767383
"(31, 33, 43)",19.129056484121392
"(0, 1, 31)",19.123364279939658
"(11, 27, 33)",19.12335164284275
"(12, 30, 49)",19.119682445336796
"(3, 9, 49)",19.116595972812036
"(27, 46)",19.115773622407943
"(0, 2, 12)",19.113806232738913
"(3, 23, 49)",19.110604323172936
"(10, 46, 49)",19.10664801608617
"(11, 12, 28)",19.106529414889852
"(18, 31, 35)",19.105577094313855
"(2, 29, 46)",19.104667569865946
"(9, 31, 34)",19.099891604714003
"(17, 37, 49)",19.09797520731852
"(16, 27, 29)",19.09652371843696
"(27, 33, 35)",19.09580264142584
"(23, 31, 34)",19.093899955074896
"(11, 16, 49)",19.093242806758465
"(12, 37)",19.084105711594226
"(31, 41, 46)",19.083475914972233
"(12, 28, 35)",19.078980413472944
"(2, 9)",19.078536557392777
"(6, 37, 49)",19.076102478249208
"(0, 9, 27)",19.07290589339968
"(0, 29)",19.072050015097716
"(2, 23)",19.069549082934124
"(2, 5, 31)",19.0678515095032
"(0, 23, 27)",19.066914243760575
"(16, 35, 49)",19.065693805341557
"(17, 27, 29)",19.064886123988096
"(11, 17, 49)",19.0616052123096
"(31, 33, 39)",19.058458576219017
"(0, 21, 31)",19.057595364471112
"(10, 12, 29)",19.052446992213266
"(18, 28, 31)",19.051338598962012
"(6, 27, 29)",19.043013394918788
"(9, 29, 37)",19.042655289984232
"(2, 32, 49)",19.041759576955116
"(27, 28, 33)",19.041564146074
"(6, 11, 49)",19.03973248324029
"(16, 19, 31)",19.037805875212328
"(23, 29, 37)",19.03666364034513
"(17, 35, 49)",19.034056210892693
"(11, 12)",19.02955071908085
"(2, 37, 40)",19.027823370149058
"(6, 35, 49)",19.01218348182338
"(16, 28, 49)",19.011455309989714
"(2, 13, 31)",19.008141858637163
"(9, 11, 29)",19.006285294975314
"(17, 19, 31)",19.006168280763465
"(22, 31, 40)",19.002426934604127
"(11, 23, 29)",19.000293645336214
"(26, 31, 32)",18.99961485605362
"(10, 15, 31)",18.999282710315548
"(10, 27, 40)",18.996714733038853
"(2, 48, 49)",18.996523701747044
"(24, 37, 49)",18.991749798971977
"(2, 11, 40)",18.99145337514014
"(12, 35)",18.988227216955487
"(6, 19, 31)",18.984295551694157
"(10, 33, 49)",18.984200811718917
"(31, 37, 45)",18.982412177118604
"(2, 29, 33)",18.982220365498698
"(30, 31, 32)",18.981870046782184
"(17, 28, 49)",18.97981771554085
"(9, 29, 35)",18.978736293558406
"(23, 29, 35)",18.972744643919302
"(2, 3, 37)",18.967619021921518
"(22, 27, 49)",18.964298249735048
"(2, 35, 40)",18.96390437372323
"(31, 33, 41)",18.96102871060498
"(2, 43, 49)",18.959029531549703
"(24, 27, 29)",18.958660715641553
"(6, 28, 49)",18.95794498647154
"(11, 24, 49)",18.95537980396306
"(26, 31, 48)",18.954378980845547
"(0, 46, 49)",18.95331841438724
"(26, 27, 37)",18.947549964378478
"(18, 31)",18.94676449518909
"(11, 31, 45)",18.946042182109686
"(3, 22, 31)",18.94222258637659
"(31, 42, 46)",18.938966955388214
"(30, 31, 48)",18.936634171574113
"(3, 10, 27)",18.936510384811317
"(27, 33)",18.93210281585707
"(2, 3, 11)",18.9312490269126
"(27, 30, 37)",18.929805155107044
"(12, 27, 46)",18.92826646205449
"(24, 35, 49)",18.92783080254615
"(9, 28, 29)",18.924497798206566
"(23, 28, 29)",18.918506148567463
"(31, 35, 45)",18.918493180692778
"(26, 31, 43)",18.916884810648202
"(1, 9, 31)",18.91299979924512
"(11, 26, 27)",18.911179969369556
"(2, 28, 40)",18.909665878371385
"(1, 23, 31)",18.90700814960602
"(12, 28)",18.906869473927724
"(2, 3, 35)",18.90370002549569
"(2, 9, 12)",18.90344175204438
"(19, 24, 31)",18.899942872416922
"(30, 31, 43)",18.899140001376768
"(0, 12, 29)",18.89911739051434
"(2, 19, 27)",18.89788775872492
"(2, 12, 23)",18.897450102405276
"(11, 27, 30)",18.893435160098125
"(2, 39, 49)",18.888431623647325
"(3, 40, 49)",18.887075210752286
"(16, 49)",18.886939561730642
"(26, 27, 35)",18.88363096795265
"(24, 28, 49)",18.873592307194308
"(31, 34, 40)",18.87037084265425
"(27, 30, 35)",18.865886158681217
"(28, 31, 45)",18.86425468534094
"(9, 23, 27)",18.85654976306604
"(5, 29, 31)",18.853162667278625
"(2, 3, 28)",18.84946153014385
"(9, 21, 31)",18.84723088377658
"(26, 31, 39)",18.846286902745828
"(0, 15, 31)",18.84595310861662
"(0, 27, 40)",18.84338513133993
"(21, 23, 31)",18.841239234137475
"(17, 49)",18.83948317005735
"(27, 34, 49)",18.83224215778517
"(10, 35, 37)",18.831739788888108
"(0, 33, 49)",18.830871210019993
"(2, 7, 31)",18.829787983337088
"(26, 27, 28)",18.82939247260081
"(29, 32, 49)",18.827070734730544
"(31, 33, 42)",18.816519751020962
"(12, 18, 31)",18.815593710575254
"(29, 37, 40)",18.813134527924483
"(27, 28, 30)",18.811647663329374
"(3, 31, 34)",18.810166494426717
"(6, 49)",18.806674076453383
"(12, 27, 33)",18.80581925768724
"(10, 11, 35)",18.79536979387919
"(13, 29, 31)",18.793453016412588
"(2, 41, 49)",18.79100175803329
"(31, 44, 46)",18.78614541914079
"(0, 3, 27)",18.783180783112392
"(29, 48, 49)",18.781834859522473
"(10, 28, 37)",18.777501293536268
"(11, 29, 40)",18.776764532915564
"(12, 16, 49)",18.775710421602955
"(10, 26, 49)",18.772029138245728
"(2, 26, 29)",18.770048692025505
"(14, 31, 46)",18.766526202115855
"(9, 29)",18.756503294055918
"(27, 36, 49)",18.754642801653723
"(10, 30, 49)",18.754284328974293
"(3, 29, 37)",18.752930179696946
"(2, 29, 30)",18.75230388275407
"(29, 35, 40)",18.749215531498656
"(26, 31, 41)",18.748857037131792
"(0, 2, 10)",18.74840811637641
"(23, 29)",18.74751581959726
"(29, 43, 49)",18.744340689325128
"(12, 17, 49)",18.744072827154092
"(9, 46, 49)",18.742953933692707
"(10, 11, 28)",18.74113129852735
"(23, 46, 49)",18.736962284053604
"(2, 40)",18.73425541430315
"(30, 31, 41)",18.731112227860358
"(6, 12, 49)",18.72220009808478
"(3, 11, 29)",18.716560184688028
"(19, 37, 49)",18.716287999830772
"(10, 28, 35)",18.71358229711044
"(28, 29, 40)",18.694977036146813
"(3, 29, 35)",18.68901118327112
"(9, 12, 29)",18.688752909819804
"(1, 31, 40)",18.68347903718537
"(19, 27, 29)",18.68319891650035
"(12, 23, 29)",18.682761260180705
"(24, 49)",18.680145057537533
"(11, 19, 49)",18.679918004821854
"(0, 35, 37)",18.678410187189183
"(2, 12, 40)",18.67392098998463
"(20, 31, 37)",18.67387649506468
"(29, 39, 49)",18.673742781422753
"(31, 45)",18.666138624757476
"(31, 33, 44)",18.66369821477354
"(19, 35, 49)",18.652369003404946
"(2, 42, 49)",18.646492798449273
"(1, 27, 49)",18.645350352316292
"(14, 31, 33)",18.644078997748604
"(2, 3)",18.64394889196185
"(0, 11, 35)",18.642040192180264
"(16, 31, 32)",18.637898023048344
"(12, 24, 49)",18.63784741880755
"(11, 20, 31)",18.637506500055757
"(9, 15, 31)",18.63558862792209
"(3, 28, 29)",18.634772687919277
"(9, 27, 40)",18.633020650645392
"(15, 23, 31)",18.629596978282983
"(25, 31, 37)",18.628900774750676
"(12, 31, 45)",18.628509796954177
"(23, 27, 40)",18.627029001006292
"(0, 28, 37)",18.62417169183734
"(1, 3, 31)",18.623274688957835
"(9, 33, 49)",18.620506729325456
"(0, 26, 49)",18.6186995365468
"(21, 31, 40)",18.617710121716826
"(7, 29, 31)",18.615099141112516
"(23, 33, 49)",18.614515079686356
"(26, 27)",18.613845305647285
"(2, 3, 12)",18.61371664175709
"(20, 31, 35)",18.609957498638853
"(17, 31, 32)",18.606260428599477
"(26, 31, 42)",18.604348077547773
"(0, 30, 49)",18.600954727275365
"(19, 28, 49)",18.598130508053103
"(2, 37, 46)",18.59397698280219
"(12, 26, 27)",18.593647584214047
"(16, 31, 48)",18.592662147840272
"(11, 25, 31)",18.592530779741757
"(0, 11, 28)",18.58780169682842
"(27, 30)",18.58722809174013
"(30, 31, 42)",18.58660326827634
"(16, 27, 37)",18.5858331313732
"(6, 31, 32)",18.58438769953017
"(21, 27, 49)",18.579581436847747
"(29, 41, 49)",18.576312915808714
"(12, 27, 30)",18.575902774942616
"(3, 9, 27)",18.572816302417856
"(22, 31, 46)",18.568580547257262
"(3, 23, 27)",18.566824652778756
"(25, 31, 35)",18.56498177832485
"(10, 27, 46)",18.56286834569199
"(17, 31, 48)",18.561024553391405
"(0, 28, 35)",18.560252695411513
"(2, 11, 46)",18.55760698779327
"(3, 21, 31)",18.55750577348929
"(20, 28, 31)",18.55571900328701
"(16, 31, 43)",18.555167977642924
"(17, 27, 37)",18.554195536924336
"(12,)",18.553252141347585
"(11, 16, 27)",18.54946313636428
"(10, 12, 37)",18.541756405149506
"(6, 31, 48)",18.539151824322097
"(2, 9, 10)",18.538043635681873
"(10, 37)",18.53600853705047
"(0, 10, 29)",18.533719274151835
"(6, 27, 37)",18.532322807855028
"(2, 10, 23)",18.532051986042774
"(2, 35, 46)",18.530057986376363
"(2, 4, 31)",18.523585224169103
"(2, 8, 31)",18.523585224169103
"(2, 31, 38)",18.523585224169103
"(2, 31, 47)",18.523585224169103
"(17, 31, 43)",18.523530383194064
"(16, 27, 35)",18.521914134947373
"(11, 17, 27)",18.51782554191542
"(40, 46, 49)",18.513433171632954
"(25, 28, 31)",18.510743282973007
"(10, 11, 12)",18.505386410140588
"(6, 31, 43)",18.501657654124752
"(24, 31, 32)",18.500035020252938
"(2, 27, 32)",18.497979906560936
"(6, 11, 27)",18.495952812846106
"(2, 44, 49)",18.49367126220185
"(17, 27, 35)",18.49027654049851
"(16, 31, 39)",18.48457006974055
"(10, 11)",18.481453544537093
"(10, 12, 35)",18.47783740872368
"(2, 28, 46)",18.47581949102452
"(2, 14, 49)",18.47405204517691
"(2, 33, 37)",18.471529778434938
"(6, 27, 35)",18.4684038114292
"(9, 35, 37)",18.468045706494646
"(16, 27, 28)",18.467675639595534
"(23, 35, 37)",18.462054056855546
"(12, 29, 40)",18.459232147760055
"(24, 31, 48)",18.454799145044866
"(3, 46, 49)",18.453228823405418
"(17, 31, 39)",18.452932475291686
"(26, 31, 44)",18.45152654130035
"(10, 18, 31)",18.45019559421275
"(24, 27, 37)",18.447970128577794
"(22, 31, 33)",18.44613334289001
"(10, 27, 33)",18.440421141324737
"(10, 35)",18.44013004241173
"(31, 34, 46)",18.436524455307385
"(17, 27, 28)",18.436038045146667
"(2, 11, 33)",18.43515978342602
"(30, 31, 44)",18.433781732028915
"(14, 26, 31)",18.431907324275414
"(29, 42, 49)",18.431803956224698
"(9, 11, 35)",18.431675711485727
"(6, 31, 39)",18.431059746222378
"(11, 23, 35)",18.425684061846628
"(10, 12, 28)",18.42359891337184
"(24, 31, 43)",18.417304974847518
"(2, 27, 43)",18.41524986115552
"(6, 27, 28)",18.41416531607736
"(9, 28, 37)",18.413807211142807
"(29, 40)",18.41222215096629
"(11, 24, 27)",18.411600133568875
"(10, 16, 49)",18.410312305240453
"(0, 27, 46)",18.40953874399306
"(9, 26, 49)",18.408335055852266
"(2, 16, 29)",18.40833185902023
"(23, 28, 37)",18.407815561503703
"(2, 33, 35)",18.40761078200911
"(15, 31, 40)",18.406067865862337
"(23, 26, 49)",18.402343406213163
"(3, 12, 29)",18.39902779953252
"(33, 40, 49)",18.390985967265706
"(9, 30, 49)",18.39059024658083
"(0, 12, 37)",18.38842680345058
"(16, 31, 41)",18.387140204126514
"(0, 2, 9)",18.38471403398295
"(23, 30, 49)",18.38459859694173
"(24, 27, 35)",18.384051132151967
"(29, 37, 46)",18.379288140577614
"(0, 2, 23)",18.378722384343845
"(10, 17, 49)",18.378674710791586
"(9, 11, 28)",18.377437216133885
"(2, 17, 29)",18.376694264571366
"(11, 23, 28)",18.371445566494785
"(15, 27, 49)",18.367939180993258
"(12, 19, 49)",18.362385619666345
"(10, 28)",18.35877229938397
"(6, 10, 49)",18.356801981722278
"(17, 31, 41)",18.35550260967765
"(2, 6, 29)",18.354821535502055
"(2, 28, 33)",18.35337228665727
"(0, 11, 12)",18.352056808441663
"(9, 28, 35)",18.34988821471698
"(24, 31, 39)",18.346707066945143
"(3, 15, 31)",18.3458635176348
"(2, 27, 39)",18.344651953253145
"(23, 28, 35)",18.343896565077877
"(3, 27, 40)",18.343295540358106
"(11, 29, 46)",18.342918145568696
"(5, 31, 37)",18.342472080214865
"(6, 31, 41)",18.333629880608342
"(3, 33, 49)",18.33078161903817
"(24, 27, 28)",18.329812636800128
"(0, 12, 35)",18.324507807024755
"(9, 10, 29)",18.323354793457302
"(3, 29)",18.321915628624986
"(12, 20, 31)",18.319974114900248
"(10, 23, 29)",18.3173631438182
"(32, 37, 49)",18.316380147666784
"(29, 35, 46)",18.315369144151788
"(31, 33, 34)",18.31407725094013
"(4, 29, 31)",18.308896381944532
"(8, 29, 31)",18.308896381944532
"(29, 31, 38)",18.308896381944532
"(29, 31, 47)",18.308896381944532
"(2, 10, 40)",18.308522873622124
"(5, 11, 31)",18.306102085205946
"(0, 37)",18.306014134502078
"(0, 18, 31)",18.296865992513823
"(0, 27, 33)",18.28709153962581
"(27, 29, 32)",18.28329106433636
"(13, 31, 37)",18.282762429348832
"(11, 32, 49)",18.280010152657866
"(29, 44, 49)",18.278982419977275
"(5, 31, 35)",18.27855308378904
"(2, 22, 49)",18.27610639031832
"(12, 25, 31)",18.274998394586248
"(10, 24, 49)",18.272449302445047
"(37, 48, 49)",18.271144272458713
"(2, 24, 29)",18.270468856224824
"(0, 12, 28)",18.270269311672912
"(19, 49)",18.266952358825726
"(10, 31, 45)",18.263111680591674
"(28, 29, 46)",18.26113064879995
"(14, 29, 49)",18.25936320295234
"(2, 26, 37)",18.25935810496175
"(0, 16, 49)",18.256982703541524
"(29, 33, 37)",18.256840936210363
"(32, 35, 49)",18.252461151240958
"(0, 11)",18.251459141988704
"(24, 31, 41)",18.249277201331108
"(2, 3, 10)",18.248318525394588
"(2, 27, 41)",18.24722208763911
"(11, 13, 31)",18.24639243433991
"(16, 31, 42)",18.242631244542498
"(2, 30, 37)",18.241613295690314
"(2, 12, 46)",18.240074602637762
"(35, 37, 40)",18.238524944434896
"(11, 48, 49)",18.234774277449795
"(22, 26, 31)",18.23396166941682
"(37, 43, 49)",18.233650102261368
"(12, 16, 27)",18.231930751208772
"(10, 26, 27)",18.228249467851548
"(0, 17, 49)",18.22534510909266
"(19, 31, 32)",18.224573221111733
"(5, 28, 31)",18.224314588437196
"(2, 11, 26)",18.22298810995283
"(11, 29, 33)",18.220470941201445
"(13, 31, 35)",18.218843432923006
"(22, 30, 31)",18.216216860145387
"(17, 31, 42)",18.210993650093634
"(10, 27, 30)",18.210504658580113
"(0, 35)",18.21013563986334
"(35, 48, 49)",18.207225276032887
"(2, 11, 30)",18.205243300681396
"(0, 6, 49)",18.20347238002335
"(20, 31)",18.203335101676586
"(11, 35, 40)",18.202154949425978
"(27, 29, 43)",18.200561018930948
"(12, 17, 27)",18.200293156759912
"(9, 27, 46)",18.199174263298524
"(28, 32, 49)",18.19822265588912
"(11, 43, 49)",18.19728010725245
"(2, 26, 35)",18.195439108535922
"(23, 27, 46)",18.193182613659424
"(29, 33, 35)",18.192921939784537
"(6, 31, 42)",18.189120921024323
"(28, 37, 40)",18.184286449083054
"(21, 31, 46)",18.18386373436996
"(19, 31, 48)",18.17933734590366
"(26, 40, 49)",18.178814293792513
"(6, 12, 27)",18.178420427690597
"(3, 35, 37)",18.17832059620736
"(9, 12, 37)",18.178062322756045
"(2, 30, 35)",18.177694299264488
"(19, 27, 37)",18.17250832943659
"(12, 23, 37)",18.172070673116945
"(0, 9, 29)",18.170025191758373
"(35, 43, 49)",18.16973110583554
"(2, 9, 23)",18.168357903649312
"(13, 28, 31)",18.164604937571163
"(0, 23, 29)",18.16403354211927
"(37, 39, 49)",18.163052194358993
"(30, 40, 49)",18.16106948452108
"(0, 2, 40)",18.155193271923196
"(28, 48, 49)",18.152986780681047
"(11, 28, 40)",18.147916454074135
"(2, 34, 49)",18.14405029836844
"(3, 11, 35)",18.14195060119844
"(19, 31, 43)",18.141843175706317
"(9, 11, 12)",18.141692327747126
"(2, 26, 28)",18.14120061318408
"(28, 29, 33)",18.138683444432697
"(11, 19, 27)",18.13613833442767
"(25, 31)",18.13587152120558
"(11, 12, 23)",18.135700678108027
"(27, 29, 39)",18.12996311102857
"(0, 28)",18.12877789683558
"(11, 39, 49)",18.126682199350075
"(3, 28, 37)",18.124082100855517
"(2, 28, 30)",18.123455803912645
"(28, 35, 40)",18.120367452657227
"(0, 24, 49)",18.11911970074612
"(3, 26, 49)",18.118609945564977
"(2, 12, 33)",18.11762739827051
"(28, 43, 49)",18.1154926104837
"(9, 12, 35)",18.11414332633022
"(0, 31, 45)",18.109782078892746
"(19, 27, 35)",18.108589333010762
"(12, 23, 35)",18.10815167669112
"(24, 31, 42)",18.10476824174709
"(7, 31, 37)",18.104408554048756
"(2, 27, 42)",18.10271312805509
"(26, 31, 34)",18.101905577466944
"(3, 30, 49)",18.100865136293542
"(35, 39, 49)",18.099133197933167
"(0, 2, 3)",18.09498892369566
"(12, 24, 27)",18.094067748413366
"(10, 29, 40)",18.09383403139755
"(16, 31, 44)",18.089809708295075
"(3, 11, 28)",18.0877121058466
"(9, 18, 31)",18.086501511819286
"(30, 31, 34)",18.08416076819551
"(2, 46)",18.08348583328285
"(18, 23, 31)",18.080509862180186
"(9, 27, 33)",18.076727058931276
"(0, 26, 27)",18.07491986615262
"(16, 27)",18.07127005613937
"(19, 31, 39)",18.071245267803942
"(23, 27, 33)",18.070735409292173
"(14, 16, 31)",18.07019049127014
"(7, 11, 31)",18.068038559039838
"(2, 36, 49)",18.06645094223699
"(37, 41, 49)",18.065622328744958
"(22, 29, 49)",18.061417548093743
"(21, 31, 33)",18.06141653000271
"(3, 28, 35)",18.06016310442969
"(9, 12, 28)",18.059904830978375
"(17, 31, 44)",18.05817211384621
"(0, 27, 30)",18.057175056881185
"(19, 27, 28)",18.054350837658923
"(12, 23, 28)",18.053913181339276
"(9, 16, 49)",18.046618222846988
"(28, 39, 49)",18.044894702581324
"(26, 29, 37)",18.044669262737173
"(16, 23, 49)",18.040626573207888
"(7, 31, 35)",18.04048955762293
"(14, 17, 31)",18.038552896821272
"(6, 31, 44)",18.0362993847769
"(3, 10, 29)",18.033629683170012
"(27, 29, 41)",18.032533245414534
"(11, 41, 49)",18.02925233373604
"(29, 30, 37)",18.02692445346574
"(12, 29, 46)",18.025385760413187
"(17, 27)",18.023813664466076
"(0, 10, 37)",18.023028687088075
"(6, 14, 31)",18.016680167751964
"(9, 17, 49)",18.014980628398128
"(17, 23, 49)",18.008988978759024
"(11, 26, 29)",18.008299267728255
"(10, 12)",18.00515496680383
"(35, 41, 49)",18.00170333231913
"(10, 19, 49)",17.996987503303842
"(2, 19, 29)",17.99500705708362
"(6, 9, 49)",17.993107899328816
"(6, 27)",17.99100457086211
"(11, 29, 30)",17.99055445845682
"(9, 37)",17.99046741346028
"(5, 12, 31)",17.988569700050437
"(6, 23, 49)",17.987116249689713
"(0, 10, 11)",17.986658692079157
"(7, 28, 31)",17.986251062271087
"(23, 37)",17.981479939001623
"(26, 29, 35)",17.980750266311347
"(19, 31, 41)",17.973815402189906
"(15, 31, 46)",17.972221478515472
"(27, 40, 46)",17.969653501238774
"(29, 30, 35)",17.963005457039912
"(12, 32, 49)",17.962477767502357
"(0, 10, 35)",17.95910969066225
"(1, 2, 49)",17.957158492899563
"(33, 46, 49)",17.957139579918838
"(10, 20, 31)",17.954575998537745
"(9, 23, 29)",17.953669061424737
"(24, 31, 44)",17.95194670549967
"(2, 27, 44)",17.949891591807667
"(12, 37, 40)",17.948541560696295
"(28, 41, 49)",17.94746483696729
"(2, 9, 40)",17.944828791228662
"(0, 29, 40)",17.94050442969862
"(2, 23, 40)",17.93883714158956
"(9, 11)",17.9359124209469
"(14, 24, 31)",17.932327488474733
"(2, 14, 27)",17.93027237478273
"(29, 34, 49)",17.929361456143866
"(12, 13, 31)",17.9288600491844
"(11, 23)",17.92692494648825
"(26, 28, 29)",17.926511770959507
"(37, 42, 49)",17.921113369160942
"(12, 48, 49)",17.917241892294285
"(1, 26, 31)",17.915013771998062
"(11, 12, 40)",17.912171565687377
"(10, 25, 31)",17.909600278223746
"(3, 27, 46)",17.909449153011238
"(28, 29, 30)",17.908766961688073
"(9, 24, 49)",17.90875522005158
"(2, 12, 26)",17.90545572479732
"(0, 10, 28)",17.904871195310406
"(12, 29, 33)",17.902938556045935
"(23, 24, 49)",17.902763570412482
"(2, 33)",17.899815026731975
"(9, 31, 45)",17.899417598198212
"(2, 16, 37)",17.89764127195647
"(1, 30, 31)",17.897268962726628
"(9, 35)",17.89458891882154
"(23, 31, 45)",17.89342594855911
"(2, 21, 49)",17.89138957743102
"(3, 12, 37)",17.88833721246876
"(27, 29, 42)",17.888024285830518
"(2, 12, 30)",17.887710915525886
"(23, 35)",17.885601444362884
"(11, 42, 49)",17.884743374152023
"(2, 3, 9)",17.884624443001126
"(12, 35, 40)",17.88462256427047
"(0, 3, 29)",17.880300081471088
"(12, 43, 49)",17.87974772209694
"(2, 3, 23)",17.878632793362023
"(2, 10, 46)",17.874676486275256
"(16, 22, 31)",17.872244836411543
"(10, 16, 27)",17.86653263484627
"(2, 17, 37)",17.866003677507607
"(9, 26, 27)",17.864555385458083
"(24, 27)",17.86447555194626
"(2, 11, 16)",17.861271276947555
"(23, 26, 27)",17.858563735818983
"(35, 42, 49)",17.857194372735115
"(18, 31, 40)",17.856980749759536
"(3, 11, 12)",17.85196721745984
"(29, 36, 49)",17.85176210001242
"(15, 31, 33)",17.84977427414822
"(21, 26, 31)",17.84924485652952
"(27, 33, 40)",17.847206296871526
"(9, 27, 30)",17.84681057618665
"(2, 6, 37)",17.8441309484383
"(0, 19, 49)",17.843657901604914
"(23, 27, 30)",17.84081892654755
"(17, 22, 31)",17.84060724196268
"(10, 17, 27)",17.834895040397406
"(2, 16, 35)",17.833722275530643
"(21, 30, 31)",17.831500047258086
"(12, 28, 40)",17.830384068918626
"(2, 11, 17)",17.829633682498688
"(19, 31, 42)",17.829306442605887
"(3, 12, 35)",17.824418216042933
"(18, 27, 49)",17.818852064890457
"(6, 22, 31)",17.81873451289337
"(12, 19, 27)",17.81860594927216
"(16, 40, 49)",17.817097460787238
"(9, 28)",17.813231175793774
"(6, 10, 27)",17.813022311328098
"(9, 10, 37)",17.812664206393542
"(12, 39, 49)",17.809149814194566
"(2, 6, 11)",17.80776095342938
"(10, 23, 37)",17.80667255675444
"(35, 37, 46)",17.80467855708803
"(23, 28)",17.804243701335125
"(28, 42, 49)",17.802955877383273
"(2, 17, 35)",17.80208468108178
"(0, 20, 31)",17.80124639683882
"(4, 31, 37)",17.798205794880772
"(8, 31, 37)",17.798205794880772
"(31, 37, 38)",17.798205794880772
"(31, 37, 47)",17.798205794880772
"(3, 18, 31)",17.796776401532
"(3, 27, 33)",17.787001948643987
"(17, 40, 49)",17.785459866338375
"(2, 6, 35)",17.780211952012472
"(2, 16, 28)",17.7794837801788
"(31, 32, 48)",17.779429493739674
"(9, 10, 11)",17.776294211384624
"(0, 12)",17.775160564255437
"(27, 32, 37)",17.772600477272604
"(10, 11, 23)",17.77030256174552
"(3, 12, 28)",17.77017972069109
"(11, 35, 46)",17.768308562079113
"(37, 44, 49)",17.76829183291352
"(6, 40, 49)",17.763587137269063
"(4, 11, 31)",17.761835799871854
"(8, 11, 31)",17.761835799871854
"(11, 31, 38)",17.761835799871854
"(11, 31, 47)",17.761835799871854
"(29, 46)",17.761452569945988
"(2, 24, 37)",17.759778269161064
"(3, 16, 49)",17.756893112559702
"(0, 25, 31)",17.756270676524817
"(2, 10, 33)",17.752229281908008
"(7, 12, 31)",17.75050617388433
"(28, 37, 46)",17.75044006173619
"(9, 10, 35)",17.748745209967716
"(14, 37, 49)",17.74867261588858
"(2, 17, 28)",17.74784618572994
"(26, 46, 49)",17.74496790644565
"(10, 23, 35)",17.742753560328612
"(1, 29, 49)",17.74246965067499
"(31, 32, 43)",17.74193532354233
"(16, 31, 34)",17.740188744461665
"(11, 27, 32)",17.736230482263686
"(27, 29, 44)",17.735202749583095
"(22, 24, 31)",17.734381833616137
"(4, 31, 35)",17.734286798454946
"(8, 31, 35)",17.734286798454946
"(31, 35, 38)",17.734286798454946
"(31, 35, 47)",17.734286798454946
"(2, 22, 27)",17.73232671992414
"(11, 44, 49)",17.7319218379046
"(9, 29, 40)",17.73013994900409
"(10, 24, 27)",17.728669632050863
"(30, 46, 49)",17.727223097174214
"(2, 6, 28)",17.72597345666063
"(3, 17, 49)",17.72525551811084
"(23, 29, 40)",17.724148299364984
"(2, 11, 24)",17.72340827415215
"(0, 2, 46)",17.72134688457633
"(14, 27, 29)",17.715583532558156
"(11, 28, 46)",17.71407006672727
"(0, 16, 27)",17.713203033147344
"(11, 14, 49)",17.71230262087966
"(12, 41, 49)",17.71171994858053
"(27, 32, 35)",17.708681480846778
"(17, 31, 34)",17.708551150012802
"(5, 31)",17.706228479401865
"(35, 44, 49)",17.704372836487693
"(3, 6, 49)",17.703382789041527
"(31, 43, 48)",17.696699448334257
"(2, 24, 35)",17.695859272735238
"(9, 10, 28)",17.694506714615876
"(12, 26, 29)",17.690766882572746
"(27, 37, 43)",17.689870431867188
"(10, 23, 28)",17.68851506497677
"(6, 31, 34)",17.686678420943494
"(28, 35, 46)",17.686521065310362
"(14, 35, 49)",17.684753619462754
"(16, 29, 37)",17.6829524297319
"(33, 35, 37)",17.68223135272078
"(0, 17, 27)",17.681565438698478
"(4, 28, 31)",17.680048303103106
"(8, 28, 31)",17.680048303103106
"(28, 31, 38)",17.680048303103106
"(28, 31, 47)",17.680048303103106
"(2, 15, 49)",17.679747321576528
"(24, 40, 49)",17.679234457991832
"(21, 29, 49)",17.676700735206445
"(19, 31, 44)",17.676484906358464
"(12, 29, 30)",17.67302207330131
"(31, 32, 39)",17.671337415639954
"(3, 9, 29)",17.669935600776554
"(31, 40, 45)",17.669896836138463
"(0, 10, 12)",17.669126306923648
"(32, 49)",17.667090580579746
"(3, 23, 29)",17.66394395113745
"(10, 29, 46)",17.659987644050684
"(0, 6, 27)",17.65969270962917
"(0, 9, 37)",17.659334604694614
"(14, 19, 31)",17.65686568933353
"(2, 3, 40)",17.655103680941373
"(27, 28, 32)",17.654442985494935
"(11, 27, 43)",17.65350043685827
"(0, 23, 37)",17.653342955055514
"(17, 29, 37)",17.651314835283035
"(28, 44, 49)",17.65013434113585
"(11, 16, 29)",17.64658243472298
"(37, 40)",17.646186270370652
"(11, 33, 35)",17.645861357711862
"(2, 24, 28)",17.641620777383395
"(15, 26, 31)",17.63760260067503
"(26, 27, 40)",17.635034623398333
"(9, 19, 49)",17.63329342091038
"(27, 45, 49)",17.631768151269384
"(14, 28, 49)",17.630515124110914
"(6, 29, 37)",17.629442106213723
"(28, 33, 37)",17.627992857368938
"(19, 23, 49)",17.627301771271277
"(31, 39, 48)",17.626101540431883
"(27, 35, 43)",17.625951435441362
"(5, 10, 31)",17.623171583687935
"(0, 9, 11)",17.622964609685695
"(26, 33, 49)",17.622520702078397
"(15, 30, 31)",17.619857791403597
"(27, 37, 39)",17.619272523964813
"(16, 29, 35)",17.619033433306072
"(3, 24, 49)",17.619030109764296
"(27, 30, 40)",17.6172898141269
"(0, 11, 23)",17.616972960046596
"(13, 31)",17.616664003102812
"(11, 17, 29)",17.614944840274116
"(3, 31, 45)",17.609692487910927
"(30, 33, 49)",17.604775892806963
"(24, 31, 34)",17.60232574166626
"(2, 27, 34)",17.60027062797426
"(48, 49)",17.59923676776764
"(0, 2, 33)",17.59889968020908
"(10, 32, 49)",17.597079651139854
"(0, 9, 35)",17.595415608268787
"(2, 29, 32)",17.595099204919634
"(6, 11, 29)",17.593072111204805
"(11, 40)",17.591631277857275
"(11, 28, 33)",17.59162286236002
"(9, 20, 31)",17.590881916144284
"(0, 23, 35)",17.589423958629688
"(31, 39, 43)",17.588607370234534
"(17, 29, 35)",17.58739583885721
"(20, 23, 31)",17.584890266505184
"(10, 37, 40)",17.583143444333793
"(11, 27, 39)",17.582902528955895
"(2, 26)",17.58155751652219
"(29, 33)",17.577781763395116
"(0, 24, 27)",17.57534003035194
"(3, 26, 27)",17.574830275170797
"(31, 32, 41)",17.57390755002592
"(27, 28, 43)",17.57171294008952
"(12, 42, 49)",17.567210988996514
"(6, 29, 35)",17.565523109787897
"(16, 28, 29)",17.56479493795423
"(28, 33, 35)",17.56407386094311
"(10, 13, 31)",17.563461932821898
"(3, 27, 30)",17.557085465899362
"(3, 37)",17.555879748029348
"(27, 35, 39)",17.555353527538987
"(2, 30)",17.554940302615037
"(1, 16, 31)",17.553296938992787
"(10, 48, 49)",17.551843775931783
"(22, 37, 49)",17.550726961029987
"(35, 40)",17.550307775731913
"(2, 29, 48)",17.549863329711563
"(10, 11, 40)",17.546773449324874
"(9, 25, 31)",17.545906195830284
"(24, 29, 37)",17.545089426936492
"(2, 12, 16)",17.543738891792046
"(43, 49)",17.54299551247162
"(0, 9, 28)",17.541177112916948
"(2, 10, 26)",17.540057608434815
"(23, 25, 31)",17.53991454619118
"(10, 29, 33)",17.537540439683433
"(0, 23, 28)",17.535185463277845
"(17, 28, 29)",17.533157343505366
"(3, 10, 37)",17.522939096106256
"(2, 27, 36)",17.52267127184281
"(2, 10, 30)",17.52231279916338
"(27, 37, 41)",17.521842658350778
"(1, 17, 31)",17.521659344543924
"(10, 35, 40)",17.519224447907966
"(22, 27, 29)",17.517637877699563
"(12, 37, 46)",17.51469517334943
"(11, 22, 49)",17.51435696602107
"(10, 43, 49)",17.514349605734438
"(2, 29, 43)",17.512369159514215
"(2, 12, 17)",17.51210129734318
"(6, 28, 29)",17.511284614436057
"(2, 9, 46)",17.510982403881798
"(11, 24, 29)",17.508719431927574
"(0, 29, 46)",17.506658042351756
"(2, 23, 46)",17.504990754242694
"(9, 16, 27)",17.502838552452808
"(3, 11)",17.50132475551597
"(27, 28, 39)",17.501115032187144
"(1, 6, 31)",17.499786615474612
"(16, 23, 27)",17.496846902813708
"(31, 41, 43)",17.491177504620502
"(2, 6, 12)",17.49022856827387
"(16, 21, 31)",17.48752802352424
"(22, 35, 49)",17.48680796460416
"(3, 10, 11)",17.486569101097338
"(11, 27, 41)",17.48547266334186
"(2, 19, 37)",17.48431647001986
"(24, 29, 35)",17.481170430510666
"(11, 12, 46)",17.478325178340512
"(9, 17, 27)",17.471200958003944
"(26, 35, 37)",17.470059679247587
"(0, 5, 31)",17.469841981989006
"(28, 40)",17.46895003270415
"(17, 23, 27)",17.46520930836484
"(15, 29, 49)",17.465058479351953
"(10, 28, 40)",17.464985952556123
"(3, 35)",17.460001253390608
"(9, 12)",17.45961384321364
"(3, 10, 35)",17.45902009968043
"(19, 22, 31)",17.458920034474936
"(9, 10, 12)",17.458761826229114
"(27, 35, 41)",17.45792366192495
"(10,)",17.457057792260073
"(17, 21, 31)",17.45589042907538
"(10, 19, 27)",17.453207832909662
"(10, 12, 23)",17.45277017659001
"(30, 35, 37)",17.452314869976153
"(19, 27)",17.451282853234453
"(12, 35, 46)",17.450776176923604
"(12, 23)",17.450626368754982
"(6, 9, 27)",17.449328228934633
"(2, 11, 19)",17.447946475010944
"(4, 12, 31)",17.444303414716344
"(8, 12, 31)",17.444303414716344
"(12, 31, 38)",17.444303414716344
"(12, 31, 47)",17.444303414716344
"(10, 39, 49)",17.443751697832063
"(0, 32, 49)",17.443750049440926
"(6, 23, 27)",17.443336579295533
"(9, 23, 37)",17.442978474360977
"(2, 29, 39)",17.44177125161184
"(3, 29, 40)",17.4404148387168
"(39, 49)",17.437098650618058
"(6, 21, 31)",17.43401770000607
"(11, 26, 35)",17.43368968423867
"(22, 28, 49)",17.432569469252318
"(0, 37, 40)",17.429813842634864
"(31, 32, 42)",17.4293985904419
"(24, 28, 29)",17.426931935158823
"(18, 31, 46)",17.423134362412668
"(31, 39, 41)",17.420579596718124
"(2, 19, 35)",17.420397473594033
"(12, 27, 32)",17.418698097108177
"(34, 37, 49)",17.41867086908011
"(11, 30, 35)",17.415944874967234
"(26, 28, 37)",17.415821183895748
"(1, 24, 31)",17.41543393619738
"(12, 44, 49)",17.41438945274909
"(1, 2, 27)",17.41337882250538
"(27, 33, 46)",17.413359909524658
"(0, 13, 31)",17.410132331122973
"(9, 11, 23)",17.40660847935206
"(2, 12, 24)",17.40587588899664
"(3, 10, 28)",17.404781604328587
"(19, 40, 49)",17.403772658850627
"(27, 28, 41)",17.40368516657311
"(0, 48, 49)",17.398514174232854
"(28, 30, 37)",17.398076374624313
"(12, 28, 46)",17.39653768157176
"(12, 14, 49)",17.394770235724152
"(0, 11, 40)",17.393443847625946
"(26, 30, 49)",17.392604219333773
"(12, 33, 37)",17.39224796898218
"(2, 9, 33)",17.388535199514546
"(0, 2, 26)",17.38672800673589
"(27, 29, 34)",17.385581785749686
"(7, 10, 31)",17.385108057521826
"(0, 29, 33)",17.384210837984504
"(31, 42, 48)",17.384162715233828
"(16, 46, 49)",17.38325107344037
"(2, 23, 33)",17.382543549875443
"(11, 34, 49)",17.38230087407119
"(11, 26, 28)",17.379451188886826
"(9, 23, 35)",17.37905947793515
"(3, 28)",17.378643510362846
"(27, 37, 42)",17.37733369876676
"(0, 3, 37)",17.369609494407328
"(0, 2, 30)",17.368983197464456
"(2, 19, 28)",17.36615897824219
"(0, 35, 40)",17.365894846209038
"(9, 24, 27)",17.3649755496574
"(11, 28, 30)",17.361706379615395
"(20, 31, 40)",17.361361154084534
"(0, 43, 49)",17.36102000403551
"(23, 24, 27)",17.358983900018302
"(11, 12, 33)",17.35587797397326
"(34, 35, 49)",17.354751872654283
"(26, 28, 35)",17.35190218746992
"(17, 46, 49)",17.35161347899151
"(21, 24, 31)",17.349665020728835
"(7, 31)",17.349133190152703
"(2, 21, 27)",17.347609907036837
"(31, 42, 43)",17.346668545036483
"(10, 41, 49)",17.346321832218024
"(2, 29, 41)",17.344341385997804
"(3, 19, 49)",17.34356831062309
"(36, 37, 49)",17.34107151294866
"(11, 27, 42)",17.34096370375784
"(12, 27, 43)",17.33596805170276
"(28, 30, 35)",17.334157378198487
"(0, 3, 11)",17.33323949939841
"(6, 46, 49)",17.3297407499222
"(12, 16, 29)",17.32905004956747
"(12, 33, 35)",17.328328972556353
"(19, 31, 34)",17.32686394252506
"(10, 26, 29)",17.325368766210243
"(9, 23, 28)",17.32482098258331
"(20, 27, 49)",17.323232469215455
"(25, 31, 40)",17.31638543377053
"(27, 35, 42)",17.313414702340932
"(0, 28, 40)",17.3116563508572
"(27, 29, 36)",17.307982429618235
"(10, 29, 30)",17.30762395693881
"(0, 3, 35)",17.3056904979815
"(0, 9, 12)",17.305432224530186
"(11, 36, 49)",17.30470151793974
"(3, 20, 31)",17.301156805856998
"(18, 31, 33)",17.30068715804542
"(28, 34, 49)",17.30051337730244
"(0, 19, 27)",17.299878231210734
"(0, 12, 23)",17.299440574891086
"(12, 17, 29)",17.297412455118607
"(9, 29, 46)",17.296293561657222
"(41, 49)",17.290953852197006
"(0, 39, 49)",17.290422096133135
"(23, 29, 46)",17.29030191201812
"(2, 40, 46)",17.281461641822045
"(25, 27, 49)",17.278256748901452
"(35, 36, 49)",17.277152516522833
"(31, 39, 42)",17.276070637134108
"(15, 16, 31)",17.275885767669752
"(6, 12, 29)",17.275539726049296
"(12, 28, 33)",17.27409047720451
"(16, 27, 40)",17.273317790393058
"(19, 29, 37)",17.269627627795288
"(12, 27, 39)",17.265370143800386
"(16, 33, 49)",17.260803869073122
"(26, 29)",17.25952425318533
"(5, 9, 31)",17.259477501294473
"(27, 28, 42)",17.25917620698909
"(14, 31, 32)",17.25695783716954
"(3, 25, 31)",17.256181085542995
"(5, 23, 31)",17.25348585165537
"(0, 3, 28)",17.251452002629662
"(24, 46, 49)",17.245388070644964
"(15, 17, 31)",17.24424817322089
"(17, 27, 40)",17.24168019594419
"(31, 45, 46)",17.236050448791595
"(9, 32, 49)",17.233385568746392
"(11, 19, 29)",17.23325763278637
"(29, 30)",17.232907039278174
"(1, 37, 49)",17.231779063611228
"(0, 7, 31)",17.231778455822898
"(31, 44, 48)",17.231341178986405
"(10, 12, 40)",17.229241064169365
"(17, 33, 49)",17.22916627462426
"(23, 32, 49)",17.22739391910729
"(0, 10)",17.22706338971168
"(27, 37, 44)",17.224512162519336
"(28, 36, 49)",17.222914021170993
"(6, 15, 31)",17.22237544415158
"(2, 3, 46)",17.22125729359451
"(6, 27, 40)",17.219807466874883
"(9, 37, 40)",17.219449361940327
"(23, 37, 40)",17.213457712301228
"(3, 16, 27)",17.213113442165522
"(14, 31, 48)",17.21172196196147
"(6, 33, 49)",17.207293545554947
"(19, 29, 35)",17.20570863136946
"(14, 27, 37)",17.2048929454944
"(10, 42, 49)",17.201812872634008
"(26, 27, 46)",17.201188236051465
"(2, 29, 42)",17.19983242641379
"(9, 13, 31)",17.199767850428437
"(1, 27, 29)",17.198689980280808
"(12, 22, 49)",17.19682458086556
"(1, 11, 49)",17.19540906860231
"(31, 43, 44)",17.19384700878906
"(13, 23, 31)",17.193776200789337
"(0, 41, 49)",17.1929922305191
"(12, 24, 29)",17.191187046772065
"(9, 48, 49)",17.18814969353832
"(11, 27, 44)",17.188142167510417
"(27, 30, 46)",17.18344342678003
"(9, 11, 40)",17.18307936693141
"(23, 48, 49)",17.182158043899218
"(3, 17, 27)",17.181475847716655
"(12, 26, 37)",17.180076295508986
"(31, 41, 42)",17.178640771520072
"(2, 10, 16)",17.17834077542954
"(11, 23, 40)",17.17708771729231
"(2, 9, 26)",17.176363526041357
"(14, 31, 43)",17.174227791764125
"(9, 29, 33)",17.17384635728997
"(0, 26, 29)",17.172039164511315
"(2, 23, 26)",17.170371876402253
"(3, 10, 12)",17.16903671594183
"(11, 14, 27)",17.16852295048548
"(12, 27, 41)",17.16794027818635
"(1, 35, 49)",17.1678600671854
"(23, 29, 33)",17.167854707650868
"(21, 37, 49)",17.166010148142686
"(12, 30, 37)",17.16233148623755
"(27, 35, 44)",17.16059316609351
"(3, 6, 27)",17.159603118647347
"(3, 9, 37)",17.159245013712795
"(2, 33, 40)",17.159014437454793
"(2, 9, 30)",17.158618716769922
"(9, 35, 40)",17.1555303655145
"(0, 29, 30)",17.15429435523988
"(3, 23, 37)",17.15325336407369
"(2, 23, 30)",17.15262706713082
"(19, 28, 29)",17.15147013601762
"(9, 43, 49)",17.150655523340976
"(23, 35, 40)",17.1495387158754
"(10, 37, 46)",17.149297056986924
"(2, 10, 17)",17.146703180980676
"(23, 43, 49)",17.144663873701873
"(11, 12, 26)",17.14370630050007
"(14, 27, 35)",17.140973949068574
"(1, 19, 31)",17.139972137056176
"(15, 24, 31)",17.138022764874346
"(2, 15, 27)",17.135967651182348
"(24, 27, 40)",17.135454787597652
"(21, 27, 29)",17.132921064812265
"(2, 18, 49)",17.130660205473728
"(2, 12, 19)",17.130414089855435
"(11, 21, 49)",17.129640153133767
"(11, 12, 30)",17.125961491228637
"(2, 6, 10)",17.124830451911365
"(31, 39, 44)",17.123249100886685
"(24, 33, 49)",17.122940866277716
"(3, 9, 11)",17.122875018703876
"(3, 11, 23)",17.116883369064773
"(12, 26, 35)",17.11615729908316
"(12, 40)",17.11533270012401
"(31, 33, 45)",17.113603244424343
"(10, 11, 46)",17.112927061978006
"(16, 35, 37)",17.108342846242312
"(27, 28, 44)",17.106354670741666
"(14, 31, 39)",17.10362988386175
"(21, 35, 49)",17.10209115171686
"(9, 28, 40)",17.10129187016266
"(2, 3, 33)",17.098810089227257
"(12, 30, 35)",17.098412489811725
"(3, 9, 35)",17.09532601728697
"(23, 28, 40)",17.095300220523562
"(9, 19, 27)",17.089513750516197
"(3, 23, 35)",17.089334367647865
"(9, 12, 23)",17.08907609419655
"(18, 26, 31)",17.088515484572227
"(14, 27, 28)",17.08673545371673
"(10, 35, 46)",17.085378060561098
"(2, 32, 37)",17.084408617855875
"(19, 23, 27)",17.083522100877097
"(9, 39, 49)",17.080057615438598
"(4, 10, 31)",17.078905298353842
"(10, 31, 38)",17.078905298353842
"(10, 31, 47)",17.078905298353842
"(26, 27, 33)",17.078741031684217
"(17, 35, 37)",17.07670525179345
"(0, 12, 40)",17.075911462470437
"(3, 24, 27)",17.075250439370116
"(19, 21, 31)",17.074203221587634
"(42, 49)",17.07419041282098
"(23, 39, 49)",17.074065965799498
"(11, 16, 35)",17.071972851233394
"(18, 30, 31)",17.070770675300793
"(29, 40, 46)",17.066772799597473
"(12, 34, 49)",17.064768488915682
"(12, 26, 28)",17.061918803731317
"(27, 30, 33)",17.060996222412783
"(22, 31, 32)",17.059012182310944
"(6, 35, 37)",17.054832522724137
"(16, 28, 37)",17.05410435089047
"(10, 27, 32)",17.05329998074567
"(10, 44, 49)",17.048991336386585
"(16, 26, 49)",17.04863219559993
"(0, 42, 49)",17.04848327093508
"(2, 11, 32)",17.048038622846956
"(21, 28, 49)",17.047852656365016
"(2, 29, 44)",17.047010890166366
"(12, 28, 30)",17.044173994459886
"(3, 9, 28)",17.041087521935125
"(2, 10, 24)",17.040477772634134
"(11, 17, 35)",17.04033525678453
"(2, 37, 48)",17.039172742647803
"(2, 16)",17.038982267014273
"(3, 23, 28)",17.035095872296026
"(10, 28, 46)",17.03113956520926
"(16, 30, 49)",17.030887386328494
"(5, 31, 40)",17.02995673923472
"(10, 14, 49)",17.02937211936165
"(2, 14, 29)",17.02739167314143
"(10, 33, 37)",17.026849852619673
"(31, 41, 44)",17.02581923527265
"(3, 12)",17.025026177782706
"(0, 2, 16)",17.02501117373061
"(12, 27, 42)",17.02343131860233
"(17, 28, 37)",17.022466756441606
"(7, 9, 31)",17.021413975128365
"(2, 32, 35)",17.02048962143005
"(6, 11, 35)",17.01846252771522
"(11, 16, 28)",17.01773435588155
"(17, 26, 49)",17.01699460115107
"(0, 3, 12)",17.0157071142429
"(7, 23, 31)",17.01542232548926
"(22, 31, 48)",17.013776307102873
"(22, 27, 37)",17.006947290635804
"(3, 29, 46)",17.006568451369937
"(14, 31, 41)",17.006200018247714
"(32, 40, 49)",17.003864806686643
"(2, 11, 48)",17.002802747638885
"(2, 37, 43)",17.00167857245046
"(6, 28, 37)",17.000594027372298
"(17, 30, 49)",16.999249791879635
"(0,)",16.997068987163292
"(0, 37, 46)",16.995967455287996
"(37, 46)",16.99541668935035
"(6, 26, 49)",16.995121872081757
"(0, 2, 17)",16.99337357928175
"(5, 27, 49)",16.99182805436564
"(2, 17)",16.99152587534098
"(10, 11, 33)",16.990479857610755
"(16, 28, 35)",16.990185354464643
"(12, 36, 49)",16.98716913278423
"(11, 17, 28)",16.98609676143269
"(9, 41, 49)",16.982627749824566
"(6, 30, 49)",16.977377062810323
"(23, 41, 49)",16.976636100185463
"(22, 31, 43)",16.97628213690553
"(2, 35, 48)",16.975253746221977
"(0, 2, 6)",16.97150085021244
"(11, 22, 27)",16.97057729562689
"(10, 27, 43)",16.970569935340258
"(24, 35, 37)",16.970479843446906
"(13, 31, 40)",16.970247088368687
"(19, 46, 49)",16.969926271503763
"(3, 5, 31)",16.969752391007184
"(2, 28, 32)",16.966251126078205
"(2, 11, 43)",16.96530857744154
"(6, 11, 28)",16.964224032363376
"(10, 16, 29)",16.963651933204964
"(10, 33, 35)",16.962930856193847
"(9, 26, 29)",16.96167468381678
"(0, 11, 46)",16.959597460279078
"(2, 6)",16.958716781737014
"(40, 48, 49)",16.95862893147857
"(17, 28, 35)",16.95854776001578
"(23, 26, 29)",16.955683034177678
"(15, 37, 49)",16.954367892288197
"(2, 26, 40)",16.946842763981603
"(29, 33, 40)",16.944325595230218
"(9, 29, 30)",16.943929874545347
"(3, 32, 49)",16.943660458459107
"(2, 45, 49)",16.94357629185265
"(22, 27, 35)",16.943028294209977
"(11, 46)",16.940861696836976
"(0, 9, 10)",16.940034108167684
"(23, 29, 30)",16.937938224906244
"(2, 35, 43)",16.937759576024632
"(6, 28, 35)",16.93667503094647
"(11, 24, 35)",16.934109848437988
"(0, 10, 23)",16.93404245852858
"(13, 27, 49)",16.932118403499608
"(0, 35, 46)",16.93204845886217
"(10, 17, 29)",16.932014338756105
"(2, 37, 39)",16.931080664548084
"(3, 37, 40)",16.92972425165304
"(2, 30, 40)",16.92909795471017
"(20, 31, 46)",16.927514766737666
"(31, 32, 34)",16.926956090361067
"(0, 4, 31)",16.925575696654914
"(0, 8, 31)",16.925575696654914
"(0, 31, 38)",16.925575696654914
"(0, 31, 47)",16.925575696654914
"(15, 27, 29)",16.921278808957773
"(40, 43, 49)",16.921134761281223
"(2, 28, 48)",16.921015250870134
"(11, 15, 49)",16.917997897279278
"(24, 28, 37)",16.916241348095063
"(18, 29, 49)",16.915971363249156
"(12, 19, 29)",16.91572524763086
"(9, 10)",16.911516668669883
"(24, 26, 49)",16.910769192804523
"(6, 10, 29)",16.910141609686793
"(3, 13, 31)",16.91004274014115
"(10, 28, 33)",16.908692360842007
"(22, 31, 39)",16.905684229003153
"(10, 23)",16.902529194211226
"(26, 31, 45)",16.901431570951154
"(10, 27, 39)",16.89997202743788
"(0, 27, 32)",16.899970379046746
"(35, 46)",16.89953819471161
"(3, 48, 49)",16.898424583251035
"(0, 44, 49)",16.895661734687657
"(2, 11, 39)",16.894710669539165
"(3, 11, 40)",16.893354256644123
"(24, 30, 49)",16.89302438353309
"(15, 35, 49)",16.89044889586237
"(4, 31)",16.889829051400728
"(8, 31)",16.889829051400728
"(31, 38)",16.889829051400728
"(31, 47)",16.889829051400728
"(22, 27, 28)",16.888789798858134
"(0, 2, 24)",16.88714817093521
"(2, 3, 26)",16.886638415754067
"(3, 29, 33)",16.884121247002685
"(30, 31, 45)",16.88368676167972
"(2, 28, 43)",16.88352108067279
"(25, 31, 46)",16.882539046423666
"(31, 34, 48)",16.881720215152995
"(31, 42, 44)",16.88131027568863
"(11, 24, 28)",16.879871353086145
"(1, 12, 49)",16.8778766834468
"(0, 28, 46)",16.87780996351033
"(0, 14, 49)",16.87604251766272
"(27, 34, 37)",16.874891198685926
"(0, 33, 37)",16.87352025092075
"(12, 27, 44)",16.870609782354908
"(29, 32, 37)",16.8697197756313
"(2, 3, 30)",16.868893606482633
"(2, 35, 39)",16.867161668122257
"(3, 35, 40)",16.865805255227215
"(9, 12, 40)",16.8655469817759
"(15, 19, 31)",16.86256096573314
"(14, 31, 42)",16.861691058663695
"(3, 43, 49)",16.860930413053687
"(19, 27, 40)",16.859992988456447
"(12, 23, 40)",16.8595553321368
"(24, 28, 35)",16.852322351669237
"(27, 32)",16.851421074988473
"(12, 14, 27)",16.850990565329973
"(39, 40, 49)",16.85053685337885
"(26, 27, 30)",16.84882454893959
"(19, 33, 49)",16.84747906713651
"(44, 49)",16.844958108449845
"(31, 34, 43)",16.844226044955654
"(16, 27, 46)",16.83947140304619
"(11, 27, 34)",16.83852120367701
"(9, 42, 49)",16.838118790240546
"(0, 11, 33)",16.83715025591183
"(15, 28, 49)",16.836210400510527
"(2, 37, 41)",16.83365079893405
"(11, 29, 32)",16.83334978062238
"(2, 24)",16.832187762821164
"(23, 42, 49)",16.832127140601443
"(10, 22, 49)",16.831426464503053
"(2, 22, 29)",16.829446018282834
"(10, 24, 29)",16.82578893040956
"(29, 37, 48)",16.82448390042323
"(12, 16, 37)",16.81835946250371
"(28, 46)",16.81818045168385
"(0, 27, 43)",16.81724033364133
"(14, 49)",16.81552928291244
"(10, 26, 37)",16.814678179146483
"(2, 9, 16)",16.814646693036078
"(2, 28, 39)",16.812923172770414
"(12, 21, 49)",16.812107767978258
"(33, 37)",16.811745882799478
"(3, 28, 40)",16.811566759875376
"(27, 34, 35)",16.8109722022601
"(0, 16, 29)",16.81032233150604
"(0, 33, 35)",16.809601254494922
"(2, 16, 23)",16.808655043396975
"(22, 31, 41)",16.808254363389118
"(17, 27, 46)",16.807833808597326
"(29, 32, 35)",16.805800779205473
"(3, 9, 12)",16.805342633548367
"(20, 31, 33)",16.805067562370418
"(10, 27, 41)",16.802542161823844
"(3, 19, 27)",16.79978864022891
"(3, 12, 23)",16.799350983909264
"(27, 36, 37)",16.79729184255448
"(2, 11, 41)",16.79728080392513
"(10, 30, 37)",16.79693336987505
"(10, 12, 46)",16.795394676822497
"(7, 31, 40)",16.79189321306861
"(3, 39, 49)",16.790332505151312
"(11, 29, 48)",16.78811390541431
"(29, 37, 43)",16.786989730225883
"(12, 17, 37)",16.786721868054848
"(6, 27, 46)",16.785961079528015
"(9, 37, 46)",16.785602974593463
"(2, 9, 17)",16.783009098587215
"(11, 12, 16)",16.781989467494792
"(23, 37, 46)",16.77961132495436
"(0, 17, 29)",16.778684737057176
"(10, 11, 26)",16.778308184137565
"(2, 17, 23)",16.77701744894811
"(31, 34, 39)",16.773628137053276
"(2, 35, 41)",16.769731802508222
"(2, 10, 19)",16.76501597349293
"(6, 12, 37)",16.764849138985536
"(2, 6, 9)",16.761136369517907
"(11, 27, 36)",16.76092184754556
"(29, 35, 48)",16.760564903997402
"(10, 11, 30)",16.76056337486613
"(25, 31, 33)",16.760091842056415
"(11, 33)",16.757190890286097
"(0, 6, 29)",16.756812007987865
"(27, 28, 34)",16.756733706908257
"(0, 28, 33)",16.75536275914308
"(2, 6, 23)",16.755144719878803
"(12, 16, 35)",16.754440466077885
"(40, 41, 49)",16.753106987764813
"(28, 29, 32)",16.75156228385363
"(10, 26, 35)",16.750759182720657
"(11, 29, 43)",16.750619735216965
"(11, 12, 17)",16.75035187304593
"(9, 11, 46)",16.749232979584544
"(0, 27, 39)",16.746642425738955
"(11, 23, 46)",16.74324132994544
"(1, 31, 32)",16.740064284892192
"(27, 35, 36)",16.733372846128653
"(10, 30, 35)",16.733014373449222
"(26, 29, 40)",16.732153921757032
"(3, 7, 31)",16.731688864841075
"(2, 12, 32)",16.730506237691447
"(29, 45, 49)",16.72888744962808
"(6, 11, 12)",16.728479143976617
"(27, 43)",16.727326006880347
"(16, 18, 31)",16.726798651566952
"(2, 33, 46)",16.72516805010793
"(9, 10, 23)",16.723677977834047
"(29, 35, 43)",16.723070733800057
"(12, 17, 35)",16.72280287162902
"(9, 35, 46)",16.721683978167636
"(16, 27, 33)",16.71702419867894
"(16, 29)",16.716949003677414
"(29, 37, 39)",16.71639182232351
"(33, 35)",16.71586738816074
"(23, 35, 46)",16.715692328528533
"(2, 28, 41)",16.71549330715638
"(4, 9, 31)",16.71521121596038
"(8, 9, 31)",16.71521121596038
"(9, 31, 38)",16.71521121596038
"(9, 31, 47)",16.71521121596038
"(29, 30, 40)",16.714409112485598
"(0, 10, 40)",16.71051334610793
"(4, 23, 31)",16.709219566321277
"(8, 23, 31)",16.709219566321277
"(23, 31, 38)",16.709219566321277
"(23, 31, 47)",16.709219566321277
"(14, 31, 44)",16.708869522416272
"(28, 29, 48)",16.70632640864556
"(24, 27, 46)",16.701608400250784
"(6, 12, 35)",16.70093014255971
"(12, 16, 28)",16.70020197072604
"(10, 34, 49)",16.699370372553176
"(2, 29, 34)",16.697389926332956
"(10, 26, 28)",16.696520687368817
"(17, 18, 31)",16.69516105711809
"(19, 35, 37)",16.6950180443057
"(1, 31, 48)",16.69482840968412
"(3, 41, 49)",16.692902639537277
"(9, 27, 32)",16.689605898352212
"(2, 37, 42)",16.68914183935003
"(1, 27, 37)",16.687999393217048
"(17, 27, 33)",16.685386604230075
"(9, 44, 49)",16.685297253993124
"(2, 12, 48)",16.685270362483376
"(23, 27, 32)",16.68361424871311
"(0, 9)",16.68152226612149
"(12, 24, 37)",16.680496459708305
"(11, 29, 39)",16.68002182731459
"(23, 44, 49)",16.67930560435402
"(27, 28, 36)",16.67913435077681
"(10, 28, 30)",16.678775878097383
"(0, 22, 49)",16.67809686280413
"(2, 9, 24)",16.676783690240672
"(31, 34, 41)",16.67619827143924
"(21, 31, 32)",16.674295369423646
"(6, 18, 31)",16.673288328048777
"(10, 12, 33)",16.672947472455245
"(0, 23)",16.672534791662837
"(0, 24, 29)",16.672459328710634
"(3, 26, 29)",16.671949573529496
"(2, 23, 24)",16.670792040601572
"(17, 29)",16.66949261200412
"(28, 29, 43)",16.668832238448218
"(12, 17, 28)",16.668564376277182
"(9, 28, 46)",16.667445482815793
"(9, 14, 49)",16.66567803696819
"(22, 31, 42)",16.663745403805102
"(6, 27, 33)",16.663513875160767
"(9, 33, 37)",16.66315577022621
"(23, 28, 46)",16.661453833176694
"(0, 26, 37)",16.661348577447555
"(14, 23, 49)",16.659686387329085
"(11, 19, 35)",16.658648049296783
"(10, 27, 42)",16.658033202239828
"(1, 31, 43)",16.657334239486772
"(23, 33, 37)",16.65716412058711
"(16, 17, 49)",16.65527776814579
"(3, 29, 30)",16.65420476425806
"(12, 22, 27)",16.65304491047138
"(2, 11, 42)",16.65277184434111
"(29, 35, 39)",16.652472825897682
"(1, 11, 27)",16.65162939820813
"(0, 3, 10)",16.650308997880398
"(0, 27, 41)",16.64921256012492
"(2, 12, 43)",16.64777619228603
"(6, 12, 28)",16.646691647207867
"(11, 12, 24)",16.644126464699387
"(0, 30, 37)",16.64360376817612
"(0, 12, 46)",16.64206507512357
"(19, 28, 37)",16.64077954895386
"(6, 29)",16.636683518400154
"(19, 26, 49)",16.63530739366332
"(2, 20, 49)",16.635040609798725
"(28, 33)",16.634509645132972
"(6, 16, 49)",16.63340503907648
"(21, 31, 48)",16.629059494215575
"(9, 11, 33)",16.626785775217293
"(2, 35, 42)",16.625222842924202
"(0, 11, 26)",16.624978582438636
"(1, 27, 35)",16.62408039679122
"(21, 27, 37)",16.622230477748506
"(10, 36, 49)",16.62177101642173
"(27, 39)",16.621429145026784
"(11, 23, 33)",16.620794125578193
"(2, 29, 36)",16.61979057020151
"(29, 37, 41)",16.618961956709473
"(19, 30, 49)",16.617562584391887
"(12, 24, 35)",16.61657746328248
"(0, 2, 19)",16.611686371794004
"(40, 42, 49)",16.608598028180797
"(0, 11, 30)",16.607233773167202
"(9, 27, 43)",16.606875852946793
"(11, 19, 28)",16.60440955394494
"(6, 17, 49)",16.60176744462762
"(23, 27, 43)",16.600884203307693
"(12, 15, 49)",16.60046551212377
"(9, 16, 29)",16.599957850811506
"(9, 33, 35)",16.599236773800385
"(28, 29, 39)",16.59823433054584
"(0, 26, 35)",16.59742958102173
"(5, 31, 46)",16.596110351887855
"(16, 23, 29)",16.593966201172403
"(23, 33, 35)",16.593245124161285
"(20, 26, 31)",16.592895888897225
"(21, 31, 43)",16.59156532401823
"(2, 25, 49)",16.590064889484722
"(18, 24, 31)",16.588935648771546
"(2, 18, 27)",16.586880535079544
"(1, 31, 39)",16.586736331584397
"(11, 21, 27)",16.585860482739584
"(2, 16, 40)",16.585125930976325
"(11, 29, 41)",16.582591961700555
"(0, 30, 35)",16.579684771750294
"(24, 27, 33)",16.579161195883533
"(2, 12, 39)",16.577178284383656
"(19, 28, 35)",16.576860552528032
"(3, 12, 40)",16.575821871488614
"(20, 30, 31)",16.57515107962579
"(2, 28, 42)",16.57098434757236
"(0, 9, 23)",16.57034837613512
"(32, 46, 49)",16.570018419339775
"(9, 17, 29)",16.56832025636264
"(10, 40)",16.567235525580255
"(12, 24, 28)",16.562338967930636
"(17, 23, 29)",16.56232860672354
"(21, 27, 35)",16.55831148132268
"(37, 40, 46)",16.556082212533713
"(29, 35, 41)",16.555042960283647
"(2, 17, 40)",16.553488336527465
"(10, 19, 29)",16.550327131268357
"(16, 24, 49)",16.549052359799248
"(3, 42, 49)",16.54839367995326
"(25, 26, 31)",16.547920168583225
"(6, 9, 29)",16.54644752729333
"(0, 34, 49)",16.54604077085425
"(9, 28, 33)",16.544998278448546
"(0, 26, 28)",16.54319108566989
"(6, 23, 29)",16.540455877654228
"(16, 31, 45)",16.53971473794588
"(23, 28, 33)",16.539006628809442
"(13, 31, 46)",16.53640070102182
"(2, 37, 44)",16.536320303102606
"(9, 27, 39)",16.536277945044418
"(31, 34, 42)",16.531689311855224
"(2, 6, 40)",16.531615607458154
"(23, 27, 39)",16.53028629540532
"(25, 30, 31)",16.53017535931179
"(0, 28, 30)",16.525446276398455
"(2, 3, 16)",16.52492158274879
"(46, 48, 49)",16.524782544131703
"(12, 27, 34)",16.520988818521502
"(21, 31, 39)",16.520967416115855
"(11, 40, 46)",16.519712217524795
"(0, 12, 33)",16.51961787075632
"(22, 49)",16.51861080062455
"(17, 24, 49)",16.517414765350384
"(2, 14, 37)",16.51670108607767
"(12, 29, 32)",16.515817395466872
"(2, 26, 46)",16.51299637663474
"(1, 10, 49)",16.5124785670843
"(22, 31, 44)",16.51092386755768
"(1, 2, 29)",16.510498120864078
"(29, 33, 46)",16.510479207883353
"(24, 29)",16.510154499484305
"(17, 31, 45)",16.508077143497015
"(10, 27, 44)",16.505211665992405
"(16, 26, 27)",16.50485252520575
"(0, 27, 42)",16.5047036005409
"(21, 27, 28)",16.504072985970836
"(28, 29, 41)",16.500804464931804
"(9, 10, 40)",16.5001488654134
"(2, 11, 44)",16.499950308093688
"(3, 37, 46)",16.495877864306177
"(6, 24, 49)",16.495542036281073
"(2, 30, 46)",16.495251567363304
"(10, 23, 40)",16.494157215774294
"(26, 37)",16.49348837258969
"(2, 3, 17)",16.49328398829993
"(35, 40, 46)",16.492163216107887
"(14, 22, 31)",16.49130465053274
"(1, 31, 41)",16.489306465970362
"(43, 46, 49)",16.48728837393436
"(16, 27, 30)",16.487107715934314
"(6, 31, 45)",16.486204414427704
"(4, 31, 40)",16.48569045390063
"(8, 31, 40)",16.48569045390063
"(31, 38, 40)",16.48569045390063
"(31, 40, 47)",16.48569045390063
"(10, 14, 27)",16.485592448967466
"(2, 11, 14)",16.480331091068752
"(2, 12, 41)",16.47974841876962
"(3, 10)",16.47692900323895
"(27, 41)",16.475284346605733
"(29, 37, 42)",16.474452997125454
"(5, 31, 33)",16.473663147520604
"(17, 26, 27)",16.473214930756885
"(2, 35, 44)",16.47240130667678
"(2, 3, 6)",16.471411259230617
"(12, 29, 48)",16.4705815202588
"(0, 36, 49)",16.4684414147228
"(9, 22, 49)",16.467732382109595
"(30, 37)",16.466871158682537
"(12, 46)",16.46456311910371
"(15, 31, 32)",16.462653113569154
"(9, 24, 29)",16.4620948480161
"(22, 23, 49)",16.461740732470492
"(10, 12, 26)",16.460775798982056
"(27, 32, 40)",16.46008513629246
"(3, 11, 46)",16.45950786929726
"(23, 24, 29)",16.456103198376997
"(40, 44, 49)",16.455776491933374
"(17, 27, 30)",16.45547012148545
"(10, 16, 37)",16.45296134614121
"(2, 14, 35)",16.452782089651844
"(6, 26, 27)",16.451342201687574
"(9, 26, 37)",16.45098409675302
"(32, 33, 49)",16.447571214972523
"(4, 27, 49)",16.44756176903155
"(8, 27, 49)",16.44756176903155
"(27, 38, 49)",16.44756176903155
"(27, 47, 49)",16.44756176903155
"(2, 24, 40)",16.44726292818092
"(10, 21, 49)",16.446709651615755
"(23, 26, 37)",16.44499244711392
"(2, 21, 29)",16.444729205395532
"(12, 27, 36)",16.44338946239005
"(10, 12, 30)",16.44303098971062
"(3, 9, 10)",16.439944517185864
"(11, 26)",16.438933380076314
"(9, 27, 41)",16.438848079430382
"(11, 29, 42)",16.438083002116535
"(28, 40, 46)",16.437924720756044
"(14, 40, 49)",16.43615727490844
"(3, 10, 23)",16.43395286754676
"(33, 37, 40)",16.433635008166462
"(6, 27, 30)",16.43359739241614
"(9, 30, 37)",16.433239287481587
"(12, 29, 43)",16.433087350061456
"(23, 27, 41)",16.432856429791283
"(3, 35, 46)",16.43195886788035
"(9, 12, 46)",16.431700594429035
"(23, 30, 37)",16.427247637842484
"(19, 27, 46)",16.42614660110958
"(12, 23, 46)",16.425708944789932
"(3, 4, 31)",16.425486105673095
"(3, 8, 31)",16.425486105673095
"(3, 31, 38)",16.425486105673095
"(3, 31, 47)",16.425486105673095
"(21, 31, 41)",16.42353755050182
"(10, 17, 37)",16.421323751692345
"(20, 29, 49)",16.42035176757415
"(2, 19)",16.41899506410936
"(2, 28, 44)",16.418162811324937
"(15, 31, 48)",16.417417238361082
"(39, 46, 49)",16.41669046603198
"(10, 11, 16)",16.41659135113229
"(9, 11, 26)",16.414614101744103
"(13, 31, 33)",16.41395349665457
"(11, 30)",16.412316166169163
"(15, 27, 37)",16.410588221894013
"(29, 35, 42)",16.410534000699627
"(11, 23, 26)",16.408622452105
"(18, 37, 49)",16.405280776185396
"(12, 19, 37)",16.4050346605671
"(33, 48, 49)",16.402335339764452
"(24, 31, 45)",16.401851735150473
"(2, 9, 19)",16.401321891099467
"(3, 27, 32)",16.399880788064923
"(2, 27, 45)",16.39979662145847
"(6, 10, 37)",16.399451022623033
"(2, 14, 28)",16.3985435943
"(26, 35)",16.397609877950952
"(11, 33, 40)",16.397265013157543
"(0, 19, 29)",16.39699752956943
"(9, 11, 30)",16.39686929247267
"(3, 44, 49)",16.395572143705838
"(2, 19, 23)",16.395330241460364
"(11, 23, 30)",16.390877642833566
"(2, 26, 33)",16.390549172267487
"(10, 16, 35)",16.389042349715382
"(9, 26, 35)",16.387065100327195
"(2, 3, 24)",16.387058579953386
"(10, 11, 17)",16.384953756683423
"(23, 26, 35)",16.381073450688092
"(15, 31, 43)",16.37992306816374
"(31, 34, 44)",16.3788677756078
"(3, 28, 46)",16.377720372528508
"(27, 40, 43)",16.377355090887043
"(3, 14, 49)",16.375952926680903
"(25, 29, 49)",16.37537604726015
"(11, 15, 27)",16.374218226885095
"(3, 33, 37)",16.373430659938926
"(2, 30, 33)",16.372804362996053
"(18, 27, 29)",16.372191692854972
"(30, 35)",16.370992664043797
"(16, 29, 40)",16.370437088751753
"(33, 35, 40)",16.369716011740636
"(9, 30, 35)",16.36932029105576
"(11, 18, 49)",16.368910781176478
"(11, 12, 19)",16.368664665558182
"(24, 26, 27)",16.366989522410343
"(9,)",16.36597554507969
"(2, 10, 32)",16.365108121328944
"(33, 43, 49)",16.364841169567107
"(23, 30, 35)",16.363328641416658
"(6, 10, 11)",16.363081027614115
"(12, 29, 39)",16.36248944215908
"(14, 31, 34)",16.359248558582863
"(0, 1, 49)",16.359148965385373
"(7, 31, 46)",16.358046825721743
"(10, 17, 35)",16.35740475526652
"(9, 23)",16.356988070621036
"(28, 29, 42)",16.356295505347788
"(0, 27, 44)",16.351882064293477
"(24, 27, 30)",16.34924471313891
"(23,)",16.348000596162382
"(0, 9, 40)",16.346819263714472
"(15, 27, 35)",16.346669225468187
"(1, 31, 42)",16.344797506386346
"(18, 35, 49)",16.34136177975957
"(12, 19, 35)",16.341115664141274
"(0, 23, 40)",16.34082761407537
"(17, 29, 40)",16.33879949430289
"(0, 40)",16.337241123031866
"(3, 11, 33)",16.337060664930007
"(9, 34, 49)",16.335676290159718
"(6, 10, 35)",16.335532026197207
"(2, 12, 42)",16.3352394591856
"(10, 16, 28)",16.33480385436354
"(1, 12, 27)",16.33409701305262
"(9, 26, 28)",16.332826604975352
"(0, 14, 27)",16.332262847268538
"(23, 34, 49)",16.329684640520615
"(23, 26, 28)",16.326834955336253
"(29, 37, 44)",16.32163146087803
"(34, 49)",16.32052666269973
"(2, 10, 48)",16.319872246120873
"(41, 46, 49)",16.319260600417948
"(2, 22, 37)",16.318755431219074
"(3, 27, 43)",16.317150742659507
"(6, 29, 40)",16.316926765233582
"(26, 28)",16.31625213492319
"(28, 33, 40)",16.315477516388796
"(10, 24, 37)",16.315098343345802
"(9, 28, 30)",16.315081795703918
"(18, 19, 31)",16.31347384963034
"(3, 16, 29)",16.310232740524217
"(3, 33, 35)",16.3095116635131
"(15, 31, 39)",16.309325160261363
"(9, 12, 33)",16.309253390061784
"(23, 28, 30)",16.30909014606482
"(0, 12, 26)",16.307446197283127
"(27, 39, 40)",16.30675718298467
"(19, 27, 33)",16.303699396742328
"(2, 5, 49)",16.303636194948915
"(12, 23, 33)",16.303261740422684
"(10, 17, 28)",16.303166259914676
"(14, 29, 37)",16.302012243853095
"(0, 16, 37)",16.29963174444228
"(26, 29, 46)",16.298307534410164
"(32, 35, 37)",16.295110192141713
"(9, 27, 42)",16.294339119846367
"(33, 39, 49)",16.294243261664732
"(0, 21, 49)",16.293380049916827
"(15, 27, 28)",16.292430730116344
"(0, 12, 30)",16.289701388011693
"(28, 30)",16.289634921016038
"(23, 27, 42)",16.288347470207263
"(10, 22, 27)",16.287646794108873
"(18, 28, 49)",16.287123284407727
"(12, 19, 28)",16.28687716878943
"(0, 3, 9)",16.286614915486936
"(11, 29, 44)",16.285261465869112
"(2, 11, 22)",16.28238543621016
"(2, 10, 43)",16.282378075923525
"(6, 10, 28)",16.281293530845367
"(12, 33)",16.280892312552837
"(0, 3, 23)",16.280623265847833
"(29, 30, 46)",16.28056272513873
"(21, 31, 42)",16.2790285909178
"(10, 11, 24)",16.278728348336884
"(3, 17, 29)",16.278595146075354
"(0, 10, 46)",16.276666958761066
"(16, 19, 49)",16.273590560658043
"(12, 21, 27)",16.268328097584074
"(0, 17, 37)",16.267994149993417
"(11, 14, 29)",16.265642248844177
"(12, 29, 41)",16.265059576545045
"(0, 11, 16)",16.26326174943336
"(5, 26, 31)",16.261491474047414
"(11, 32, 35)",16.258740197132795
"(27, 42)",16.258520907229705
"(9, 36, 49)",16.258076934028267
"(29, 35, 44)",16.257712464452204
"(3, 6, 29)",16.256722417006046
"(3, 28, 33)",16.255273168161256
"(2, 22, 35)",16.254836434793248
"(23, 36, 49)",16.252085284389164
"(10, 24, 35)",16.251179346919976
"(35, 37, 48)",16.249874316933642
"(0, 3)",16.246934600690558
"(3, 27, 39)",16.246552834757132
"(0, 6, 37)",16.246121420924105
"(2, 13, 49)",16.24392654408288
"(5, 30, 31)",16.24374666477598
"(17, 19, 49)",16.24195296620918
"(28, 32, 37)",16.240871696789874
"(22, 40, 49)",16.238211620049842
"(14, 29, 35)",16.23809324742727
"(0, 16, 35)",16.235712748016454
"(7, 31, 33)",16.235599621354496
"(26, 32, 49)",16.235399541499334
"(10, 15, 49)",16.235067395761263
"(2, 15, 29)",16.233086949541043
"(24, 29, 40)",16.232574085956347
"(0, 11, 17)",16.231624154984498
"(16, 20, 31)",16.23117905589195
"(26, 37, 40)",16.22146333469327
"(6, 19, 49)",16.22008023713987
"(37, 45, 49)",16.21819686256432
"(30, 32, 49)",16.2176547322279
"(11, 35, 48)",16.213504321924724
"(35, 37, 43)",16.2123801467363
"(15, 31, 41)",16.211895294647327
"(2, 10, 39)",16.21178016802115
"(0, 2, 32)",16.211778519630016
"(3, 10, 40)",16.21042375512611
"(0, 6, 11)",16.209751425915186
"(27, 40, 41)",16.209327317370633
"(11, 28, 32)",16.204501701780956
"(36, 49)",16.204127628502558
"(0, 17, 35)",16.20407515356759
"(30, 37, 40)",16.203718525421834
"(28, 29, 44)",16.203473969100365
"(12, 40, 46)",16.202179832369286
"(13, 26, 31)",16.201781823181378
"(2, 22, 28)",16.20059793944141
"(17, 20, 31)",16.199541461443086
"(10, 24, 28)",16.196940851568133
"(33, 41, 49)",16.196813396050697
"(28, 37, 48)",16.195635821581803
"(1, 31, 44)",16.191975970138923
"(26, 48, 49)",16.190163666291262
"(2, 34, 37)",16.186699339269197
"(9, 19, 29)",16.186633048874896
"(16, 25, 31)",16.186203335577947
"(27, 29, 45)",16.1851077792339
"(11, 26, 40)",16.18509333968435
"(13, 30, 31)",16.184037013909943
"(14, 28, 29)",16.183854752075426
"(2, 12, 44)",16.18241792293818
"(0, 6, 35)",16.18220242449828
"(11, 45, 49)",16.1818268675554
"(0, 16, 28)",16.181474252664614
"(19, 23, 29)",16.180641399235792
"(3, 22, 49)",16.178007271822306
"(6, 20, 31)",16.177668732373775
"(28, 32, 35)",16.176952700364048
"(11, 35, 43)",16.176010151727382
"(26, 29, 33)",16.175860330042912
"(42, 46, 49)",16.17475164083393
"(30, 48, 49)",16.172418857019828
"(3, 24, 29)",16.17236973772881
"(1, 14, 31)",16.172356753113988
"(2, 19, 40)",16.171801129039714
"(11, 30, 40)",16.167348530412916
"(0, 2, 48)",16.166542644421945
"(2, 12, 14)",16.162798705913243
"(0, 24, 37)",16.161768741646874
"(22, 31, 34)",16.16130290372427
"(3, 26, 37)",16.161258986465736
"(2, 26, 30)",16.160632689522863
"(11, 28, 48)",16.159265826572884
"(28, 37, 43)",16.158141651384458
"(29, 30, 33)",16.158115520771478
"(26, 35, 40)",16.157544338267442
"(10, 27, 34)",16.155590702158996
"(17, 25, 31)",16.154565741129083
"(35, 45, 49)",16.154277866138493
"(0, 10, 33)",16.154219754393814
"(26, 43, 49)",16.152669496093917
"(2, 16, 46)",16.15127954362946
"(10, 29, 32)",16.15041927910437
"(2, 11, 34)",16.150329344260278
"(0, 17, 28)",16.149836658215747
"(3, 27, 41)",16.149122969143097
"(1, 9, 49)",16.148784484690836
"(3, 30, 37)",16.1435141771943
"(1, 23, 49)",16.142792835051736
"(3, 12, 46)",16.14197548414175
"(35, 37, 39)",16.141782238833922
"(9, 27, 44)",16.141517583598944
"(30, 35, 40)",16.139799528996008
"(19, 24, 49)",16.135727557862637
"(23, 27, 44)",16.13552593395984
"(30, 43, 49)",16.134924686822483
"(0, 22, 27)",16.134317192409945
"(6, 25, 31)",16.132693012059775
"(28, 35, 48)",16.131716825155976
"(9, 23, 40)",16.130463133380836
"(0, 2, 43)",16.1290484742246
"(0, 6, 28)",16.12796392914644
"(19, 31, 45)",16.126389936009268
"(21, 31, 44)",16.126207054670378
"(0, 11, 24)",16.125398746637956
"(3, 11, 26)",16.124888991456817
"(2, 34, 35)",16.12278034284337
"(9, 14, 27)",16.12189836657401
"(11, 28, 43)",16.12177165637554
"(12, 29, 42)",16.120550616961026
"(2, 17, 46)",16.119641949180597
"(14, 23, 27)",16.1159067169349
"(2, 10, 41)",16.114350302407114
"(2, 3, 19)",16.11159678081218
"(16, 17, 27)",16.111498097751607
"(2, 36, 37)",16.10909998313775
"(3, 11, 30)",16.107144182185383
"(14, 21, 31)",16.106587837645442
"(34, 40, 49)",16.106155528099965
"(11, 35, 39)",16.105412243825004
"(10, 29, 48)",16.105183403896298
"(22, 29, 37)",16.104066588994502
"(26, 28, 40)",16.103305842915603
"(28, 45, 49)",16.100039370786654
"(10, 12, 16)",16.09905896597678
"(0, 24, 35)",16.097849745221048
"(2, 6, 46)",16.09776922011129
"(3, 26, 35)",16.09733999003991
"(9, 12, 26)",16.097081716588594
"(19, 29)",16.096961800772497
"(28, 35, 43)",16.09422265495863
"(20, 24, 31)",16.093316053096544
"(19, 26, 27)",16.091527723269138
"(2, 20, 27)",16.091260939404542
"(12, 23, 26)",16.09109006694949
"(6, 16, 27)",16.0896253686823
"(9, 16, 37)",16.089267263747747
"(5, 29, 49)",16.08894735272434
"(28, 37, 39)",16.087543743482083
"(28, 30, 40)",16.08556103364417
"(16, 23, 37)",16.083275614108643
"(9, 21, 49)",16.083015569222294
"(26, 39, 49)",16.08207158819154
"(0, 15, 49)",16.081737794062335
"(12, 33, 40)",16.079732628002034
"(3, 30, 35)",16.079595180768475
"(9, 12, 30)",16.07933690731716
"(10, 27, 36)",16.077991346027545
"(21, 23, 49)",16.07702391958319
"(19, 27, 30)",16.073782913997704
"(12, 23, 30)",16.073345257678056
"(2, 11, 36)",16.07272998812883
"(3, 9, 23)",16.0702587851533
"(2, 28, 34)",16.06854184749153
"(11, 22, 29)",16.067696593985584
"(10, 29, 43)",16.067689233698953
"(10, 12, 17)",16.067421371527914
"(15, 31, 42)",16.06738633506331
"(9, 10, 46)",16.066302478066532
"(27, 40, 42)",16.064818357786613
"(10, 23, 46)",16.06031082842743
"(0, 2, 39)",16.058450566322225
"(6, 17, 27)",16.057987774233435
"(9, 17, 37)",16.057629669298883
"(0, 3, 40)",16.057094153427187
"(12, 15, 27)",16.056685841729585
"(9, 11, 16)",16.052897268738825
"(33, 42, 49)",16.052304436466677
"(4, 31, 46)",16.051844066553763
"(8, 31, 46)",16.051844066553763
"(31, 38, 46)",16.051844066553763
"(31, 46, 47)",16.051844066553763
"(17, 23, 37)",16.05163801965978
"(12, 18, 49)",16.05137839602097
"(11, 28, 39)",16.051173748473165
"(24, 25, 31)",16.04834033278254
"(11, 16, 23)",16.046905619099725
"(2, 25, 27)",16.046285219090542
"(3, 34, 49)",16.04595117987243
"(6, 10, 12)",16.045548642458606
"(2, 35, 36)",16.045180986711923
"(35, 37, 41)",16.044352373219887
"(0, 24, 28)",16.04361124986921
"(3, 26, 28)",16.043101494688067
"(1, 49)",16.040188954496415
"(22, 29, 35)",16.040147592568676
"(10, 19, 37)",16.039636544204598
"(6, 9, 37)",16.03575694022957
"(6, 23, 37)",16.02976529059047
"(27, 44)",16.02928860285857
"(13, 29, 49)",16.029237701858303
"(2, 16, 33)",16.02883233926221
"(36, 40, 49)",16.028556171968518
"(27, 32, 46)",16.026238748945595
"(3, 28, 30)",16.025356685416632
"(9, 16, 35)",16.02534826732192
"(28, 35, 39)",16.023624747056257
"(7, 26, 31)",16.023427947881306
"(44, 46, 49)",16.021930104586506
"(9, 40)",16.02169440199006
"(9, 11, 17)",16.021259674289965
"(3, 12, 33)",16.019528279774498
"(16, 23, 35)",16.019356617682817
"(11, 17, 23)",16.01526802465086
"(2, 24, 46)",16.013416540834054
"(23, 40)",16.01270692753141
"(11, 35, 41)",16.00798237821097
"(7, 30, 31)",16.00568313860987
"(16, 24, 27)",16.005272689405068
"(12, 32, 37)",16.005126808403112
"(3, 27, 42)",16.004614009559077
"(10, 11, 19)",16.00326654919568
"(14, 46, 49)",16.00231088756157
"(0, 27, 34)",16.002261100460068
"(2, 9, 32)",16.00141403893548
"(14, 27)",15.999859777321166
"(1, 2, 37)",15.999807533800318
"(33, 37, 46)",15.999788620819595
"(6, 9, 11)",15.999386945220653
"(2, 17, 33)",15.997194744813346
"(10, 29, 39)",15.997091325796577
"(0, 29, 32)",15.997089677405441
"(2, 23, 32)",15.99542238929638
"(9, 17, 35)",15.993710672873057
"(6, 11, 23)",15.99339529558155
"(2, 28, 36)",15.99094249136008
"(28, 37, 41)",15.990113877868046
"(17, 23, 35)",15.987719023233954
"(22, 28, 29)",15.985909097216833
"(26, 41, 49)",15.984641722577505
"(10, 19, 35)",15.975717547778771
"(2, 6, 33)",15.975322015744037
"(1, 22, 31)",15.974411098255391
"(17, 24, 27)",15.973635094956203
"(29, 34, 37)",15.972010497044625
"(6, 9, 35)",15.971837943803745
"(9, 16, 28)",15.971109771970077
"(2, 10, 42)",15.969841342823099
"(11, 12, 32)",15.968756813394196
"(1, 10, 27)",15.968698896690118
"(3, 36, 49)",15.96835182374098
"(12, 29, 44)",15.967729080713603
"(30, 41, 49)",15.966896913306071
"(6, 23, 35)",15.965846294164642
"(16, 23, 28)",15.965118122330976
"(2, 12, 22)",15.964853051054648
"(1, 2, 11)",15.9634375387914
"(11, 33, 46)",15.963418625810677
"(12, 26)",15.96263480234305
"(10, 12, 24)",15.961195963181373
"(0, 2, 41)",15.961020700708188
"(12, 37, 48)",15.959890933195043
"(19, 29, 40)",15.957112286815144
"(2, 9, 48)",15.95617816372741
"(11, 28, 41)",15.953743882859127
"(0, 29, 48)",15.95185380219737
"(6, 24, 27)",15.951762365886893
"(9, 24, 37)",15.95140426095234
"(16, 37)",15.950913123081776
"(2, 23, 48)",15.950186514088308
"(12, 14, 29)",15.948109863688668
"(26, 29, 30)",15.945943847298288
"(0, 12, 16)",15.945729364277852
"(23, 24, 37)",15.945412611313238
"(9, 10, 33)",15.943855273699281
"(27, 43, 46)",15.943508703540177
"(0, 10, 26)",15.942048080920625
"(21, 49)",15.941535581293598
"(12, 32, 35)",15.941207811977286
"(9, 17, 28)",15.939472177521214
"(10, 23, 33)",15.937863624060178
"(16, 29, 46)",15.936590701404887
"(12, 30)",15.936017588435897
"(1, 2, 35)",15.935888537374492
"(33, 35, 46)",15.935869624393769
"(11, 29, 34)",15.935640502035705
"(2, 21, 37)",15.934038618331776
"(17, 23, 28)",15.933480527882113
"(3, 9)",15.931387879648758
"(4, 31, 33)",15.929396862186511
"(8, 31, 33)",15.929396862186511
"(31, 33, 38)",15.929396862186511
"(31, 33, 47)",15.929396862186511
"(28, 35, 41)",15.92619488144222
"(0, 27, 36)",15.92466174432862
"(0, 10, 30)",15.92430327164919
"(9, 22, 27)",15.923952711715412
"(11, 12, 48)",15.923520938186124
"(3, 23)",15.922400405190105
"(12, 37, 43)",15.922396762997698
"(10, 19, 28)",15.92147905242693
"(1, 40, 49)",15.919263722631086
"(2, 9, 43)",15.918683993530065
"(22, 23, 27)",15.91796106207631
"(6, 9, 28)",15.917599448451904
"(10, 46)",15.916465944559954
"(9, 11, 24)",15.91503426594342
"(15, 31, 44)",15.914564798815888
"(0, 29, 43)",15.914359632000025
"(0, 12, 17)",15.914091769828989
"(18, 31, 32)",15.913565997466355
"(0, 9, 46)",15.912972876367604
"(2, 23, 43)",15.912692343890964
"(27, 40, 44)",15.91199682153919
"(6, 23, 28)",15.9116077988128
"(20, 37, 49)",15.909661180510392
"(11, 23, 24)",15.909042616304319
"(21, 22, 31)",15.908642182786847
"(29, 34, 35)",15.908091500618799
"(0, 23, 46)",15.906981226728503
"(17, 29, 46)",15.904953106956023
"(27, 32, 33)",15.903791544578343
"(17, 37)",15.90345673140848
"(10, 21, 27)",15.902929981221574
"(35, 37, 42)",15.899843413635871
"(5, 16, 31)",15.899774641042137
"(10, 29, 41)",15.899661460182541
"(33, 44, 49)",15.899482900219256
"(2, 11, 21)",15.897668623322858
"(3, 19, 29)",15.896907938587606
"(11, 16)",15.896358130568398
"(12, 35, 48)",15.895971936769216
"(14, 15, 31)",15.894945581790951
"(29, 36, 37)",15.894411140913174
"(14, 27, 40)",15.892377604514255
"(0, 6, 12)",15.892219040759677
"(2, 24, 33)",15.890969336466803
"(9, 24, 35)",15.887485264526514
"(12, 28, 32)",15.886969316625446
"(0, 19, 37)",15.88630694250567
"(11, 12, 43)",15.88602676798878
"(6, 29, 46)",15.883080377886714
"(28, 33, 46)",15.881631129041928
"(23, 24, 35)",15.881493614887411
"(14, 33, 49)",15.87986368319432
"(20, 27, 29)",15.87657209717997
"(16, 32, 49)",15.873682708494057
"(11, 20, 49)",15.873291185501474
"(27, 39, 46)",15.8729107956378
"(9, 15, 49)",15.871373313367803
"(6, 37)",15.870647637804517
"(2, 21, 35)",15.87011962190595
"(18, 31, 48)",15.868330122258284
"(5, 17, 31)",15.868137046593274
"(12, 26, 40)",15.867560954528843
"(15, 23, 49)",15.8653816637287
"(25, 37, 49)",15.864685460196391
"(12, 45, 49)",15.864294482399892
"(11, 35, 42)",15.863473418626953
"(18, 27, 37)",15.861501105791213
"(16, 37, 40)",15.859746501687995
"(1, 3, 49)",15.85905937440355
"(12, 35, 43)",15.858477766571871
"(11, 29, 36)",15.858041145904256
"(16, 35)",15.855034628443036
"(28, 29, 34)",15.853853005266956
"(21, 40, 49)",15.853494807162543
"(12, 37, 39)",15.851798855095321
"(3, 27, 44)",15.851792473311654
"(0, 11, 19)",15.84993694749675
"(12, 30, 40)",15.849816145257408
"(11, 17)",15.848901738895103
"(2, 9, 39)",15.848086085627688
"(3, 9, 40)",15.84672967273265
"(5, 6, 31)",15.846264317523964
"(20, 35, 49)",15.845742184084566
"(28, 37, 42)",15.845604918284028
"(0, 29, 39)",15.843761724097648
"(1, 31, 34)",15.842355006305514
"(2, 23, 39)",15.842094435988587
"(17, 32, 49)",15.842045114045193
"(12, 28, 48)",15.841733441417375
"(3, 23, 40)",15.840738023093548
"(26, 42, 49)",15.840132762993488
"(13, 16, 31)",15.840064990176103
"(10, 40, 46)",15.836781716006781
"(9, 24, 28)",15.833246769174671
"(2, 12, 34)",15.83279695910477
"(3, 14, 27)",15.832173256286719
"(25, 27, 29)",15.831596376865967
"(18, 31, 43)",15.830835952060939
"(29, 35, 36)",15.830492144487348
"(16, 48, 49)",15.828446833285986
"(11, 25, 49)",15.828315465187472
"(17, 37, 40)",15.828108907239132
"(23, 24, 28)",15.82725511953557
"(11, 18, 27)",15.825131110782296
"(11, 16, 40)",15.823376506679077
"(30, 42, 49)",15.822387953722053
"(0, 19, 35)",15.822387946079843
"(27, 33, 43)",15.821061499172927
"(6, 32, 49)",15.820172384975884
"(2, 32)",15.819133285863378
"(19, 20, 31)",15.817854253955339
"(2, 10, 44)",15.817019806575676
"(2, 16, 26)",15.81666066578902
"(0, 2, 42)",15.81651174112417
"(6, 11)",15.816092645291139
"(2, 21, 28)",15.815881126554107
"(11, 12, 39)",15.815428860086403
"(0, 1, 27)",15.81536929499119
"(16, 29, 33)",15.814143497037637
"(11, 28, 42)",15.80923492327511
"(13, 17, 31)",15.80842739572724
"(0, 12, 24)",15.807866361482446
"(17, 35)",15.807578236769741
"(3, 12, 26)",15.807356606301308
"(6, 37, 40)",15.80623617816982
"(22, 46, 49)",15.804365232702976
"(12, 28, 43)",15.80423927122003
"(25, 35, 49)",15.800766463770564
"(3, 16, 37)",15.799542153460457
"(2, 16, 30)",15.798915856517585
"(24, 29, 46)",15.798727698609481
"(18, 27, 35)",15.797582109365386
"(2, 10, 14)",15.797400589550739
"(17, 48, 49)",15.796809238837122
"(16, 35, 40)",15.795827505262169
"(3, 21, 49)",15.793290458935006
"(9, 27, 34)",15.791896619765534
"(11, 17, 40)",15.791738912230214
"(20, 28, 49)",15.791503688732725
"(16, 43, 49)",15.79095266308864
"(0, 9, 33)",15.790525672000353
"(3, 12, 30)",15.789611797029874
"(12, 35, 39)",15.787879858669495
"(26, 37, 46)",15.787616947346404
"(9, 29, 32)",15.786725196710908
"(6, 13, 31)",15.786554666657928
"(23, 27, 34)",15.785904970126433
"(1, 29, 37)",15.785118691575747
"(2, 17, 26)",15.785023071340156
"(0, 23, 33)",15.784534022361253
"(17, 29, 33)",15.782505902588774
"(28, 35, 42)",15.781685921858202
"(23, 29, 32)",15.780733547071804
"(21, 31, 34)",15.77658609083697
"(3, 10, 46)",15.776577367779245
"(28, 29, 36)",15.776253649135507
"(27, 41, 46)",15.775480930023765
"(6, 48, 49)",15.774936509767812
"(6, 35)",15.774769143165777
"(16, 28)",15.773676885415274
"(19, 25, 31)",15.772878533641338
"(2, 32, 40)",15.77189327687573
"(30, 37, 46)",15.76987213807497
"(6, 11, 40)",15.769866183160902
"(0, 19, 28)",15.768149450728002
"(3, 17, 37)",15.767904559011594
"(2, 17, 30)",15.767278262068722
"(17, 35, 40)",15.764189910813306
"(3, 11, 16)",15.76317215845154
"(2, 6, 26)",15.763150342270846
"(5, 24, 31)",15.761911638246731
"(6, 29, 33)",15.760633173519462
"(18, 31, 39)",15.760238044158562
"(2, 5, 27)",15.759856524554731
"(2, 4, 49)",15.75936990961482
"(2, 8, 49)",15.75936990961482
"(2, 38, 49)",15.75936990961482
"(2, 47, 49)",15.75936990961482
"(17, 43, 49)",15.759315068639777
"(2, 12, 36)",15.755197602973322
"(10, 29, 42)",15.755152500598523
"(12, 37, 41)",15.754368989481286
"(2, 48)",15.751279473051271
"(11, 26, 46)",15.751246952337485
"(2, 9, 41)",15.750656220013653
"(27, 33, 39)",15.75046359127055
"(12, 22, 29)",15.750164208830075
"(0, 21, 27)",15.749600379522647
"(1, 11, 29)",15.748748696566826
"(35, 37, 44)",15.747021877388448
"(25, 28, 49)",15.746527968418722
"(0, 29, 41)",15.746331858483613
"(3, 6, 37)",15.746031829942286
"(2, 6, 30)",15.745405532999412
"(2, 23, 41)",15.744664570374551
"(24, 37)",15.744118618888667
"(18, 27, 28)",15.743343614013545
"(6, 35, 40)",15.742317181743994
"(16, 28, 40)",15.741589009910326
"(9, 29, 48)",15.741489321502836
"(2, 19, 46)",15.73795474169285
"(6, 43, 49)",15.737442339570467
"(24, 32, 49)",15.73581970569865
"(3, 16, 35)",15.735623157034631
"(23, 29, 48)",15.735497671863733
"(9, 12, 16)",15.735364883583317
"(12, 28, 39)",15.733641363317654
"(11, 30, 46)",15.733502143066051
"(10, 33)",15.73279513800908
"(9, 10, 26)",15.731683600226091
"(3, 11, 17)",15.731534564002677
"(16, 19, 27)",15.729810890263863
"(12, 16, 23)",15.729373233944216
"(14, 35, 37)",15.72740266036351
"(2, 40, 48)",15.726657401667659
"(31, 32, 45)",15.72648208384528
"(17, 28)",15.726220493741979
"(10, 23, 26)",15.725691950586988
"(26, 35, 46)",15.723697950920577
"(2, 15, 37)",15.722396362477284
"(24, 37, 40)",15.72188349889259
"(1, 29, 35)",15.72119969514992
"(16, 39, 49)",15.720354755186264
"(21, 29, 37)",15.719349776107201
"(11, 12, 41)",15.717998994472367
"(4, 26, 31)",15.717225188713321
"(8, 26, 31)",15.717225188713321
"(26, 31, 38)",15.717225188713321
"(26, 31, 47)",15.717225188713321
"(10, 33, 40)",15.71433451163953
"(9, 27, 36)",15.714297263634085
"(9, 10, 30)",15.713938790954657
"(2, 3, 32)",15.711688928648194
"(11, 35, 44)",15.71065188237953
"(17, 28, 40)",15.709951415461463
"(3, 6, 11)",15.709661834933367
"(23, 27, 36)",15.708305613994984
"(10, 23, 30)",15.707947141315554
"(30, 35, 46)",15.705953141649143
"(9, 29, 43)",15.703995151305492
"(3, 17, 35)",15.703985562585768
"(9, 12, 17)",15.703727289134454
"(22, 27)",15.702941295033275
"(13, 24, 31)",15.702201987380697
"(2, 13, 27)",15.700146873688695
"(4, 30, 31)",15.699480379441887
"(8, 30, 31)",15.699480379441887
"(30, 31, 38)",15.699480379441887
"(30, 31, 47)",15.699480379441887
"(17, 19, 27)",15.698173295815
"(23, 29, 43)",15.698003501666388
"(12, 17, 23)",15.697735639495352
"(15, 22, 31)",15.696999926932357
"(9, 23, 46)",15.696616746033968
"(2, 43)",15.695038217755254
"(22, 27, 40)",15.69443194965566
"(6, 28)",15.693411400138014
"(28, 37, 44)",15.692783382036605
"(26, 27, 32)",15.691619871105152
"(10, 15, 27)",15.691287725367083
"(11, 14, 35)",15.69103266535459
"(24, 48, 49)",15.69058383049058
"(12, 35, 41)",15.69044999305546
"(11, 24)",15.68956362637529
"(2, 40, 43)",15.689163231470314
"(17, 39, 49)",15.6887171607374
"(6, 28, 40)",15.688078686392153
"(26, 44, 49)",15.687311226746065
"(0, 46)",15.686471542011564
"(2, 11, 15)",15.686026367468367
"(10, 18, 49)",15.685980279658464
"(10, 12, 19)",15.68573416404017
"(11, 24, 40)",15.685513503883671
"(2, 18, 29)",15.683999833438243
"(0, 40, 46)",15.683452114307855
"(11, 21, 29)",15.682979781098283
"(3, 6, 35)",15.68211283351646
"(22, 33, 49)",15.681918028335726
"(6, 9, 12)",15.681854560065144
"(3, 16, 28)",15.68138466168279
"(31, 45, 48)",15.681246208637209
"(2, 24, 26)",15.678797662993613
"(40,)",15.677413258900437
"(6, 19, 27)",15.676300566745688
"(24, 29, 33)",15.676280494242231
"(9, 19, 37)",15.675942461811136
"(6, 12, 23)",15.67586291042604
"(27, 37, 45)",15.67441719217014
"(27, 30, 32)",15.673875061833717
"(14, 28, 37)",15.67316416501167
"(34, 46, 49)",15.672309140753098
"(19, 23, 37)",15.669950812172033
"(30, 44, 49)",15.66956641747463
"(26, 28, 46)",15.669459455568736
"(14, 26, 49)",15.66769200972113
"(6, 39, 49)",15.66684443166809
"(2, 3, 48)",15.666453053440122
"(26, 33, 37)",15.665169742979153
"(0, 2, 44)",15.663690204876747
"(18, 31, 41)",15.662808178544527
"(7, 16, 31)",15.661711114876027
"(3, 24, 37)",15.661679150665051
"(2, 24, 30)",15.661052853722179
"(2, 15, 35)",15.658477366051457
"(24, 35, 40)",15.657964502466763
"(11, 28, 44)",15.656413387027687
"(21, 29, 35)",15.655430779681375
"(3, 10, 33)",15.654130163411995
"(24, 43, 49)",15.653089660293235
"(27, 33, 41)",15.653033725656515
"(28, 30, 46)",15.651714646297302
"(3, 17, 28)",15.649747067233927
"(24, 35)",15.648240124249927
"(30, 33, 37)",15.647424933707718
"(1, 2, 12)",15.64590515363589
"(12, 33, 46)",15.645886240655168
"(0, 2, 14)",15.644070987851812
"(31, 43, 45)",15.643752038439864
"(15, 40, 49)",15.641852551308052
"(10, 32, 37)",15.63972869204061
"(9, 11, 19)",15.639572466802218
"(11, 27, 45)",15.638047197161221
"(11, 14, 28)",15.63679417000275
"(12, 28, 41)",15.636211497703618
"(3, 22, 27)",15.634227601428124
"(11, 19, 23)",15.633580817163114
"(9, 29, 39)",15.633397243403115
"(27, 42, 46)",15.630971970439749
"(7, 17, 31)",15.630073520427164
"(2, 3, 43)",15.628958883242777
"(28, 35, 44)",15.628864385610779
"(11, 26, 33)",15.628799747970234
"(3, 6, 28)",15.627874338164617
"(23, 29, 39)",15.627405593764012
"(3, 11, 24)",15.625309155656135
"(15, 49)",15.624072197511861
"(0, 3, 46)",15.623247766080318
"(16, 41, 49)",15.622924889572229
"(2, 39, 40)",15.618565323567937
"(12, 29, 34)",15.618108116880196
"(2, 19, 33)",15.615507537325598
"(9, 19, 35)",15.61202346538531
"(11, 30, 33)",15.6110549386988
"(27, 35, 45)",15.610498195744313
"(12, 37, 42)",15.60986002989727
"(14, 28, 35)",15.609245168585844
"(26, 27, 43)",15.608889825699736
"(6, 7, 31)",15.608200791357856
"(2, 9, 42)",15.606147260429637
"(19, 23, 35)",15.606031815746206
"(1, 9, 27)",15.605004814296656
"(2, 15, 28)",15.604238870699616
"(24, 28, 40)",15.60372600711492
"(10, 11, 32)",15.603358697031691
"(10, 29, 44)",15.6023309643511
"(16, 26, 29)",15.601971823564446
"(0, 29, 42)",15.601822898899595
"(26, 33, 35)",15.601250746553326
"(21, 28, 29)",15.601192284329533
"(2, 23, 42)",15.600155610790534
"(2, 10, 22)",15.599454934692144
"(1, 23, 27)",15.599013164657553
"(3, 24, 35)",15.597760154239225
"(9, 12, 24)",15.597501880787911
"(36, 46, 49)",15.59470978462165
"(10, 37, 48)",15.594492816832538
"(19, 24, 27)",15.591947887468457
"(12, 23, 24)",15.59151023114881
"(17, 41, 49)",15.591287295123365
"(27, 30, 43)",15.591145016428301
"(1, 21, 31)",15.589694285368092
"(2, 39)",15.58914135590169
"(3, 40)",15.587106736559132
"(16, 29, 30)",15.584227014293011
"(30, 33, 35)",15.583505937281892
"(10, 14, 29)",15.582711747326165
"(24, 39, 49)",15.582491752390858
"(3, 15, 49)",15.581648203080515
"(0, 10, 16)",15.580331247915348
"(2, 12, 21)",15.580136238167348
"(0, 9, 26)",15.578353998527163
"(5, 37, 49)",15.57825676566058
"(10, 32, 35)",15.575809695614783
"(9, 23, 33)",15.574169541666716
"(11, 12, 42)",15.573490034888351
"(31, 39, 45)",15.573154130537487
"(0, 23, 26)",15.572362348888062
"(17, 26, 29)",15.570334229115582
"(6, 41, 49)",15.569414566054055
"(24, 28)",15.566882381222165
"(15, 31, 34)",15.56494383498248
"(27, 34, 40)",15.562375857705783
"(0, 33, 40)",15.561004909940603
"(0, 9, 30)",15.560609189255729
"(2, 3, 39)",15.5583609753404
"(10, 11, 48)",15.55812282182362
"(9, 19, 28)",15.557784970033468
"(29, 32, 40)",15.557204434651156
"(10, 37, 43)",15.556998646635193
"(27, 28, 45)",15.55625970039247
"(12, 20, 49)",15.555758800345965
"(0, 23, 30)",15.554617539616627
"(17, 29, 30)",15.552589419844148
"(19, 23, 28)",15.551793320394365
"(33, 34, 49)",15.549861936385849
"(0, 10, 17)",15.548693653466485
"(6, 26, 29)",15.548461500046272
"(26, 28, 33)",15.547012251201487
"(12, 35, 42)",15.545941033471443
"(5, 27, 29)",15.545167682330158
"(4, 29, 49)",15.544681067390247
"(8, 29, 49)",15.544681067390247
"(29, 38, 49)",15.544681067390247
"(29, 47, 49)",15.544681067390247
"(3, 24, 28)",15.543521658887384
"(5, 11, 49)",15.541886770651661
"(12, 29, 36)",15.540508760748747
"(9, 21, 27)",15.539235898828112
"(26, 27, 39)",15.538291917797359
"(0, 15, 27)",15.537958123668155
"(9, 29, 41)",15.53596737778908
"(21, 23, 27)",15.53324424918901
"(0, 18, 49)",15.532650677959538
"(0, 12, 19)",15.532404562341242
"(6, 29, 30)",15.530716690774838
"(10, 35, 48)",15.530573820406712
"(23, 29, 41)",15.529975728149976
"(22, 35, 37)",15.529457005504916
"(28, 30, 33)",15.529267441930052
"(0, 6, 10)",15.526820924397175
"(7, 24, 31)",15.523848112080621
"(19, 29, 46)",15.523265899468278
"(2, 7, 27)",15.521792998388623
"(10, 28, 32)",15.521571200262942
"(2, 40, 41)",15.521135457953902
"(10, 11, 43)",15.520628651626275
"(13, 37, 49)",15.518547114794545
"(18, 31, 42)",15.518299218960511
"(5, 35, 49)",15.514337769234753
"(29, 40, 48)",15.511968559443085
"(12, 25, 49)",15.510783080031963
"(27, 33, 42)",15.508524766072497
"(15, 29, 37)",15.507707520252712
"(12, 18, 27)",15.507598725626787
"(12, 16, 40)",15.505844121523568
"(27, 34)",15.504857157108457
"(0, 33)",15.502800735460688
"(3, 27, 34)",15.502171509478247
"(10, 26, 40)",15.50216283816634
"(0, 3, 33)",15.500800561713067
"(10, 45, 49)",15.498896366037389
"(29, 32)",15.497100022526517
"(3, 29, 32)",15.49700008642362
"(2, 29, 45)",15.496915919817168
"(3,)",15.496800214217828
"(11, 22, 35)",15.493087010495998
"(10, 35, 43)",15.493079650209367
"(12, 28, 42)",15.4917025381196
"(5, 19, 31)",15.486449839105529
"(10, 37, 39)",15.486400738732817
"(0, 32, 37)",15.486399090341681
"(13, 27, 29)",15.485458031464123
"(24, 41, 49)",15.485061886776823
"(27, 36, 40)",15.484776501574334
"(10, 30, 40)",15.484418028894906
"(11, 13, 49)",15.482177119785627
"(16, 42, 49)",15.478415929988213
"(27, 44, 46)",15.478150434192326
"(10, 28, 48)",15.47633532505487
"(31, 41, 45)",15.475724264923452
"(22, 28, 37)",15.475218510153073
"(29, 40, 43)",15.47447438924574
"(12, 17, 40)",15.474206527074704
"(9, 40, 46)",15.47308763361332
"(33, 36, 49)",15.472262580254398
"(11, 15, 29)",15.471337525243792
"(22, 26, 49)",15.469746354862535
"(2, 10, 34)",15.467398842742266
"(23, 40, 46)",15.467095983974218
"(24, 26, 29)",15.46410882076904
"(2, 3, 41)",15.460931109726365
"(19, 32, 49)",15.460357906557448
"(5, 28, 49)",15.460099273882912
"(14, 27, 46)",15.458531217167389
"(12, 37, 44)",15.457038493649847
"(13, 35, 49)",15.454628118368719
"(2, 9, 44)",15.453325724182214
"(6, 12, 40)",15.452333798005393
"(22, 30, 49)",15.4520015455911
"(3, 29, 48)",15.451764211215549
"(10, 11, 39)",15.450030743723898
"(0, 11, 32)",15.450029095332765
"(0, 29, 44)",15.449001362652172
"(2, 23, 44)",15.447334074543111
"(17, 42, 49)",15.44677833553935
"(19, 37, 40)",15.446421699751385
"(24, 29, 30)",15.446364011497606
"(0, 2, 22)",15.446125332993217
"(3, 12, 16)",15.445639773296032
"(15, 29, 35)",15.443788523826885
"(2, 41)",15.442996557480637
"(0, 10, 24)",15.442468245119942
"(3, 10, 26)",15.441958489938804
"(0, 37, 48)",15.441163215133612
"(26, 27, 41)",15.440862052183324
"(11, 22, 28)",15.438848515144157
"(10, 28, 43)",15.438841154857526
"(12, 14, 37)",15.437419276624908
"(26, 30, 37)",15.435253260234528
"(12, 26, 46)",15.433714567181976
"(2, 9, 14)",15.433706507157277
"(1, 12, 29)",15.431216311411317
"(0, 14, 29)",15.429382145627237
"(29, 48)",15.42924620971441
"(2, 14, 23)",15.427714857518176
"(13, 19, 31)",15.426740188239492
"(16, 37, 46)",15.425900114341129
"(6, 42, 49)",15.424905606470038
"(3, 27, 36)",15.424572153346798
"(3, 10, 30)",15.42421368066737
"(2, 16, 17)",15.42330623833488
"(27, 30, 41)",15.42311724291189
"(10, 35, 39)",15.42248174230699
"(0, 32, 35)",15.422480093915855
"(11, 12, 44)",15.420668498640929
"(12, 16)",15.420059552835134
"(21, 46, 49)",15.419648419815676
"(20, 31, 32)",15.417946401791353
"(12, 30, 46)",15.415969757910542
"(19, 48, 49)",15.415122031349377
"(10, 26)",15.414537627799294
"(3, 29, 43)",15.414270041018204
"(3, 12, 17)",15.414002178847168
"(3, 9, 46)",15.412883285385783
"(22, 28, 35)",15.411299513727247
"(11, 19, 40)",15.410051704742466
"(3, 23, 46)",15.406891635746682
"(0, 11, 48)",15.404793220124693
"(29, 39, 40)",15.403876481343364
"(0, 37, 43)",15.403669044936267
"(2, 19, 26)",15.403335863852408
"(2, 6, 16)",15.40143350926557
"(11, 12, 14)",15.401049281615991
"(19, 29, 33)",15.400818695101027
"(13, 28, 49)",15.400389623016878
"(11, 26, 30)",15.39888326522561
"(34, 35, 37)",15.397400913555039
"(17, 37, 46)",15.394262519892266
"(12, 35, 44)",15.39311949722402
"(3, 6, 12)",15.392129449777858
"(9, 29, 42)",15.391458418205062
"(2, 10, 36)",15.389799486610817
"(15, 28, 29)",15.389550028475043
"(11, 16, 46)",15.38953011933221
"(10, 37, 41)",15.388970873118781
"(27, 36)",15.388458122911285
"(10, 30)",15.387920413892141
"(3, 19, 37)",15.386217351523847
"(2, 19, 30)",15.385591054580974
"(23, 29, 42)",15.385466768565959
"(10, 22, 29)",15.38476609246757
"(19, 35, 40)",15.382502703325558
"(1, 15, 31)",15.3780520295136
"(19, 43, 49)",15.377627861152032
"(0, 35, 48)",15.377244218707785
"(2, 40, 42)",15.376626498369884
"(1, 27, 40)",15.375484052236905
"(12, 14, 35)",15.373500280199082
"(29, 43)",15.373004954418393
"(25, 31, 32)",15.37297068147735
"(20, 31, 48)",15.372710526583282
"(12, 17)",15.37260316116184
"(6, 37, 46)",15.372389790822954
"(26, 30, 35)",15.371334263808702
"(9, 46)",15.370924820969762
"(9, 10, 16)",15.369966767220815
"(2, 6, 17)",15.369795914816706
"(2, 12, 15)",15.368493982312858
"(10, 28, 39)",15.36824324695515
"(0, 28, 32)",15.368241598564016
"(12, 24, 40)",15.367981118728162
"(0, 11, 43)",15.367299049927349
"(20, 27, 37)",15.36588151011621
"(18, 31, 44)",15.365477682713088
"(12, 21, 29)",15.365447395942773
"(10, 16, 23)",15.363975117581713
"(9, 23, 26)",15.361997868193527
"(16, 35, 46)",15.361981117915303
"(23, 46)",15.361937346511109
"(11, 34, 35)",15.36103091854612
"(11, 17, 46)",15.357892524883347
"(27, 33, 44)",15.355703229825075
"(4, 16, 31)",15.355508355708045
"(8, 16, 31)",15.355508355708045
"(16, 31, 38)",15.355508355708045
"(16, 31, 47)",15.355508355708045
"(10, 11, 41)",15.352600878109863
"(9, 33, 40)",15.350640429246068
"(3, 11, 19)",15.349847356514932
"(0, 26, 40)",15.348833236467412
"(14, 18, 31)",15.345858465688151
"(0, 45, 49)",15.34556676433846
"(23, 33, 40)",15.344648779606967
"(9, 23, 30)",15.344253058922092
"(3, 29, 39)",15.343672133115827
"(28, 34, 37)",15.343162418203196
"(24, 42, 49)",15.340552927192807
"(6, 12)",15.339794067557875
"(0, 35, 43)",15.33975004851044
"(12, 28, 44)",15.338881001872178
"(9, 10, 17)",15.338329172771951
"(2, 32, 46)",15.338046889528863
"(26, 34, 49)",15.337690262912657
"(14, 27, 33)",15.33608401280014
"(6, 11, 46)",15.336019795814035
"(20, 31, 43)",15.335216356385937
"(0, 37, 39)",15.33307113703389
"(10, 17, 23)",15.33233752313285
"(31, 42, 45)",15.331215305339434
"(0, 30, 40)",15.331088427195978
"(19, 37)",15.33092592017686
"(17, 35, 46)",15.33034352346644
"(16, 27, 32)",15.329903038099875
"(11, 20, 27)",15.329511515107292
"(19, 28, 40)",15.328264207973715
"(25, 31, 48)",15.327734806269278
"(9, 15, 27)",15.327593642973621
"(16, 44, 49)",15.32559439374079
"(10, 35, 41)",15.325051876692955
"(4, 17, 31)",15.323870761259181
"(8, 17, 31)",15.323870761259181
"(17, 31, 38)",15.323870761259181
"(17, 31, 47)",15.323870761259181
"(0, 28, 48)",15.323005723355944
"(3, 19, 35)",15.32229835509802
"(9, 18, 49)",15.322286197265003
"(9, 12, 19)",15.322040081646708
"(15, 23, 27)",15.321601993334518
"(25, 27, 37)",15.320905789802207
"(12, 27, 45)",15.320514812005712
"(30, 34, 49)",15.319945453641223
"(35, 36, 37)",15.319801557423588
"(12, 14, 28)",15.31926178484724
"(26, 28, 30)",15.317095768456861
"(2, 16, 24)",15.317080829988337
"(6, 9, 10)",15.316456443702641
"(2, 3, 42)",15.316422150142348
"(18, 23, 49)",15.316294547625901
"(12, 19, 23)",15.316048432007605
"(1, 3, 27)",15.315279704009368
"(0, 2, 34)",15.31406924104334
"(15, 21, 31)",15.312283114045057
"(12, 26, 33)",15.311267362814725
"(6, 10, 23)",15.310464794063538
"(21, 27, 40)",15.30971513676836
"(6, 35, 46)",15.308470794397127
"(3, 12, 24)",15.307776770500626
"(16, 28, 46)",15.30774262256346
"(7, 27, 29)",15.307104156164048
"(19, 39, 49)",15.307029953249655
"(11, 28, 34)",15.30679242319428
"(29, 40, 41)",15.306446615729328
"(14, 16, 49)",15.305975176715853
"(16, 33, 37)",15.303452909973878
"(4, 6, 31)",15.301998032189871
"(6, 8, 31)",15.301998032189871
"(6, 31, 38)",15.301998032189871
"(6, 31, 47)",15.301998032189871
"(20, 27, 35)",15.301962513690384
"(17, 27, 32)",15.298265443651012
"(21, 33, 49)",15.297201215448425
"(0, 11, 39)",15.296701142024972
"(26, 27, 42)",15.296353092599308
"(17, 44, 49)",15.293956799291927
"(12, 30, 33)",15.29352255354329
"(2, 46, 48)",15.292811014320792
"(3, 9, 33)",15.290436081018534
"(25, 31, 43)",15.290240636071934
"(0, 3, 26)",15.288628888239877
"(24, 37, 46)",15.288037111545723
"(10, 12, 32)",15.285826311876182
"(0, 28, 43)",15.2855115531586
"(2, 17, 24)",15.285443235539473
"(11, 25, 27)",15.28453579479329
"(3, 23, 33)",15.28444443137943
"(11, 35, 36)",15.283431562414671
"(1, 2, 10)",15.280507037273388
"(10, 33, 46)",15.280488124292663
"(28, 34, 35)",15.27924342177737
"(27, 30, 42)",15.278608283327873
"(6, 27, 32)",15.276392714581702
"(11, 19)",15.276370927663482
"(17, 28, 46)",15.276105028114596
"(9, 32, 37)",15.276034609647148
"(14, 17, 49)",15.27433758226699
"(6, 44, 49)",15.272084070222615
"(17, 33, 37)",15.271815315525014
"(0, 3, 30)",15.270884078968443
"(10, 28, 41)",15.270813381341114
"(23, 32, 37)",15.270042960008045
"(0, 35, 39)",15.269152140608064
"(3, 19, 28)",15.26805985974618
"(29, 39)",15.267108092564829
"(11, 16, 33)",15.26708291496496
"(28, 36, 37)",15.265563062071749
"(20, 31, 39)",15.26461844848356
"(2, 6, 24)",15.263570506470163
"(22, 27, 46)",15.260585562308794
"(26, 36, 49)",15.260090906781208
"(25, 27, 35)",15.256986793376381
"(2, 43, 46)",15.255316844123447
"(6, 28, 46)",15.254232299045286
"(10, 29, 34)",15.252710000517693
"(6, 14, 49)",15.25246485319768
"(11, 24, 46)",15.251667116536805
"(6, 33, 37)",15.249942586455703
"(3, 21, 27)",15.249510788540825
"(7, 19, 31)",15.248386312939418
"(20, 27, 28)",15.247724018338543
"(16, 27, 43)",15.247172992694459
"(3, 29, 41)",15.246242267501792
"(10, 37, 42)",15.244461913534764
"(30, 36, 49)",15.242346097509774
"(10, 12, 48)",15.24059043666811
"(9, 11, 32)",15.23966461463823
"(16, 33, 35)",15.239533913548051
"(12, 22, 37)",15.239473621766315
"(9, 29, 44)",15.238636881957639
"(0, 2, 36)",15.236469884911891
"(2, 9, 22)",15.235760852298682
"(0, 37, 41)",15.235641271419855
"(11, 17, 33)",15.235445320516096
"(19, 35)",15.23504742553812
"(11, 23, 32)",15.233672964999128
"(23, 29, 44)",15.232645232318536
"(9, 10, 24)",15.232103764425409
"(0, 22, 29)",15.231436490768644
"(9, 37, 48)",15.230798734439077
"(2, 22, 23)",15.229769202659579
"(11, 28, 36)",15.22919306706283
"(2, 42)",15.226233118104611
"(10, 23, 24)",15.226112114786305
"(23, 37, 48)",15.224807084799975
"(1, 27)",15.22451944890514
"(5, 12, 49)",15.224354385496152
"(24, 35, 46)",15.224118115119897
"(2, 40, 44)",15.223804962122461
"(25, 31, 39)",15.219642728169557
"(9, 14, 29)",15.219017664932704
"(4, 24, 31)",15.217645352912639
"(8, 24, 31)",15.217645352912639
"(24, 31, 38)",15.217645352912639
"(24, 31, 47)",15.217645352912639
"(0, 9, 16)",15.216637165521886
"(2, 32, 33)",15.215599685161614
"(2, 4, 27)",15.215590239220639
"(2, 8, 27)",15.215590239220639
"(2, 27, 38)",15.215590239220639
"(2, 27, 47)",15.215590239220639
"(17, 27, 43)",15.215535398245596
"(0, 28, 39)",15.214913645256223
"(2, 10, 21)",15.214738121804844
"(6, 11, 33)",15.213572591446784
"(12, 24)",15.213265048642025
"(14, 23, 29)",15.2130260152936
"(9, 32, 35)",15.212115613221322
"(0, 16, 23)",15.210645515882785
"(1, 35, 37)",15.21050910808616
"(19, 41, 49)",15.20960008763562
"(16, 17, 29)",15.208617396110306
"(10, 11, 42)",15.208091918525845
"(15, 46, 49)",15.208006163961185
"(17, 33, 35)",15.207896319099188
"(23, 32, 35)",15.206123963582218
"(2, 14, 40)",15.204185745097526
"(11, 12, 22)",15.203103626757397
"(10, 12, 43)",15.203096266470766
"(25, 27, 28)",15.20274829802454
"(28, 35, 36)",15.201644065645922
"(0, 11, 41)",15.199271276410936
"(9, 11, 48)",15.194428739430158
"(6, 27, 43)",15.193662669176286
"(9, 37, 43)",15.193304564241732
"(24, 27, 32)",15.19204003530447
"(10, 20, 49)",15.19036068398346
"(19, 26, 29)",15.188647021627837
"(11, 23, 48)",15.188437089791057
"(2, 20, 29)",15.18838023776324
"(24, 44, 49)",15.187731390945384
"(23, 37, 43)",15.18731291460263
"(9, 33)",15.187254014418887
"(6, 16, 29)",15.186744667040996
"(6, 33, 35)",15.186023590029876
"(16, 28, 33)",15.185295418196208
"(0, 9, 17)",15.184999571073023
"(2, 39, 46)",15.18471893622107
"(0, 26)",15.184543225250902
"(3, 40, 46)",15.183362523326032
"(10, 35, 42)",15.180542917108937
"(0, 17, 23)",15.179007921433922
"(31, 44, 45)",15.178393769092011
"(23, 33)",15.178266539960234
"(16, 27, 39)",15.176575084792082
"(12, 22, 35)",15.175554625340489
"(10, 29, 36)",15.175110644386244
"(1, 11, 35)",15.174139113077242
"(2, 18, 37)",15.173309246374483
"(0, 35, 41)",15.171722274994028
"(19, 29, 30)",15.170902212356403
"(2, 33, 48)",15.170363809953542
"(24, 28, 46)",15.169879619768054
"(14, 24, 49)",15.168112173920447
"(20, 31, 41)",15.167188582869525
"(0, 10, 19)",15.167006445978739
"(9, 35, 48)",15.16687973801325
"(24, 33, 37)",15.165589907178472
"(12, 13, 49)",15.164644734630118
"(2, 3, 44)",15.163600613894925
"(0, 6, 9)",15.163126842003713
"(29, 40, 42)",15.161937656145312
"(23, 35, 48)",15.160888088374149
"(14, 31, 45)",15.158774552067076
"(0, 30)",15.15792601134375
"(9, 28, 32)",15.15787711786948
"(0, 6, 23)",15.15713519236461
"(9, 11, 43)",15.156934569232813
"(6, 17, 29)",15.155107072592132
"(12, 15, 29)",15.153805140088282
"(19, 28)",15.153689682510358
"(17, 28, 33)",15.153657823747345
"(23, 28, 32)",15.151885468230379
"(11, 23, 43)",15.150942919593712
"(1, 26, 49)",15.150798457443779
"(18, 22, 31)",15.147912810829556
"(10, 25, 49)",15.14538496366946
"(17, 27, 39)",15.144937490343219
"(21, 35, 37)",15.144740192617615
"(2, 3, 14)",15.14398139686999
"(26, 27, 44)",15.143531556351885
"(2, 25, 29)",15.143404517449238
"(10, 18, 27)",15.142200609264282
"(10, 16, 40)",15.140446005161063
"(9, 26, 40)",15.138468755772879
"(22, 27, 33)",15.138138357941543
"(2, 11, 18)",15.136939251365567
"(9, 45, 49)",15.135202283643928
"(1, 30, 49)",15.133053648172345
"(2, 33, 43)",15.132869639756198
"(10, 12, 39)",15.13249835856839
"(0, 12, 32)",15.132496710177255
"(23, 26, 40)",15.132477106133775
"(6, 28, 33)",15.131785094678037
"(9, 35, 43)",15.129385567815905
"(11, 24, 33)",15.129219912169553
"(23, 45, 49)",15.129210634004824
"(27, 34, 46)",15.128529470358917
"(0, 1, 2)",15.12717743557446
"(0, 33, 46)",15.127158522593737
"(10, 28, 42)",15.126304421757098
"(21, 27)",15.125866075702325
"(27, 30, 44)",15.12578674708045
"(14, 26, 27)",15.123912339326948
"(23, 35, 43)",15.123393918176804
"(29, 32, 46)",15.12335804730429
"(6, 27, 39)",15.123064761273909
"(9, 37, 39)",15.122706656339355
"(25, 31, 41)",15.122212862555521
"(12, 22, 28)",15.121316129988648
"(29, 41)",15.120963294143776
"(9, 30, 40)",15.120723946501444
"(0, 28, 41)",15.117483779642187
"(23, 37, 39)",15.116715006700254
"(23, 30, 40)",15.114732296862341
"(9, 28, 48)",15.11264124266141
"(2, 18, 35)",15.109390249948657
"(24, 27, 43)",15.109309989899053
"(10, 17, 40)",15.1088084107122
"(11, 21, 35)",15.108370197608696
"(16, 22, 49)",15.108029521857258
"(12, 34, 37)",15.107417529816438
"(23, 28, 48)",15.106649593022308
"(2, 9, 34)",15.103704760348805
"(16, 24, 29)",15.102391987763763
"(3, 29, 42)",15.101733307917776
"(24, 33, 35)",15.101670910752645
"(0, 29, 34)",15.099380398818765
"(15, 27, 40)",15.09807288091387
"(2, 23, 34)",15.097713110709703
"(18, 40, 49)",15.092765435205251
"(12, 19, 40)",15.092519319586957
"(10, 37, 44)",15.09164037728734
"(16, 26, 37)",15.091281236500688
"(0, 37, 42)",15.091132311835839
"(21, 28, 37)",15.090501697265776
"(2, 41, 46)",15.087289070607035
"(0, 12, 48)",15.087260834969184
"(6, 10, 40)",15.08693568164289
"(5, 31, 32)",15.08654198694154
"(9, 11, 39)",15.086336661330437
"(15, 33, 49)",15.085558959593934
"(21, 26, 49)",15.085029541975235
"(12, 26, 30)",15.0813508800701
"(11, 23, 39)",15.080345011691335
"(3, 10, 16)",15.080241656933527
"(16, 27, 41)",15.079145219178047
"(0, 9, 24)",15.07877416272648
"(3, 9, 26)",15.078264407545342
"(29, 46, 48)",15.078122172096219
"(17, 22, 49)",15.076391927408395
"(9, 28, 43)",15.075147072464064
"(16, 30, 37)",15.073536427229254
"(0, 23, 24)",15.072782513087379
"(3, 23, 26)",15.07227275790624
"(10, 14, 37)",15.072021160262405
"(12, 16, 46)",15.071997734176701
"(11, 12, 34)",15.07104753480752
"(17, 24, 29)",15.0707543933149
"(23, 28, 43)",15.069155422824963
"(10, 26, 46)",15.068316450819474
"(21, 30, 49)",15.0672847327038
"(1, 10, 29)",15.065818195048815
"(19, 42, 49)",15.065091128051602
"(2, 33, 39)",15.062271731853821
"(0, 2, 21)",15.061408520105918
"(3, 33, 40)",15.060915318958783
"(3, 9, 30)",15.060519598273908
"(17, 26, 37)",15.059643642051824
"(9, 35, 39)",15.058787659913529
"(10, 11, 44)",15.055270382278422
"(2, 18, 28)",15.055151754596816
"(11, 16, 26)",15.05491124149177
"(0, 11, 42)",15.05476231682692
"(3, 23, 30)",15.054527948634806
"(6, 22, 49)",15.054519198339085
"(11, 21, 28)",15.054131702256855
"(23, 35, 39)",15.052796010274427
"(27, 36, 46)",15.050930114227468
"(10, 30, 46)",15.05057164154804
"(0, 12, 43)",15.04976666477184
"(6, 24, 29)",15.04888166424559
"(3, 10, 17)",15.048604062484664
"(17, 27, 41)",15.047507624729183
"(24, 28, 33)",15.047432415400802
"(32, 37, 40)",15.046513847587397
"(12, 34, 35)",15.043498533390611
"(17, 30, 37)",15.04189883278039
"(2, 16, 19)",15.041619030847134
"(5, 31, 48)",15.04130611173347
"(29, 43, 46)",15.040628001898874
"(12, 17, 46)",15.040360139727838
"(24, 27, 39)",15.038712081996676
"(3, 15, 27)",15.037868532686334
"(6, 26, 37)",15.037770912982513
"(11, 16, 30)",15.037166432220335
"(0, 20, 49)",15.037031082284534
"(10, 11, 14)",15.035651165253487
"(10, 12, 41)",15.035068492954354
"(5, 27, 37)",15.0344770952664
"(4, 37, 49)",15.033990480326487
"(8, 37, 49)",15.033990480326487
"(37, 38, 49)",15.033990480326487
"(37, 47, 49)",15.033990480326487
"(3, 18, 49)",15.032561086977715
"(3, 12, 19)",15.032314971359423
"(12, 36, 37)",15.029818173684987
"(10, 35, 44)",15.027721380861514
"(16, 26, 35)",15.027362240074861
"(0, 35, 42)",15.027213315410012
"(13, 31, 32)",15.026832336075506
"(3, 6, 10)",15.026731333415354
"(40, 46)",15.026643677880136
"(21, 28, 35)",15.026582700839949
"(2, 9, 36)",15.026105404217356
"(6, 27, 41)",15.025634895659874
"(9, 37, 41)",15.02527679072532
"(11, 17, 26)",15.023273647042906
"(20, 31, 42)",15.022679623285509
"(0, 29, 36)",15.021781042687316
"(9, 22, 29)",15.021072010074109
"(2, 23, 36)",15.020113754578254
"(6, 30, 37)",15.020026103711078
"(23, 37, 41)",15.019285141086218
"(6, 12, 46)",15.018487410658526
"(18, 31, 34)",15.015856718879679
"(32, 48, 49)",15.015214179185389
"(22, 23, 29)",15.015080360435007
"(19, 37, 46)",15.012575312404518
"(12, 20, 27)",15.011979129951783
"(11, 32, 40)",15.010143852578478
"(2, 17, 19)",15.00998143639827
"(16, 30, 35)",15.009617430803427
"(29, 40, 44)",15.00911611989789
"(10, 14, 35)",15.008102163836579
"(2, 22, 40)",15.006240090238931
"(27, 33, 34)",15.006082265991667
"(11, 17, 30)",15.005528837771472
"(9, 28, 39)",15.004549164561688
"(5, 31, 43)",15.003811941536124
"(2, 26, 32)",15.003428011688422
"(2, 10, 15)",15.003095865950353
"(10, 24, 40)",15.002583002365657
"(6, 11, 26)",15.001400917973594
"(37, 40, 48)",15.001277972379327
"(29, 32, 33)",15.000910842937039
"(4, 27, 29)",15.000901396996065
"(8, 27, 29)",15.000901396996065
"(27, 29, 38)",15.000901396996065
"(27, 29, 47)",15.000901396996065
"(9, 16, 23)",15.000281035188252
"(10, 21, 29)",15.00004927958027
"(23, 28, 39)",14.998557514922586
"(5, 11, 27)",14.998107100257482
"(4, 11, 49)",14.997620485317569
"(8, 11, 49)",14.997620485317569
"(11, 38, 49)",14.997620485317569
"(11, 47, 49)",14.997620485317569
"(2, 44)",14.997000813733477
"(17, 26, 35)",14.995724645625998
"(11, 12, 36)",14.99344817867607
"(0, 25, 49)",14.992055361970532
"(14, 29, 40)",14.989496902872952
"(12, 28, 34)",14.98926003803877
"(9, 11, 41)",14.988906795716401
"(0, 18, 27)",14.988871007565356
"(2, 6, 19)",14.988108707328959
"(0, 16, 40)",14.987116403462137
"(3, 32, 37)",14.986309499359862
"(2, 37, 45)",14.98622533275341
"(2, 30, 32)",14.985683202416988
"(6, 11, 30)",14.98365610870216
"(11, 23, 41)",14.9829151460773
"(32, 35, 40)",14.98259485116157
"(13, 31, 48)",14.981596460867435
"(0, 12, 39)",14.979168756869463
"(17, 30, 35)",14.977979836354564
"(32, 43, 49)",14.977720008988044
"(25, 31, 42)",14.977703902971506
"(11, 19, 46)",14.9762053173956
"(16, 34, 49)",14.97597342990738
"(13, 27, 37)",14.974767444400364
"(6, 26, 35)",14.973851916556686
"(10, 28, 44)",14.973482885509675
"(16, 26, 28)",14.973123744723019
"(0, 28, 42)",14.97297482005817
"(5, 27, 35)",14.970558098840574
"(22, 24, 49)",14.970166519061852
"(4, 35, 49)",14.97007148390066
"(8, 35, 49)",14.97007148390066
"(35, 38, 49)",14.97007148390066
"(35, 47, 49)",14.97007148390066
"(29, 39, 46)",14.970030093996497
"(9, 17, 23)",14.968643440739388
"(2, 14)",14.967571988196072
"(12, 25, 27)",14.967003409637782
"(12, 35, 36)",14.965899177259162
"(11, 40, 48)",14.964907977370409
"(2, 33, 41)",14.964841866239786
"(37, 40, 43)",14.963783802181982
"(9, 35, 41)",14.961357794299493
"(22, 31, 45)",14.960828897208481
"(18, 29, 37)",14.958620404149912
"(2, 26, 48)",14.958192136480351
"(9, 10, 19)",14.956641965284206
"(6, 30, 35)",14.956107107285252
"(29, 33, 48)",14.955674967728967
"(0, 17, 40)",14.955478809013274
"(16, 28, 30)",14.955378935451584
"(23, 35, 41)",14.955366144660392
"(10, 27, 45)",14.955116695643207
"(10, 14, 28)",14.953863668484738
"(24, 26, 37)",14.953418233705282
"(10, 19, 23)",14.950650315645102
"(3, 11, 32)",14.949939504350944
"(2, 11, 45)",14.949855337744491
"(12, 16, 33)",14.94955052980945
"(3, 29, 44)",14.948911771670353
"(19, 35, 46)",14.948656315978692
"(6, 9, 23)",14.946770711670077
"(2, 3, 22)",14.946035742011395
"(10, 26, 33)",14.945869246452222
"(17, 34, 49)",14.944335835458517
"(13, 31, 43)",14.94410229067009
"(2, 42, 46)",14.94278011102302
"(3, 10, 24)",14.942378654138121
"(4, 19, 31)",14.942183553771436
"(8, 19, 31)",14.942183553771436
"(19, 31, 38)",14.942183553771436
"(19, 31, 47)",14.942183553771436
"(17, 26, 28)",14.941486150274155
"(24, 27, 41)",14.94128221638264
"(3, 37, 48)",14.941073624151791
"(2, 30, 48)",14.940447327208917
"(11, 13, 27)",14.938397449391445
"(0, 37, 44)",14.938310775588416
"(35, 40, 48)",14.9373589759535
"(3, 46)",14.936337155538832
"(24, 30, 37)",14.935673424433848
"(16, 27, 42)",14.93463625959403
"(12, 24, 46)",14.934134731381295
"(0, 6, 40)",14.933606079943962
"(5, 31, 39)",14.933214033633748
"(15, 35, 37)",14.933097936763126
"(43, 48, 49)",14.932484133779973
"(3, 14, 29)",14.929292554645416
"(27, 33, 36)",14.928482909860218
"(28, 32, 40)",14.92835635580973
"(10, 30, 33)",14.928124437180788
"(11, 40, 43)",14.927413807173064
"(0, 3, 16)",14.9269120552346
"(22, 26, 27)",14.925966684468353
"(17, 28, 30)",14.92374134100272
"(6, 34, 49)",14.922463106389207
"(3, 32, 35)",14.922390502934036
"(2, 35, 45)",14.922306336327583
"(11, 18, 29)",14.922250409140993
"(9, 12, 32)",14.92213222948272
"(2, 26, 43)",14.920697966283006
"(1, 12, 37)",14.92052572434756
"(6, 26, 28)",14.919613421204845
"(0, 14, 37)",14.918691558563477
"(29, 33, 43)",14.918180797531623
"(12, 17, 33)",14.917912935360587
"(11, 24, 26)",14.917048238696363
"(1, 2, 9)",14.916812954879926
"(9, 33, 46)",14.916794041899202
"(19, 27, 32)",14.916578236163264
"(5, 27, 28)",14.91631960348873
"(12, 23, 32)",14.916140579843619
"(4, 28, 49)",14.91583298854882
"(8, 28, 49)",14.91583298854882
"(28, 38, 49)",14.91583298854882
"(28, 47, 49)",14.91583298854882
"(0, 26, 46)",14.914986849120545
"(0, 1, 29)",14.912488593349886
"(19, 44, 49)",14.91226959180418
"(12, 28, 36)",14.911660681907321
"(13, 27, 35)",14.910848447974537
"(1, 2, 23)",14.910821305240823
"(23, 33, 46)",14.9108023922601
"(22, 27, 30)",14.908221875196919
"(32, 39, 49)",14.907122101085667
"(9, 28, 41)",14.907119298947652
"(40, 45, 49)",14.905681521584176
"(3, 11, 48)",14.904703629142873
"(29, 42)",14.90419985476775
"(2, 19, 24)",14.903756028051726
"(3, 37, 43)",14.903579453954446
"(17, 27, 42)",14.902998665145166
"(2, 30, 43)",14.902953157011572
"(0, 11, 44)",14.901940780579498
"(6, 28, 30)",14.901868611933411
"(23, 28, 41)",14.90112764930855
"(35, 40, 43)",14.899864805756156
"(11, 24, 30)",14.89930342942493
"(16, 36, 49)",14.898374073775932
"(0, 30, 46)",14.897242039849111
"(11, 15, 35)",14.896727941754207
"(6, 12, 33)",14.896040206291275
"(0, 3, 17)",14.895274460785737
"(18, 29, 35)",14.894701407724085
"(19, 28, 46)",14.894417820626849
"(37, 39, 40)",14.893185894279606
"(14, 19, 49)",14.892650374779244
"(10, 12, 42)",14.890559533370336
"(19, 33, 37)",14.890128108037267
"(24, 26, 35)",14.889499237279455
"(9, 29, 34)",14.889015918124231
"(1, 11, 12)",14.88415572933864
"(28, 40, 48)",14.883120480601658
"(23, 29, 34)",14.883024268485128
"(0, 11, 14)",14.88232156355456
"(0, 12, 41)",14.881738891255427
"(6, 27, 42)",14.881125936075858
"(9, 37, 42)",14.880767831141302
"(15, 28, 37)",14.878859441411283
"(3, 35, 48)",14.877154627725965
"(9, 12, 48)",14.876896354274649
"(21, 27, 46)",14.875868749421494
"(23, 37, 42)",14.874776181502202
"(0, 35, 44)",14.87439177916259
"(2, 34, 40)",14.874183998289054
"(10, 22, 37)",14.874075505403813
"(13, 31, 39)",14.873504382767713
"(0, 3, 6)",14.873401731716427
"(15, 26, 49)",14.873387286120744
"(29, 41, 46)",14.872600228382462
"(10, 16)",14.871962378291379
"(24, 30, 35)",14.871754428008021
"(12, 23, 48)",14.870904704635548
"(20, 31, 44)",14.869858087038086
"(9, 26)",14.8689965042091
"(3, 28, 32)",14.868152007582193
"(2, 28, 45)",14.86806784097574
"(3, 11, 43)",14.867209458945528
"(17, 36, 49)",14.866736479327068
"(9, 23, 24)",14.862418032392844
"(39, 48, 49)",14.861886225877596
"(23, 26)",14.860009029750447
"(5, 10, 49)",14.85895626913365
"(2, 5, 29)",14.856975822913428
"(11, 39, 40)",14.856815899270687
"(13, 27, 28)",14.856609952622696
"(1, 12, 35)",14.856606727921733
"(15, 30, 49)",14.85564247684931
"(0, 14, 35)",14.85477256213765
"(12, 21, 37)",14.854756808879014
"(11, 19, 33)",14.853758113028348
"(2, 9, 21)",14.851044039411383
"(14, 20, 31)",14.850238870013147
"(2, 26, 39)",14.85010005838063
"(0, 2, 15)",14.849766264251427
"(0, 24, 40)",14.849253400666731
"(3, 26, 40)",14.848743645485591
"(7, 31, 32)",14.84847846077543
"(29, 33, 39)",14.847582889629246
"(0, 21, 29)",14.846719677881342
"(28, 40, 43)",14.845626310404313
"(3, 45, 49)",14.84547717335664
"(2, 21, 23)",14.845052389772281
"(6, 36, 49)",14.844863750257758
"(9, 11, 42)",14.844397836132384
"(33, 40)",14.84297287132926
"(11, 15, 28)",14.842489446402364
"(9, 30)",14.842379290301949
"(18, 28, 29)",14.840462912372242
"(3, 35, 43)",14.83966045752862
"(9, 12, 43)",14.839402184077304
"(11, 23, 42)",14.838406186493284
"(24, 34, 49)",14.838110427111975
"(10, 11, 22)",14.837705510394892
"(5, 31, 41)",14.835784168019712
"(24, 26, 28)",14.835260741927613
"(19, 27, 43)",14.833848190757848
"(12, 23, 43)",14.833410534438203
"(23, 30)",14.833391815843296
"(3, 37, 39)",14.83298154605207
"(3, 30, 40)",14.830998836214157
"(35, 39, 40)",14.82926689785378
"(1, 18, 31)",14.8289649134108
"(31, 34, 45)",14.828772805258604
"(16, 19, 29)",14.826930188622558
"(9, 20, 49)",14.826666601589999
"(19, 33, 35)",14.82620911161144
"(25, 31, 44)",14.824882366724083
"(10, 17)",14.824505986618083
"(39, 43, 49)",14.824392055680251
"(3, 28, 48)",14.822916132374122
"(20, 23, 49)",14.820674951950897
"(2, 33, 42)",14.820332906655768
"(0, 28, 44)",14.820153283810747
"(2, 12, 18)",14.819406866210057
"(11, 12, 21)",14.818386813870097
"(24, 28, 30)",14.817515932656178
"(9, 35, 42)",14.816848834715476
"(15, 28, 35)",14.814940444985456
"(2, 3, 34)",14.813979650061517
"(12, 24, 33)",14.811687527014044
"(9, 29, 36)",14.811416561992782
"(23, 35, 42)",14.810857185076376
"(10, 22, 35)",14.810156508977986
"(32, 41, 49)",14.809692235471632
"(15, 27)",14.808402691920588
"(23, 29, 36)",14.80542491235368
"(14, 25, 31)",14.805263149699146
"(0, 9, 19)",14.803312363585277
"(7, 31, 48)",14.803242585567359
"(0, 27, 45)",14.80178709394428
"(0, 14, 28)",14.80053406678581
"(18, 49)",14.800441523357662
"(12, 19)",14.800072349930218
"(10, 13, 49)",14.799246618267613
"(0, 19, 23)",14.797320713946174
"(2, 13, 29)",14.797266172047394
"(24, 27, 42)",14.796773256798623
"(3, 11, 39)",14.796611551043151
"(2, 36, 40)",14.796584642157605
"(7, 27, 37)",14.796413569100288
"(37, 40, 41)",14.79575602866557
"(17, 19, 29)",14.795292594173695
"(26, 27, 34)",14.793910592518476
"(0, 26, 33)",14.792539644753294
"(6, 10)",14.79169689301412
"(22, 29, 40)",14.791551248014358
"(12, 21, 35)",14.790837812453187
"(2, 44, 46)",14.789958574775596
"(1, 16, 49)",14.789081624438502
"(0, 3, 24)",14.789049052439195
"(26, 29, 32)",14.788739169463849
"(10, 15, 29)",14.78840702372578
"(3, 28, 43)",14.785421962176777
"(16, 27, 44)",14.781814723346606
"(9, 25, 49)",14.781690881275999
"(9, 18, 27)",14.778506526870821
"(9, 16, 40)",14.776751922767602
"(27, 30, 34)",14.776165783247041
"(13, 31, 41)",14.776074517153678
"(23, 25, 49)",14.775699231636896
"(28, 39, 40)",14.775028402501936
"(0, 30, 33)",14.77479483548186
"(6, 19, 29)",14.773419865104387
"(18, 23, 27)",14.77251487723172
"(19, 28, 33)",14.771970616259598
"(29, 37, 45)",14.771536490528835
"(29, 30, 32)",14.770994360192415
"(16, 23, 40)",14.7707602731285
"(2, 14, 46)",14.77033935775066
"(3, 35, 39)",14.769062549626243
"(9, 12, 39)",14.768804276174928
"(0, 10, 32)",14.767098593814751
"(7, 31, 43)",14.765748415370014
"(19, 27, 39)",14.763250282855472
"(18, 21, 31)",14.763195997942256
"(12, 23, 39)",14.762812626535826
"(9, 28, 42)",14.762610339363636
"(14, 16, 27)",14.762195506321671
"(24, 36, 49)",14.760511070980526
"(7, 11, 27)",14.760043574091371
"(11, 40, 41)",14.759386033656652
"(1, 17, 49)",14.757444029989639
"(23, 28, 42)",14.756618689724533
"(10, 22, 28)",14.755918013626143
"(21, 27, 33)",14.753421545054245
"(2, 26, 41)",14.752670192766594
"(3, 33)",14.752666348987956
"(17, 27, 44)",14.750177128897743
"(29, 33, 41)",14.75015302401521
"(9, 17, 40)",14.745114328318738
"(26, 29, 48)",14.743503294255778
"(10, 34, 37)",14.742019413453935
"(17, 23, 40)",14.739122678679637
"(10, 12, 44)",14.737737997122913
"(12, 16, 26)",14.73737885633626
"(0, 12, 42)",14.737229931671411
"(12, 21, 28)",14.736599317101346
"(2, 3, 36)",14.736380293930068
"(1, 6, 49)",14.735571300920329
"(3, 37, 41)",14.735551680438034
"(11, 29, 45)",14.735166495519916
"(2, 30, 41)",14.73492538349516
"(7, 27, 35)",14.732494572674462
"(35, 40, 41)",14.731837032239744
"(3, 22, 29)",14.731346899786821
"(32, 37)",14.73106414193088
"(14, 17, 27)",14.730557911872808
"(6, 27, 44)",14.728304399828435
"(29, 42, 46)",14.728091268798444
"(9, 37, 44)",14.72794629489388
"(10, 19, 40)",14.727121203224455
"(41, 43, 49)",14.726962190066216
"(29, 30, 48)",14.725758484984343
"(16, 21, 49)",14.723312708969958
"(6, 9, 40)",14.723241599249429
"(23, 37, 44)",14.72195464525478
"(0, 10, 48)",14.72186271860668
"(0, 22, 37)",14.720745903704884
"(12, 16, 30)",14.719634047064826
"(10, 12, 14)",14.718118780097978
"(6, 23, 40)",14.717249949610325
"(3, 9, 16)",14.716547574540066
"(26, 27, 36)",14.716311236387027
"(10, 26, 30)",14.715952763707598
"(3, 28, 39)",14.7148240542744
"(3, 16, 23)",14.710555924900962
"(6, 14, 27)",14.708685182803498
"(9, 14, 37)",14.708327077868944
"(29, 35, 45)",14.707617494103008
"(10, 16, 46)",14.706599617814197
"(26, 29, 43)",14.706009124058433
"(12, 17, 26)",14.705741261887397
"(10, 11, 34)",14.705649418445015
"(0, 5, 49)",14.705626667434721
"(9, 26, 46)",14.704622368426012
"(14, 23, 37)",14.70233542822984
"(1, 9, 29)",14.702124112655353
"(3, 11, 41)",14.699181685429116
"(23, 26, 46)",14.698630718786909
"(27, 30, 36)",14.698566427115592
"(16, 17, 37)",14.697926809046546
"(1, 23, 29)",14.69613246301625
"(7, 31, 39)",14.695150507467638
"(19, 22, 49)",14.694704719920649
"(12, 32, 40)",14.692611467422969
"(17, 21, 49)",14.691675114521095
"(9, 11, 44)",14.69157629988496
"(5, 31, 42)",14.691275208435695
"(19, 24, 29)",14.689067185827154
"(29, 30, 43)",14.688264314786998
"(12, 17, 30)",14.687996452615963
"(1, 2, 40)",14.687292192820175
"(33, 40, 46)",14.687273279839452
"(9, 30, 46)",14.686877559154578
"(11, 23, 44)",14.685584650245861
"(3, 9, 17)",14.684909980091202
"(0, 11, 22)",14.684375908695966
"(0, 10, 43)",14.684368548409335
"(6, 12, 26)",14.683868532818085
"(23, 30, 46)",14.680885909515474
"(5, 12, 27)",14.680574715101972
"(4, 12, 49)",14.68008810016206
"(8, 12, 49)",14.68008810016206
"(12, 38, 49)",14.68008810016206
"(12, 47, 49)",14.68008810016206
"(3, 17, 23)",14.678918330452099
"(7, 27, 28)",14.67825607732262
"(10, 34, 35)",14.678100417028109
"(19, 26, 37)",14.677956434564077
"(2, 20, 37)",14.677689650699481
"(28, 40, 41)",14.677598536887901
"(11, 32)",14.676509149417502
"(6, 16, 37)",14.676054079977238
"(29, 44)",14.674967550396616
"(10, 17, 46)",14.674962023365334
"(9, 11, 14)",14.671957082860025
"(3, 35, 41)",14.671632684012208
"(9, 12, 41)",14.671374410560892
"(2, 22)",14.67065350590818
"(6, 21, 49)",14.669802385451785
"(2, 33, 44)",14.667511370408345
"(3, 10, 19)",14.666916854996916
"(6, 12, 30)",14.66612372354665
"(11, 14, 23)",14.665965433220922
"(19, 27, 41)",14.665820417241436
"(12, 23, 41)",14.66538276092179
"(32, 42, 49)",14.665183275887614
"(10, 24)",14.66516787409827
"(10, 36, 37)",14.664420057322484
"(15, 27, 46)",14.664226493567003
"(9, 35, 44)",14.664027298468053
"(37, 48)",14.663210329118773
"(3, 6, 9)",14.663037251021892
"(11, 16, 17)",14.66155681403763
"(19, 30, 37)",14.660211625292643
"(29, 34, 40)",14.65949515606448
"(18, 46, 49)",14.658919047858385
"(12, 19, 46)",14.65867293224009
"(23, 35, 44)",14.658035648828953
"(3, 6, 23)",14.65704560138279
"(0, 22, 35)",14.656826907279058
"(39, 41, 49)",14.656364282163839
"(28, 29, 45)",14.653378998751167
"(6, 10, 46)",14.653089294296024
"(20, 22, 31)",14.652293215154554
"(37, 40, 42)",14.651247069081553
"(1, 24, 49)",14.651218621643096
"(2, 14, 33)",14.64789215338341
"(12, 40, 48)",14.6473755922149
"(10, 20, 27)",14.64658101358928
"(0, 13, 49)",14.645917016568687
"(14, 29)",14.645538724859211
"(6, 17, 37)",14.644416485528374
"(9, 14, 35)",14.644408081443117
"(24, 27, 44)",14.6439517205512
"(12, 15, 37)",14.643114553024525
"(0, 16)",14.641967975742986
"(1, 31, 45)",14.641880999789725
"(2, 16, 32)",14.641711178683146
"(11, 19, 26)",14.641586439555159
"(2, 11, 20)",14.641319655690564
"(6, 11, 16)",14.639684084968318
"(2, 9, 15)",14.639401783556892
"(9, 24, 40)",14.638888919972196
"(14, 23, 35)",14.638416431804014
"(9, 21, 29)",14.636355197186809
"(26, 29, 39)",14.635411216156056
"(32, 35)",14.63518564729214
"(0, 15, 29)",14.635077422026852
"(16, 17, 35)",14.63400781262072
"(2, 15, 23)",14.633410133917788
"(23, 24, 40)",14.632897270333094
"(2, 25, 37)",14.632713930385478
"(3, 12, 32)",14.632407119195435
"(2, 12, 45)",14.632322952588982
"(13, 31, 42)",14.631565557569662
"(21, 23, 29)",14.630363547547706
"(10, 11, 36)",14.628050062313566
"(1, 2, 3)",14.627087844592639
"(3, 33, 46)",14.627068931611916
"(14, 24, 27)",14.624332503526265
"(10, 28, 34)",14.623861921676266
"(11, 19, 30)",14.623841630283724
"(2, 21, 40)",14.621523277351631
"(12, 13, 27)",14.620865064235936
"(42, 48, 49)",14.619947400679543
"(2, 7, 29)",14.618912296747318
"(3, 28, 41)",14.617394188660365
"(11, 40, 42)",14.614877074072634
"(19, 26, 35)",14.61403743813825
"(2, 20, 35)",14.613770654273655
"(0, 10, 39)",14.613770640506958
"(32, 37, 46)",14.61266746024053
"(6, 16, 35)",14.612135083551411
"(2, 17, 32)",14.610073584234282
"(12, 40, 43)",14.609881422017555
"(9, 28, 44)",14.609788803116214
"(11, 48)",14.608655336605395
"(2, 26, 42)",14.608161233182578
"(6, 11, 17)",14.608046490519454
"(22, 25, 31)",14.60731749484055
"(1, 26, 27)",14.607018787049597
"(37, 43)",14.606969073822755
"(11, 12, 15)",14.606744558015606
"(29, 33, 42)",14.605644064431193
"(12, 18, 29)",14.604718023985484
"(23, 28, 44)",14.60379715347711
"(0, 22, 28)",14.602588411927217
"(10, 25, 27)",14.601605293275277
"(10, 35, 36)",14.600501060896658
"(12, 24, 26)",14.599515853540854
"(3, 29, 34)",14.599290807836944
"(7, 31, 41)",14.597720641853602
"(20, 40, 49)",14.59714583953025
"(2, 16, 48)",14.596475303475074
"(2, 11, 25)",14.596343935376561
"(19, 30, 35)",14.596292628866816
"(0, 17)",14.594511584069693
"(16, 24, 37)",14.591701400700003
"(9, 27, 45)",14.591422613249746
"(3, 37, 42)",14.591042720854016
"(2, 30, 42)",14.590416423911144
"(9, 14, 28)",14.590169586091276
"(1, 27, 30)",14.589273977778163
"(0, 34, 37)",14.588689811755007
"(2, 6, 32)",14.588200855164972
"(35, 40, 42)",14.587328072655726
"(3, 12, 48)",14.587171243987363
"(9, 19, 23)",14.586956233251641
"(21, 24, 49)",14.585449706174552
"(23, 27, 45)",14.585430963610644
"(0, 12, 44)",14.584408395423988
"(14, 23, 28)",14.584177936452173
"(10, 16, 33)",14.584152413446947
"(42, 43, 49)",14.582453230482198
"(9, 26, 33)",14.58217516405876
"(29, 36, 40)",14.581895799933031
"(12, 24, 30)",14.58177104426942
"(6, 17, 35)",14.580497489102548
"(16, 17, 28)",14.579769317268878
"(12, 15, 35)",14.579195556598698
"(3, 9, 24)",14.57868457174466
"(11, 32, 46)",14.576297465231612
"(23, 26, 33)",14.576183514419657
"(21, 31, 45)",14.576112084321181
"(29, 44, 46)",14.575269732551021
"(0, 19, 40)",14.573791601525526
"(3, 23, 24)",14.572692922105558
"(2, 22, 46)",14.572393702892064
"(2, 25, 35)",14.568794933959651
"(10, 24, 46)",14.568736615018791
"(37, 46, 48)",14.567431585032459
"(35, 48)",14.567331834480033
"(2, 17, 48)",14.56483770902621
"(0, 12, 14)",14.564789178399051
"(9, 30, 33)",14.564430354787326
"(16, 22, 27)",14.564249851463076
"(19, 34, 49)",14.56264862797077
"(0, 26, 30)",14.56262316200867
"(0, 6)",14.561702490465727
"(2, 3, 21)",14.561318929124095
"(17, 24, 37)",14.56006380625114
"(19, 26, 28)",14.55979894278641
"(2, 20, 28)",14.559532158921813
"(2, 16, 43)",14.55898113327773
"(23, 30, 33)",14.558438705148223
"(6, 16, 28)",14.557896588199569
"(9, 10, 32)",14.556734113120218
"(14, 29, 46)",14.555650515526086
"(11, 16, 24)",14.555331405691087
"(1, 10, 37)",14.555127607985057
"(3, 11, 42)",14.554672725845098
"(28, 32)",14.553827904264377
"(0, 16, 46)",14.55327001611527
"(10, 17, 33)",14.552514818998084
"(11, 43)",14.552414081309378
"(0, 11, 34)",14.552319816746088
"(25, 40, 49)",14.552170119216246
"(15, 18, 31)",14.551553742087766
"(10, 23, 32)",14.550742463481114
"(3, 12, 43)",14.549677073790019
"(18, 27, 40)",14.54898576481107
"(32, 35, 46)",14.548748463814704
"(10, 28, 36)",14.546262565544817
"(2, 6, 48)",14.542964979956901
"(4, 31, 32)",14.542275701607448
"(8, 31, 32)",14.542275701607448
"(31, 32, 38)",14.542275701607448
"(31, 32, 47)",14.542275701607448
"(19, 28, 30)",14.542054133514974
"(15, 27, 33)",14.541779289199752
"(21, 26, 27)",14.541249871581053
"(12, 39, 40)",14.539283514115178
"(5, 31, 44)",14.538453672188272
"(6, 24, 37)",14.538191077181832
"(26, 29, 41)",14.53798135054202
"(3, 20, 49)",14.536941491302713
"(18, 33, 49)",14.536471843491135
"(12, 19, 33)",14.53622572787284
"(28, 40, 42)",14.533089577303883
"(17, 22, 27)",14.532612257014213
"(11, 46, 48)",14.53106159002354
"(6, 10, 33)",14.530642089928772
"(37, 43, 46)",14.529937414835114
"(16, 24, 35)",14.527782404274177
"(2, 17, 43)",14.527343538828866
"(3, 35, 42)",14.52712372442819
"(9, 12, 42)",14.526865450976874
"(6, 17, 28)",14.526258993750705
"(12, 15, 28)",14.524957061246855
"(0, 34, 35)",14.52477081532918
"(26, 40)",14.524715361119476
"(11, 17, 24)",14.523693811242223
"(21, 27, 30)",14.523505062309619
"(3, 29, 36)",14.521691451705495
"(0, 17, 46)",14.521632421666407
"(19, 27, 42)",14.521311457657418
"(12, 23, 42)",14.520873801337775
"(20, 31, 34)",14.520237123204677
"(29, 30, 41)",14.520236541270586
"(10, 12, 22)",14.520173125239383
"(45, 49)",14.519815652926049
"(5, 14, 31)",14.518834455163336
"(1, 10, 11)",14.518757612976138
"(0, 10, 41)",14.516340774892923
"(2, 25, 28)",14.51455643860781
"(0, 3, 19)",14.513587253297992
"(39, 42, 49)",14.511855322579823
"(15, 16, 49)",14.511670453115467
"(9, 10, 48)",14.511498237912146
"(35, 43)",14.511090579184016
"(0, 36, 37)",14.511090455623558
"(6, 22, 27)",14.510739527944903
"(9, 22, 37)",14.510381423010351
"(10, 23, 48)",14.505506588273043
"(2, 6, 43)",14.505470809759556
"(22, 23, 37)",14.504389773371248
"(2, 24, 32)",14.50384817588774
"(35, 46, 48)",14.503512588606633
"(6, 11, 24)",14.501821082172912
"(37, 39)",14.501072211969191
"(0, 6, 46)",14.499759692597095
"(37, 40, 44)",14.49842553283413
"(30, 40)",14.498098147212323
"(4, 31, 48)",14.497039826399376
"(8, 31, 48)",14.497039826399376
"(31, 38, 48)",14.497039826399376
"(31, 47, 48)",14.497039826399376
"(17, 24, 35)",14.496144809825314
"(5, 9, 49)",14.495262186740188
"(28, 32, 46)",14.494509968462863
"(11, 43, 46)",14.493567419826196
"(0, 20, 27)",14.493251411890352
"(14, 32, 49)",14.492742522615256
"(3, 25, 49)",14.49196577098871
"(1, 10, 35)",14.49120861155923
"(32, 33, 37)",14.49022025587328
"(4, 27, 37)",14.490210809932307
"(8, 27, 37)",14.490210809932307
"(27, 37, 38)",14.490210809932307
"(27, 37, 47)",14.490210809932307
"(10, 21, 37)",14.489358692516511
"(5, 23, 49)",14.489270537101085
"(3, 18, 27)",14.488781416583533
"(2, 16, 39)",14.488383225375353
"(3, 16, 40)",14.487026812480314
"(28, 48)",14.48597409145227
"(19, 36, 49)",14.485049271839323
"(15, 17, 49)",14.480032858666604
"(3, 12, 39)",14.479079165887642
"(14, 37, 40)",14.478806315809193
"(13, 31, 44)",14.478744021322239
"(25, 31, 34)",14.475261402890673
"(26, 40, 46)",14.47510160636626
"(0, 11, 36)",14.47472046061464
"(6, 24, 35)",14.474272080756005
"(9, 11, 22)",14.47401142800143
"(9, 10, 43)",14.474004067714802
"(16, 24, 28)",14.473543908922336
"(3, 28, 42)",14.472885229076347
"(1, 29, 40)",14.472603350595602
"(2, 34)",14.472569367983365
"(45, 46, 49)",14.47183513423731
"(0, 28, 34)",14.47053231997734
"(11, 22, 23)",14.46801977836233
"(10, 23, 43)",14.468012418075698
"(44, 48, 49)",14.46712586443212
"(35, 43, 46)",14.466018418409288
"(20, 29, 37)",14.463000808474908
"(11, 40, 44)",14.462055537825211
"(4, 31, 43)",14.459545656202032
"(8, 31, 43)",14.459545656202032
"(31, 38, 43)",14.459545656202032
"(31, 43, 47)",14.459545656202032
"(37, 39, 46)",14.45933950693274
"(13, 14, 31)",14.459124804297302
"(2, 24, 48)",14.458612300679668
"(6, 15, 49)",14.458160129597294
"(30, 40, 46)",14.457356797094826
"(2, 17, 39)",14.45674563092649
"(3, 17, 40)",14.455389218031451
"(2, 26, 44)",14.455339696935155
"(2, 10, 18)",14.454008749847553
"(11, 32, 33)",14.45385026086436
"(4, 11, 27)",14.453840814923389
"(8, 11, 27)",14.453840814923389
"(11, 27, 38)",14.453840814923389
"(11, 27, 47)",14.453840814923389
"(7, 31, 42)",14.453211682269586
"(10, 11, 21)",14.452988697507593
"(29, 33, 44)",14.45282252818377
"(2, 22, 33)",14.449946498524813
"(28, 46, 48)",14.449274093254791
"(0, 25, 27)",14.44827569157635
"(14, 48, 49)",14.447506647407184
"(0, 35, 36)",14.447171459197731
"(11, 39)",14.446517219455814
"(9, 22, 35)",14.446462426584525
"(10, 24, 33)",14.446289410651541
"(33, 37, 48)",14.44498438066521
"(7, 12, 27)",14.442511188935862
"(11, 14, 40)",14.442436320800274
"(17, 24, 28)",14.441906314473473
"(12, 40, 41)",14.441853648501143
"(22, 23, 35)",14.440470776945421
"(2, 34, 46)",14.440337610942187
"(3, 37, 44)",14.438221184606594
"(2, 30, 44)",14.437594887663721
"(2, 14, 26)",14.435720479910218
"(9, 13, 49)",14.435552535874152
"(0, 24)",14.435173471549879
"(2, 6, 39)",14.43487290185718
"(35, 40, 44)",14.434506536408303
"(3, 26)",14.434408838778172
"(27, 32, 43)",14.433940338593862
"(3, 6, 40)",14.433516488962141
"(14, 29, 33)",14.433203311158834
"(16, 27, 34)",14.432193759513199
"(0, 16, 33)",14.430822811748019
"(28, 43)",14.429732836156253
"(43, 44, 49)",14.429631694234775
"(13, 23, 49)",14.42956088623505
"(16, 29, 32)",14.427022336458572
"(11, 20, 29)",14.426630813465989
"(22, 24, 27)",14.426386848667672
"(32, 33, 35)",14.426301259447454
"(4, 27, 35)",14.42629181350648
"(8, 27, 35)",14.42629181350648
"(27, 35, 38)",14.42629181350648
"(27, 35, 47)",14.42629181350648
"(10, 21, 35)",14.425439696090685
"(9, 15, 29)",14.424712941332318
"(11, 39, 46)",14.42296951192382
"(2, 24, 43)",14.421118130482323
"(6, 24, 28)",14.420033585404163
"(15, 23, 29)",14.418721291693215
"(3, 14, 37)",14.418601967581658
"(25, 29, 37)",14.418025088160906
"(12, 29, 45)",14.417634110364407
"(0, 24, 46)",14.415407013319864
"(3, 26, 46)",14.414897258138724
"(14, 35, 40)",14.414887319383366
"(41, 42, 49)",14.414425456965787
"(1, 3, 29)",14.412399002368065
"(28, 43, 46)",14.411779923057447
"(14, 43, 49)",14.41001247720984
"(2, 15, 40)",14.40988102149714
"(11, 33, 48)",14.408614385656291
"(3, 30)",14.407791624871018
"(33, 37, 43)",14.407490210467865
"(21, 29, 40)",14.406834435127058
"(35, 39)",14.405193717330452
"(9, 10, 39)",14.403406159812425
"(0, 9, 32)",14.40340451142129
"(3, 11, 44)",14.401851189597675
"(0, 1, 37)",14.401798006286128
"(17, 27, 34)",14.400556165064335
"(0, 17, 33)",14.399185217299156
"(20, 29, 35)",14.399081812049081
"(10, 23, 39)",14.397414510173322
"(0, 23, 32)",14.397412861782188
"(3, 30, 46)",14.39715244886729
"(35, 39, 46)",14.395420510506913
"(17, 29, 32)",14.395384742009709
"(26, 29, 42)",14.393472390958003
"(0, 28, 36)",14.39293296384589
"(9, 22, 28)",14.392223931232682
"(2, 16, 41)",14.390953359761317
"(4, 31, 39)",14.388947748299655
"(8, 31, 39)",14.388947748299655
"(31, 38, 39)",14.388947748299655
"(31, 39, 47)",14.388947748299655
"(10, 12, 34)",14.388117033289506
"(22, 23, 28)",14.38623228159358
"(18, 35, 37)",14.384010820660325
"(3, 11, 14)",14.38223197257274
"(16, 29, 48)",14.3817864612505
"(11, 25, 29)",14.381655093151988
"(3, 12, 41)",14.381649300273606
"(33, 35, 48)",14.381065384239383
"(28, 40, 44)",14.38026804105646
"(6, 27, 34)",14.378683435995026
"(9, 34, 37)",14.378325331060474
"(0, 6, 33)",14.377312488229844
"(46,)",14.375874096859835
"(1, 19, 49)",14.375756822501891
"(29, 30, 42)",14.375727581686569
"(3, 35, 44)",14.374302188180767
"(9, 12, 44)",14.374043914729452
"(15, 24, 49)",14.373807450320061
"(6, 29, 32)",14.373512012940399
"(23, 34, 37)",14.37233368142137
"(28, 32, 33)",14.372062764095613
"(4, 27, 28)",14.372053318154638
"(8, 27, 28)",14.372053318154638
"(27, 28, 38)",14.372053318154638
"(27, 28, 47)",14.372053318154638
"(10, 16, 26)",14.371980739973756
"(0, 10, 42)",14.371831815308905
"(10, 21, 28)",14.371201200738843
"(11, 33, 43)",14.371120215458946
"(19, 27, 44)",14.368489921409996
"(12, 23, 44)",14.368052265090352
"(0, 12, 22)",14.366843523540457
"(0, 1, 11)",14.36542801127721
"(15, 31, 45)",14.36446982846669
"(9, 19, 40)",14.363427120830993
"(27, 32, 39)",14.363342430691485
"(2, 36, 46)",14.362738254810738
"(37, 41, 46)",14.361909641318704
"(27, 40, 45)",14.361901851189995
"(14, 28, 40)",14.360648824031525
"(2, 17, 41)",14.359315765312454
"(39, 44, 49)",14.3590337863324
"(0, 9, 48)",14.358168636213218
"(22, 29, 46)",14.357704860667491
"(19, 23, 40)",14.35743547119189
"(2, 36)",14.35617033378619
"(37, 41)",14.354927413548138
"(3, 14, 35)",14.354682971155832
"(16, 27, 36)",14.35459440338175
"(9, 12, 14)",14.354424697704516
"(10, 16, 30)",14.354235930702322
"(25, 29, 35)",14.35410609173508
"(26, 33, 40)",14.35265440199901
"(9, 26, 30)",14.352258681314137
"(0, 23, 48)",14.352176986574117
"(2, 24, 39)",14.350520222579947
"(17, 29, 48)",14.350148866801637
"(2, 3, 15)",14.349676673269604
"(33, 45, 49)",14.349387929870058
"(3, 24, 40)",14.349163809684908
"(14, 19, 27)",14.34887070438506
"(22, 29)",14.34862024257132
"(12, 14, 23)",14.348433048065413
"(11, 18, 35)",14.347640825651407
"(3, 21, 29)",14.346630086899522
"(2, 5, 37)",14.34628523584967
"(23, 26, 30)",14.346267031675033
"(20, 28, 29)",14.34484331669724
"(16, 29, 43)",14.344292291053156
"(12, 16, 17)",14.34402442888212
"(33, 35, 43)",14.343571214042038
"(9, 16, 46)",14.342905535420735
"(9, 11, 34)",14.341955336051553
"(28, 39, 46)",14.34118201515507
"(10, 17, 26)",14.340343145524892
"(14, 39, 49)",14.339414569307463
"(0, 1, 35)",14.337879009860302
"(2, 6, 41)",14.337443036243144
"(16, 23, 46)",14.336913885781634
"(33, 37, 39)",14.336892302565488
"(0, 21, 37)",14.336029090817584
"(11, 23, 34)",14.335963686412452
"(30, 33, 40)",14.334909592727575
"(1, 20, 31)",14.333345317735798
"(18, 28, 37)",14.329772325308483
"(15, 26, 27)",14.329607615726562
"(6, 29, 48)",14.328276137732328
"(10, 32, 40)",14.327213351060466
"(28, 33, 48)",14.326826888887542
"(9, 16)",14.326421254701184
"(11, 41, 46)",14.325539646309785
"(18, 26, 49)",14.324300170017944
"(12, 19, 26)",14.32405405439965
"(28, 39)",14.323835974302689
"(2, 12, 20)",14.323787270535055
"(17, 27, 36)",14.322956808932886
"(10, 17, 30)",14.322598336253458
"(6, 12, 16)",14.322151699812808
"(5, 22, 31)",14.320888800304742
"(0, 9, 43)",14.320674466015873
"(3, 28, 44)",14.320063692828924
"(6, 10, 26)",14.318470416455582
"(2, 33, 34)",14.317890406574938
"(16, 23)",14.317433780242531
"(16, 19, 37)",14.3162396015588
"(5, 10, 27)",14.315176598739468
"(4, 10, 49)",14.314689983799557
"(10, 38, 49)",14.314689983799557
"(10, 47, 49)",14.314689983799557
"(0, 23, 43)",14.314682816376772
"(9, 34, 35)",14.314406334634647
"(2, 4, 29)",14.312709537579336
"(2, 8, 29)",14.312709537579336
"(2, 29, 38)",14.312709537579336
"(2, 29, 47)",14.312709537579336
"(17, 29, 43)",14.312654696604293
"(15, 27, 30)",14.311862806455128
"(9, 17, 46)",14.311267940971872
"(10, 12, 36)",14.310517677158057
"(19, 21, 49)",14.30998790703335
"(2, 5, 11)",14.309915240840752
"(23, 34, 35)",14.308414684995544
"(18, 30, 49)",14.30655536074651
"(12, 19, 30)",14.306309245128215
"(9, 10, 41)",14.30597629419839
"(17, 23, 46)",14.30527629133277
"(3, 9, 19)",14.303222772603455
"(3, 27, 45)",14.301697502962458
"(6, 27, 36)",14.301084079863577
"(9, 36, 37)",14.300725974929023
"(6, 10, 30)",14.300725607184148
"(0, 2, 18)",14.300679148148626
"(11, 33, 39)",14.30052230755657
"(3, 14, 28)",14.300444475803989
"(7, 31, 44)",14.300390146022163
"(11, 41)",14.30037242103476
"(10, 23, 41)",14.299984644559286
"(25, 28, 29)",14.299867596383237
"(0, 11, 21)",14.299659095808666
"(35, 41, 46)",14.297990644892877
"(12, 40, 42)",14.297344688917125
"(3, 19, 23)",14.297231122964352
"(22, 32, 49)",14.294796867756661
"(23, 36, 37)",14.294734325289921
"(24, 27, 34)",14.294330756717793
"(11, 18, 28)",14.293402330299566
"(10, 19, 46)",14.293274815877588
"(0, 24, 33)",14.292959808952613
"(3, 26, 33)",14.292450053771475
"(4, 31, 41)",14.29151788268562
"(8, 31, 41)",14.29151788268562
"(31, 38, 41)",14.29151788268562
"(31, 41, 47)",14.29151788268562
"(6, 29, 43)",14.290781967534983
"(6, 12, 17)",14.290514105363945
"(6, 9, 46)",14.289395211902562
"(28, 33, 43)",14.289332718690197
"(24, 29, 32)",14.289159333663166
"(1, 25, 31)",14.288369597421795
"(2, 13, 37)",14.286575584983634
"(17, 19, 37)",14.284602007109937
"(6, 23, 46)",14.283403562263459
"(9, 20, 27)",14.282886931195819
"(2, 5, 35)",14.282366239423844
"(10, 40, 48)",14.281977475852395
"(22, 37, 40)",14.2808606609506
"(7, 14, 31)",14.280770928997226
"(27, 39, 43)",14.28061238528607
"(11, 16, 19)",14.279869606549884
"(9, 17)",14.278964863027891
"(2, 12, 25)",14.278811550221052
"(26, 32, 37)",14.27804858240009
"(10, 15, 37)",14.277716436662022
"(20, 23, 27)",14.276895281556715
"(3, 30, 33)",14.27470524450004
"(16, 29, 39)",14.27369438315078
"(33, 35, 39)",14.272973306139662
"(0, 21, 35)",14.272110094391758
"(17, 23)",14.269977388569238
"(20, 21, 31)",14.267576402267252
"(3, 10, 32)",14.26700900283293
"(2, 10, 45)",14.266924836226478
"(27, 32, 41)",14.26591256507745
"(18, 28, 35)",14.265853328882656
"(5, 40, 49)",14.265741424680437
"(9, 11, 36)",14.264355979920104
"(6, 19, 37)",14.262729278040627
"(41, 44, 49)",14.261603920718365
"(13, 22, 31)",14.261179149438707
"(30, 32, 37)",14.260303773128655
"(9, 28, 34)",14.260167839282804
"(35, 41)",14.259048918909398
"(12, 32, 46)",14.258765080076103
"(11, 23, 36)",14.258364330281003
"(10, 13, 27)",14.255466947873433
"(23, 28, 34)",14.254176189643703
"(2, 24, 41)",14.253090356965911
"(16, 19, 35)",14.252320605132974
"(10, 19)",14.251975175386463
"(2, 11, 13)",14.250205589974717
"(0, 9, 39)",14.250076558113497
"(22, 48, 49)",14.24956099254859
"(11, 17, 19)",14.24823201210102
"(2, 16, 42)",14.2464444001773
"(6, 9)",14.246155769423925
"(1, 16, 27)",14.24530195404432
"(11, 22, 40)",14.244490665941681
"(10, 40, 43)",14.24448330565505
"(0, 23, 39)",14.244084908474395
"(24, 29, 48)",14.243923458455095
"(28, 41, 46)",14.243752149541034
"(17, 29, 39)",14.242056788701916
"(14, 41, 49)",14.241984703693428
"(11, 26, 32)",14.24167858739117
"(10, 11, 15)",14.241346441653102
"(26, 29, 44)",14.24065085471058
"(2, 33, 36)",14.240291050443489
"(33, 37, 41)",14.239462436951452
"(10, 18, 29)",14.23931990762298
"(9, 25, 27)",14.237911210881816
"(12, 16, 24)",14.237799020535578
"(2, 22, 26)",14.237774825051623
"(6, 23)",14.237168294965272
"(3, 12, 42)",14.237140340689589
"(9, 35, 36)",14.236806978503196
"(22, 29, 33)",14.235257656300242
"(0, 12, 34)",14.23478743159058
"(10, 24, 26)",14.23411773717835
"(26, 37, 48)",14.232812707192018
"(23, 25, 27)",14.231919561242714
"(23, 35, 36)",14.230815328864095
"(2, 19, 32)",14.228386376746535
"(2, 5, 28)",14.228127744072001
"(6, 11, 19)",14.226359283031709
"(29, 34, 46)",14.225648768717614
"(11, 30, 32)",14.223933778119736
"(29, 30, 44)",14.222906045439146
"(2, 13, 35)",14.222656588557808
"(21, 25, 31)",14.222600681953251
"(3, 10, 48)",14.221773127624859
"(14, 26, 29)",14.221031637685645
"(17, 19, 35)",14.22068301068411
"(3, 22, 37)",14.220656312723062
"(9, 16, 33)",14.220458331053486
"(6, 29, 39)",14.220184059632606
"(2, 22, 30)",14.220030015780189
"(0, 10, 44)",14.219010279061482
"(28, 33, 39)",14.21873481078782
"(0, 16, 26)",14.21865113827483
"(0, 21, 28)",14.217871599039917
"(37, 42, 46)",14.217400681734686
"(22, 35, 40)",14.216941664524773
"(24, 27, 36)",14.216731400586344
"(10, 24, 30)",14.216372927906916
"(30, 37, 48)",14.215067897920584
"(2, 17, 42)",14.214806805728436
"(16, 23, 33)",14.214466681414383
"(26, 32, 35)",14.214129585974263
"(10, 15, 35)",14.213797440236196
"(1, 17, 27)",14.213664359595457
"(12, 46, 48)",14.213529204868031
"(22, 43, 49)",14.212066822351245
"(24, 29, 43)",14.20642928825775
"(12, 17, 24)",14.206161426086714
"(13, 40, 49)",14.206031773814402
"(3, 5, 49)",14.2055370764529
"(9, 24, 46)",14.20504253262533
"(11, 33, 41)",14.203092441942534
"(1, 10, 12)",14.201225227820629
"(0, 16, 30)",14.200906329003395
"(12, 32)",14.200210571684238
"(0, 10, 14)",14.199391062036547
"(23, 24, 46)",14.199050882986228
"(6, 19, 35)",14.1988102816148
"(16, 19, 28)",14.198082109781133
"(35, 37, 45)",14.19692690703925
"(11, 26, 48)",14.1964427121831
"(30, 32, 35)",14.196384776702828
"(26, 37, 43)",14.195318536994673
"(15, 29, 40)",14.195192179272567
"(2, 6, 42)",14.192934076659128
"(1, 2)",14.192231659780045
"(33, 46)",14.19220329030896
"(1, 6, 27)",14.191791630526147
"(1, 9, 37)",14.191433525591595
"(5, 31, 34)",14.188832708354864
"(9, 17, 33)",14.188820736604622
"(2, 21, 46)",14.187676890004765
"(9, 23, 32)",14.187048381087653
"(0, 17, 26)",14.187013543825966
"(1, 23, 37)",14.185441875952492
"(6, 12, 24)",14.184288697017402
"(3, 11, 22)",14.184286317714145
"(3, 10, 43)",14.184278957427514
"(27, 41, 43)",14.183182519672034
"(2, 19, 48)",14.183150501538464
"(17, 23, 33)",14.18282908696552
"(9, 28, 36)",14.182568483151355
"(11, 42, 46)",14.181030686725768
"(16, 21, 27)",14.179533038575777
"(11, 30, 48)",14.178697902911665
"(19, 24, 37)",14.178376598763396
"(28, 41)",14.177691175881636
"(30, 37, 43)",14.177573727723239
"(23, 28, 36)",14.176576833512254
"(16, 29, 41)",14.176264517536744
"(12, 43, 46)",14.176035034670686
"(33, 35, 41)",14.175543440525626
"(10, 39, 40)",14.173885397752674
"(0, 32, 40)",14.173883749361538
"(10, 19, 33)",14.170827611510337
"(0, 17, 30)",14.169268734554532
"(26, 35, 48)",14.168893710766191
"(2, 13, 28)",14.168418093205965
"(6, 9, 33)",14.16694800753531
"(17, 19, 28)",14.16644451533227
"(0, 6, 26)",14.165140814756654
"(20, 46, 49)",14.16329945218338
"(32, 34, 49)",14.162740775806784
"(22, 28, 40)",14.16270316917293
"(0, 5, 27)",14.161846997040541
"(9, 10, 42)",14.161467334614372
"(0, 4, 49)",14.161360382100629
"(0, 8, 49)",14.161360382100629
"(0, 38, 49)",14.161360382100629
"(0, 47, 49)",14.161360382100629
"(6, 23, 33)",14.160956357896207
"(11, 35, 45)",14.160556912030332
"(26, 28, 32)",14.159891090622422
"(10, 15, 28)",14.159558944884353
"(11, 26, 43)",14.158948541985755
"(0, 12, 36)",14.15718807545913
"(3, 22, 35)",14.156737316297235
"(9, 12, 22)",14.156479042845922
"(10, 23, 42)",14.155475684975269
"(1, 9, 11)",14.155063530582677
"(35, 42, 46)",14.15348168530886
"(0, 9, 41)",14.152646692499461
"(30, 35, 48)",14.151148901494757
"(19, 22, 27)",14.150925049526467
"(29, 34)",14.150536104646502
"(12, 22, 23)",14.15048739320682
"(1, 11, 23)",14.149071880943573
"(34, 37, 40)",14.148804569000722
"(29, 36, 46)",14.148049412586165
"(17, 21, 27)",14.147895444126913
"(0, 6, 30)",14.14739600548522
"(4, 31, 42)",14.147008923101602
"(8, 31, 42)",14.147008923101602
"(31, 38, 42)",14.147008923101602
"(31, 42, 47)",14.147008923101602
"(0, 23, 41)",14.14665504286036
"(3, 13, 49)",14.145827425586866
"(2, 19, 43)",14.145656331341119
"(17, 29, 41)",14.14462692308788
"(6, 19, 28)",14.144571786262958
"(12, 40, 44)",14.144523152669702
"(28, 37, 45)",14.14268841168741
"(28, 30, 32)",14.142146281350987
"(11, 19, 24)",14.142006603754476
"(9, 23, 48)",14.141812505879582
"(22, 39, 49)",14.141468914448868
"(11, 30, 43)",14.14120373271432
"(0, 19, 46)",14.13994521417866
"(37, 42)",14.138163974172112
"(26, 45, 49)",14.137216256396869
"(12, 32, 33)",14.136317875708851
"(4, 12, 27)",14.13630842976788
"(8, 12, 27)",14.13630842976788
"(12, 27, 38)",14.13630842976788
"(12, 27, 47)",14.13630842976788
"(24, 29, 39)",14.135831380355373
"(10, 12, 21)",14.135456312352083
"(3, 15, 29)",14.13498783104503
"(12, 48)",14.132356758872131
"(5, 29, 37)",14.131596393625095
"(26, 35, 43)",14.131399540568847
"(13, 31, 34)",14.12912305748883
"(0, 40, 48)",14.128647874153469
"(1, 9, 35)",14.127514529165769
"(6, 21, 27)",14.126022715057603
"(9, 21, 37)",14.12566461012305
"(12, 14, 40)",14.124903935644765
"(26, 37, 39)",14.124720629092296
"(0, 15, 37)",14.124386834963094
"(6, 29, 41)",14.12275419401857
"(26, 30, 40)",14.122737919254385
"(1, 23, 35)",14.121522879526665
"(27, 32, 42)",14.121403605493434
"(28, 33, 41)",14.121304945173785
"(21, 23, 37)",14.119672960483948
"(9, 24)",14.119626750508077
"(30, 45, 49)",14.119471447125434
"(25, 46, 49)",14.118323731869381
"(34, 48, 49)",14.117504900598712
"(42, 44, 49)",14.117094961134347
"(18, 27, 46)",14.115139377464203
"(26, 28, 48)",14.11465521541435
"(19, 24, 35)",14.11445760233757
"(3, 10, 39)",14.113681049525137
"(0, 3, 32)",14.113679401134004
"(30, 35, 43)",14.113654731297412
"(0, 2, 45)",14.113595234527551
"(16, 40, 46)",14.113384773360984
"(27, 39, 41)",14.112584611769657
"(11, 34, 40)",14.112434573991804
"(23, 24)",14.110639276049424
"(12, 20, 29)",14.10909842831048
"(2, 24, 42)",14.108581397381894
"(2, 7, 37)",14.10822170968356
"(1, 24, 27)",14.107438951248914
"(11, 28, 45)",14.10631841667849
"(2, 26, 34)",14.105718733101746
"(12, 39, 46)",14.105437126768312
"(9, 23, 43)",14.104318335682237
"(29, 33, 34)",14.103201564350362
"(3, 22, 28)",14.102498820945394
"(0, 13, 27)",14.102137346174505
"(28, 42, 46)",14.099243189957019
"(15, 19, 49)",14.098345651178857
"(14, 42, 49)",14.09747574410941
"(28, 30, 48)",14.096910406142916
"(5, 11, 29)",14.095226398616177
"(33, 37, 42)",14.094953477367437
"(12, 18, 37)",14.094027436921724
"(2, 16, 44)",14.093622863929877
"(2, 21)",14.09357828657723
"(0, 40, 43)",14.091153703956124
"(12, 33, 48)",14.091082000500782
"(2, 9, 18)",14.090314667454091
"(9, 11, 21)",14.089294615114131
"(3, 34, 37)",14.088600220773184
"(11, 26, 39)",14.088350634083378
"(0, 11, 15)",14.088016839954175
"(2, 30, 34)",14.087973923830312
"(0, 18, 29)",14.085990305924053
"(32, 36, 49)",14.085141419675335
"(34, 35, 40)",14.084885572574896
"(2, 18, 23)",14.084323017814988
"(3, 12, 44)",14.084318804442166
"(11, 42)",14.083608981658735
"(11, 21, 23)",14.083302965475028
"(7, 22, 31)",14.082825274138631
"(9, 24, 33)",14.08259532825808
"(17, 40, 46)",14.08174717891212
"(0, 24, 26)",14.080788135479423
"(34, 43, 49)",14.080010730401368
"(28, 35, 45)",14.078769415261583
"(26, 28, 43)",14.077161045217006
"(7, 10, 27)",14.077113072573358
"(23, 24, 33)",14.076603678618977
"(10, 40, 41)",14.076455532138638
"(12, 43)",14.076115503576114
"(2, 19, 39)",14.075058423438742
"(2, 14, 16)",14.074003646904941
"(3, 19, 40)",14.073702010543704
"(13, 29, 37)",14.07188674275906
"(2, 7, 11)",14.071851714674642
"(36, 37, 40)",14.071205212869272
"(0, 3, 48)",14.068443525925932
"(5, 29, 35)",14.067677397199269
"(2, 21, 33)",14.065229685637515
"(3, 12, 14)",14.06469958741723
"(37, 44, 46)",14.064579145487263
"(12, 25, 29)",14.064122707996479
"(0, 24, 30)",14.063043326207989
"(3, 26, 30)",14.062533571026849
"(2, 17, 44)",14.061985269481013
"(9, 21, 35)",14.061745613697223
"(26, 35, 39)",14.06080163266647
"(0, 15, 35)",14.060467838537267
"(19, 24, 28)",14.060219106985727
"(6, 40, 46)",14.05987444984281
"(28, 30, 43)",14.059416235945571
"(11, 33, 42)",14.058583482358518
"(11, 12, 18)",14.057657441912806
"(20, 49)",14.057012129845157
"(15, 20, 31)",14.055934146412763
"(21, 23, 35)",14.055753964058121
"(12, 33, 43)",14.053587830303437
"(20, 27, 40)",14.053366169136067
"(3, 16, 46)",14.053180425133448
"(10, 29, 45)",14.052235994001904
"(3, 11, 34)",14.052230225764268
"(0, 1, 12)",14.0478956261217
"(14, 37, 46)",14.044959928462326
"(2, 7, 35)",14.044302713257734
"(22, 41, 49)",14.044039048834833
"(2, 14, 17)",14.042366052456078
"(35, 42)",14.042285479533373
"(21, 24, 27)",14.04167003578037
"(20, 33, 49)",14.040852247816131
"(2, 6, 44)",14.040112540411705
"(36, 48, 49)",14.039905544467263
"(27, 42, 43)",14.038673560088018
"(24, 29, 41)",14.038401514741338
"(11, 13, 29)",14.035516747750142
"(11, 36, 40)",14.034835217860353
"(29, 36)",14.03413707044933
"(9, 23, 39)",14.03372042777986
"(16, 29, 42)",14.031755557952728
"(33, 35, 42)",14.03103448094161
"(0, 3, 43)",14.030949355728588
"(28, 34, 40)",14.030647077223053
"(12, 18, 35)",14.030108440495898
"(11, 44, 46)",14.028209150478345
"(2, 26, 36)",14.028119376970297
"(26, 37, 41)",14.02729076347826
"(29, 33, 36)",14.025602208218913
"(3, 34, 35)",14.024681224347358
"(9, 12, 34)",14.024422950896044
"(22, 26, 29)",14.02308598282705
"(0, 19)",14.021980772838074
"(3, 17, 46)",14.021542830684584
"(0, 39, 40)",14.020555796053747
"(2, 6, 14)",14.020493323386768
"(19, 27, 34)",14.018868957576588
"(12, 23, 34)",14.018431301256943
"(0, 19, 33)",14.017498009811408
"(3, 10, 41)",14.016251183911102
"(19, 29, 32)",14.013697534521963
"(5, 28, 29)",14.013438901847428
"(3, 36, 37)",14.011000864641737
"(15, 25, 31)",14.01095842609876
"(2, 30, 36)",14.010374567698863
"(30, 37, 41)",14.009545954206827
"(34, 39, 49)",14.009412822498991
"(9, 10, 44)",14.008645798366949
"(11, 14, 46)",14.008589933453408
"(33,)",14.008532483758085
"(25, 27, 40)",14.008390448822064
"(9, 16, 26)",14.008286657580294
"(0, 9, 42)",14.008137732915444
"(12, 41, 46)",14.008007261154276
"(13, 29, 35)",14.007967746333234
"(9, 21, 28)",14.007507118345382
"(35, 36, 40)",14.007286216443445
"(26, 28, 39)",14.006563137314629
"(0, 15, 28)",14.006229343185424
"(22, 29, 30)",14.005341173555616
"(10, 23, 44)",14.002654148727846
"(36, 43, 49)",14.002411374269919
"(16, 23, 26)",14.002295007941193
"(0, 23, 42)",14.002146083276344
"(1, 5, 31)",14.001940902885986
"(21, 23, 28)",14.00151546870628
"(0, 10, 22)",14.001445407177952
"(35, 44, 46)",14.000660149061437
"(17, 29, 42)",14.000117963503865
"(3, 6, 46)",13.999670101615274
"(25, 33, 49)",13.99587652750213
"(4, 31, 44)",13.994187386854179
"(8, 31, 44)",13.994187386854179
"(31, 38, 44)",13.994187386854179
"(31, 44, 47)",13.994187386854179
"(3, 20, 27)",13.99316182090853
"(18, 27, 33)",13.992692173096952
"(2, 5, 12)",13.992382855685243
"(16, 33, 40)",13.990937568993735
"(11, 26, 41)",13.990920768469342
"(9, 16, 30)",13.99054184830886
"(2, 7, 28)",13.990064217905893
"(25, 49)",13.989548549374154
"(9, 10, 14)",13.989026581342014
"(18, 27)",13.984772017766389
"(16, 23, 30)",13.984550198669758
"(10, 14, 23)",13.98303493170291
"(12, 33, 39)",13.98298992240106
"(16, 40)",13.98214011161156
"(0, 12, 21)",13.982126710653157
"(14, 35, 46)",13.9810409320365
"(10, 16, 17)",13.978626312519616
"(6, 29, 42)",13.978245234434553
"(2, 19, 41)",13.977628557824707
"(28, 33, 42)",13.976795985589767
"(9, 17, 26)",13.97664906313143
"(2, 15, 46)",13.976034634150274
"(12, 18, 28)",13.975869945144057
"(1, 32, 49)",13.975848970337905
"(24, 40, 46)",13.975521770565578
"(3, 11, 36)",13.974630869632819
"(4, 14, 31)",13.974568169829244
"(8, 14, 31)",13.974568169829244
"(14, 31, 38)",13.974568169829244
"(14, 31, 47)",13.974568169829244
"(11, 30, 41)",13.973175959197908
"(21, 29, 46)",13.972988047780191
"(17, 23, 26)",13.97065741349233
"(3, 28, 34)",13.970442728995517
"(12, 39)",13.97021864172255
"(19, 29, 48)",13.968461659313892
"(27, 39, 42)",13.96807565218564
"(15, 16, 27)",13.967890782721286
"(9, 32, 40)",13.963519268667005
"(26, 35, 41)",13.963371767052434
"(16, 18, 49)",13.962583337012667
"(12, 16, 19)",13.962337221394375
"(1, 37, 40)",13.961912763531842
"(28, 42)",13.96092773650561
"(0, 3, 39)",13.960351447826211
"(17, 33, 40)",13.959299974544871
"(9, 17, 30)",13.958904253859997
"(10, 19, 26)",13.958655938037147
"(2, 10, 20)",13.95838915417255
"(23, 32, 40)",13.957527619027902
"(6, 10, 16)",13.956753583450306
"(2, 24, 44)",13.95575986113447
"(6, 9, 26)",13.954776334062121
"(13, 28, 29)",13.953729250981393
"(28, 36, 40)",13.953047721091604
"(17, 23, 30)",13.952912604220895
"(5, 9, 27)",13.951482516346006
"(4, 9, 49)",13.950995901406095
"(8, 9, 49)",13.950995901406095
"(9, 38, 49)",13.950995901406095
"(9, 47, 49)",13.950995901406095
"(7, 31, 34)",13.950769182188754
"(14, 27, 32)",13.948962852221074
"(6, 23, 26)",13.948784684423018
"(3, 25, 27)",13.94818610059453
"(3, 35, 36)",13.94708186821591
"(9, 12, 36)",13.946823594764595
"(28, 44, 46)",13.946421653709596
"(30, 35, 41)",13.945626957781
"(5, 23, 27)",13.945490866706905
"(4, 23, 49)",13.945004251766992
"(8, 23, 49)",13.945004251766992
"(23, 38, 49)",13.945004251766992
"(23, 47, 49)",13.945004251766992
"(14, 44, 49)",13.944654207861987
"(1, 13, 31)",13.942231252019951
"(33, 37, 44)",13.942131941120014
"(19, 27, 36)",13.94126960144514
"(10, 19, 30)",13.940911128765713
"(12, 23, 36)",13.940831945125494
"(6, 33, 40)",13.93742724547556
"(6, 9, 30)",13.937031524790687
"(9, 23, 41)",13.936290562165825
"(15, 17, 27)",13.936253188272422
"(5, 21, 31)",13.936171987417442
"(2, 14, 24)",13.936140644109535
"(17, 40)",13.934683719938265
"(2, 12, 13)",13.932673204819208
"(10, 40, 42)",13.931946572554622
"(36, 39, 49)",13.931813466367542
"(6, 23, 30)",13.931039875151583
"(19, 29, 43)",13.930967489116547
"(17, 18, 49)",13.930945742563804
"(3, 16, 33)",13.930733220766196
"(12, 17, 19)",13.930699626945511
"(1, 48, 49)",13.930613095129834
"(9, 19, 46)",13.929580733484126
"(27, 45, 46)",13.928055463843128
"(12, 22, 40)",13.926958280786172
"(14, 28, 46)",13.926802436684659
"(1, 11, 40)",13.925542768522924
"(6, 10, 17)",13.925115989001442
"(12, 26, 32)",13.924146202235661
"(10, 12, 15)",13.923814056497593
"(0, 7, 27)",13.923783470874431
"(19, 23, 46)",13.923589083845023
"(0, 40, 41)",13.923125930439712
"(14, 33, 37)",13.922512724095077
"(1, 2, 26)",13.918826927632868
"(26, 33, 46)",13.918808014652143
"(9, 40, 48)",13.918283393458934
"(16, 32, 37)",13.916331749394814
"(3, 24, 46)",13.915317422338042
"(6, 15, 27)",13.914380459203112
"(9, 15, 37)",13.91402235426856
"(2, 10, 25)",13.913413433858548
"(23, 40, 48)",13.912291743819832
"(34, 41, 49)",13.911982956884955
"(21, 32, 49)",13.910080054869361
"(26, 28, 41)",13.909133271700593
"(6, 18, 49)",13.909073013494494
"(37, 44)",13.908931669800978
"(6, 12, 19)",13.9088268978762
"(15, 23, 37)",13.908030704629457
"(12, 37, 45)",13.906943523300649
"(12, 30, 32)",13.906401392964227
"(11, 33, 44)",13.905761946111095
"(3, 9, 32)",13.903314920439469
"(2, 9, 45)",13.903230753833016
"(6, 40)",13.901874626334301
"(1, 3, 37)",13.901708415304306
"(1, 2, 30)",13.901082118361433
"(30, 33, 46)",13.901063205380709
"(22, 42, 49)",13.899530089250817
"(3, 17, 33)",13.899095626317333
"(0, 29, 45)",13.898906392302976
"(1, 35, 40)",13.897993767106016
"(3, 23, 32)",13.897323270800367
"(2, 23, 45)",13.897239104193915
"(21, 37, 40)",13.896143848063298
"(24, 29, 42)",13.893892555157322
"(7, 29, 37)",13.893532867458987
"(10, 32, 46)",13.8933669637136
"(1, 43, 49)",13.89311892493249
"(3, 28, 36)",13.892843372864068
"(3, 16)",13.891833589270256
"(9, 13, 27)",13.891772865479972
"(28, 30, 41)",13.891388462429159
"(26, 29, 34)",13.891029890877173
"(20, 35, 37)",13.888391224985323
"(11, 14, 33)",13.886142729086156
"(27, 43, 44)",13.885852023840595
"(13, 23, 27)",13.885781215840868
"(12, 33, 41)",13.885560056787025
"(17, 32, 37)",13.88469415494595
"(26, 37, 42)",13.882781803894243
"(9, 40, 43)",13.880789223261589
"(11, 16, 32)",13.879961754385896
"(14, 37)",13.879502844263573
"(16, 29, 44)",13.878934021705305
"(12, 26, 48)",13.87891032702759
"(33, 35, 44)",13.878212944694187
"(9, 11, 15)",13.87765235925964
"(3, 6, 33)",13.877222897248025
"(13, 21, 31)",13.876462336551407
"(2, 16, 22)",13.876057992046347
"(9, 18, 29)",13.875625825229518
"(23, 40, 43)",13.874797573622487
"(26, 46)",13.873945780099174
"(29, 30, 34)",13.873285081605738
"(10, 16, 24)",13.872400904173073
"(3, 10, 42)",13.871742224327086
"(11, 15, 23)",13.871660709620539
"(16, 37, 48)",13.871095874186743
"(27, 41, 42)",13.870645786571604
"(11, 12, 45)",13.87057352829173
"(9, 24, 26)",13.870423654784888
"(1, 29)",13.870198396443184
"(18, 23, 29)",13.869634175590416
"(0, 10, 34)",13.869389315228075
"(3, 12, 22)",13.866753932558636
"(14, 27, 43)",13.866232806815658
"(1, 3, 11)",13.865338420295387
"(30, 37, 42)",13.865036994622809
"(21, 48, 49)",13.86484417966129
"(23, 24, 26)",13.864432005145787
"(12, 42, 46)",13.863498301570258
"(0, 3, 41)",13.862921582212175
"(6, 32, 37)",13.86282142587664
"(12, 30, 48)",13.861165517756156
"(2, 18, 40)",13.86079390539434
"(19, 29, 39)",13.86036958121417
"(11, 21, 40)",13.85977385305438
"(14, 16, 29)",13.859314804680368
"(14, 33, 35)",13.85859372766925
"(3, 9, 48)",13.858079045231397
"(7, 11, 29)",13.857162872450068
"(0, 9, 44)",13.85531619666802
"(11, 44)",13.8543766772876
"(2, 15, 33)",13.853587429783023
"(24, 33, 40)",13.853074566198329
"(2, 21, 26)",13.853058012164324
"(9, 24, 30)",13.852678845513454
"(16, 32, 35)",13.852412752968988
"(3, 23, 48)",13.852087395592296
"(11, 20, 35)",13.852021229976405
"(21, 29, 33)",13.85054084341294
"(9, 15, 35)",13.850103357842734
"(0, 23, 44)",13.849324547028921
"(11, 17, 32)",13.848324159937032
"(10, 46, 48)",13.848131088505529
"(30, 46)",13.847328566192022
"(17, 29, 44)",13.847296427256442
"(22, 37, 46)",13.847014273603733
"(23, 24, 30)",13.846687195874352
"(11, 26, 42)",13.846411808885325
"(2, 17, 22)",13.844420397597483
"(3, 17)",13.84437719759696
"(15, 23, 35)",13.84411170820363
"(25, 35, 37)",13.84341550467132
"(12, 35, 45)",13.843024526874823
"(12, 26, 43)",13.841416156830245
"(10, 17, 24)",13.84076330972421
"(17, 37, 48)",13.83945827973788
"(1, 3, 35)",13.83778941887848
"(1, 9, 12)",13.837531145427167
"(3, 21, 37)",13.835939499835764
"(0, 9, 14)",13.835696979643085
"(2, 21, 30)",13.83531320289289
"(11, 16, 48)",13.834725879177824
"(36, 41, 49)",13.834383600753506
"(20, 28, 37)",13.83415272963348
"(16, 37, 43)",13.833601703989398
"(2, 19, 42)",13.833119598240689
"(21, 35, 40)",13.832224851637472
"(1, 19, 27)",13.83197715210771
"(5, 46, 49)",13.83189503733357
"(1, 12, 23)",13.831539495788064
"(15, 24, 27)",13.83002777992588
"(0, 14, 23)",13.829705330003982
"(7, 29, 35)",13.82961387103316
"(20, 26, 49)",13.82868057434294
"(11, 30, 42)",13.82866699961389
"(14, 17, 29)",13.827677210231505
"(21, 43, 49)",13.827350009463945
"(6, 11, 32)",13.82645143086772
"(6, 29, 44)",13.82542369818713
"(0, 16, 17)",13.82529671082069
"(11, 14)",13.824947851750196
"(18, 24, 49)",13.824720334217261
"(12, 19, 24)",13.824474218598967
"(12, 41)",13.824073843301496
"(28, 33, 44)",13.823974449342344
"(12, 30, 43)",13.823671347558811
"(2, 6, 22)",13.822547668528173
"(1, 39, 49)",13.822521017030112
"(17, 32, 35)",13.820775158520124
"(3, 9, 43)",13.820584875034053
"(6, 10, 24)",13.8188905806549
"(26, 35, 42)",13.818862807468417
"(6, 37, 48)",13.817585550668568
"(18, 31, 45)",13.81538271236389
"(27, 39, 44)",13.815254115938217
"(3, 23, 43)",13.814593225394951
"(26, 29, 36)",13.813430534745724
"(35, 44)",13.813053175162239
"(3, 6)",13.811568103992997
"(20, 30, 49)",13.810935765071505
"(11, 22, 46)",13.810644278594815
"(10, 43, 46)",13.810636918308184
"(9, 39, 40)",13.810191315359212
"(16, 35, 48)",13.807176877760917
"(9, 19, 33)",13.807133529116875
"(11, 25, 35)",13.807045509662402
"(6, 14, 29)",13.805804481162195
"(27, 33, 45)",13.805608259475878
"(0, 19, 26)",13.805326336338219
"(0, 2, 20)",13.805059552473624
"(14, 28, 33)",13.804355232317409
"(23, 39, 40)",13.80419966572011
"(0, 6, 16)",13.803423981751378
"(11, 17, 48)",13.803088284728961
"(2, 4, 37)",13.802018950515578
"(2, 8, 37)",13.802018950515578
"(2, 37, 38)",13.802018950515578
"(2, 37, 47)",13.802018950515578
"(17, 37, 43)",13.801964109540535
"(19, 23, 33)",13.801141879477772
"(30, 35, 42)",13.801117998196982
"(2, 3, 18)",13.800589557166804
"(3, 11, 21)",13.799569504826845
"(6, 32, 35)",13.798902429450813
"(16, 28, 32)",13.798174257617145
"(11, 20, 28)",13.797782734624562
"(11, 16, 43)",13.79723170898048
"(9, 15, 28)",13.795864862490891
"(29, 30, 36)",13.79568572547429
"(14, 27, 39)",13.795634898913281
"(12, 34, 40)",13.794902188836295
"(3, 24, 33)",13.79287021797079
"(0, 10, 36)",13.791789959096626
"(9, 23, 42)",13.791781602581807
"(9, 10, 22)",13.791080926483419
"(15, 23, 28)",13.789873212851788
"(25, 28, 37)",13.789177009319479
"(12, 28, 45)",13.788786031522982
"(0, 19, 30)",13.787581527066784
"(10, 22, 23)",13.785089276844317
"(25, 26, 49)",13.78370485402894
"(14, 35)",13.783624349624834
"(2, 32, 48)",13.783242649374477
"(22, 35, 46)",13.783095277177907
"(6, 11, 48)",13.78121555565965
"(18, 26, 27)",13.780520499623762
"(6, 37, 43)",13.780091380471223
"(10, 40, 44)",13.7791250363072
"(16, 26, 40)",13.778765895520543
"(0, 40, 42)",13.778616970855694
"(24, 32, 37)",13.778468746599408
"(21, 28, 40)",13.77798635628563
"(5, 12, 29)",13.777694013460668
"(4, 22, 31)",13.776622514970649
"(8, 22, 31)",13.776622514970649
"(22, 31, 38)",13.776622514970649
"(2, 15)",13.776114902795493
"(17, 35, 48)",13.775539283312053
"(16, 45, 49)",13.775499423391592
"(7, 28, 29)",13.775375375681318
"(24, 40)",13.775345607418451
"(13, 46, 49)",13.772185386467534
"(3, 21, 35)",13.772020503409937
"(0, 6, 17)",13.771786387302514
"(9, 12, 21)",13.771762229958622
"(21, 29)",13.77154502324037
"(10, 32, 33)",13.770919759346349
"(4, 10, 27)",13.770910313405375
"(10, 27, 38)",13.770910313405375
"(10, 27, 47)",13.770910313405375
"(12, 26, 39)",13.770818248927869
"(0, 12, 15)",13.770484454798666
"(20, 28, 35)",13.770233733207654
"(16, 35, 43)",13.769682707563572
"(34, 42, 49)",13.76747399730094
"(17, 28, 32)",13.766536663168282
"(19, 21, 27)",13.766208236639166
"(25, 30, 49)",13.765960044757506
"(12, 21, 23)",13.765770580319519
"(2, 4, 11)",13.76564895550666
"(2, 8, 11)",13.76564895550666
"(2, 11, 38)",13.76564895550666
"(2, 11, 47)",13.76564895550666
"(11, 17, 43)",13.765594114531616
"(26, 28, 42)",13.764624312116577
"(1, 7, 31)",13.763877376719876
"(16, 37, 39)",13.763003796087022
"(19, 29, 41)",13.762939715600135
"(18, 27, 30)",13.762775690352328
"(15, 29, 46)",13.7613457919257
"(16, 30, 40)",13.761021086249109
"(0, 2, 25)",13.760083832159621
"(10, 14, 40)",13.759505819282262
"(21, 39, 49)",13.756752101561569
"(2, 7, 12)",13.754319329519133
"(6, 35, 48)",13.753666554242741
"(16, 28, 48)",13.752938382409074
"(11, 25, 28)",13.75280701431056
"(22, 27, 32)",13.75101719736248
"(3, 9, 39)",13.749986967131676
"(17, 26, 40)",13.74712830107168
"(28, 30, 42)",13.746879502845143
"(22, 44, 49)",13.746708553003394
"(2, 32, 43)",13.745748479177132
"(6, 28, 32)",13.744663934098972
"(2, 16, 34)",13.74400190009647
"(3, 23, 39)",13.743995317492574
"(17, 45, 49)",13.743861828942729
"(6, 11, 43)",13.743721385462305
"(10, 20, 29)",13.743700311947975
"(11, 24, 32)",13.74209875159049
"(24, 29, 44)",13.7410710189099
"(12, 33, 42)",13.741051097203009
"(10, 39, 46)",13.740039010405807
"(0, 32, 46)",13.740037362014672
"(2, 22, 24)",13.73819498925094
"(2, 4, 35)",13.738099954089751
"(2, 8, 35)",13.738099954089751
"(2, 35, 38)",13.738099954089751
"(2, 35, 47)",13.738099954089751
"(17, 35, 43)",13.738045113114708
"(3, 12, 34)",13.734697840608758
"(24, 37, 48)",13.733232871391337
"(28, 44)",13.731695432134476
"(17, 37, 39)",13.731366201638158
"(26, 37, 44)",13.72996026764682
"(17, 30, 40)",13.729383491800245
"(22, 28, 46)",13.728856781826064
"(10, 18, 37)",13.728629320559222
"(14, 22, 49)",13.727089335978457
"(11, 16, 39)",13.726633801078103
"(10, 33, 48)",13.725683884138277
"(25, 28, 35)",13.725258012893653
"(6, 26, 40)",13.72525557200237
"(1, 41, 49)",13.725091151416077
"(22, 33, 37)",13.724567069236482
"(5, 15, 31)",13.724529731562951
"(6, 45, 49)",13.721989099873419
"(5, 27, 40)",13.721961754286255
"(4, 40, 49)",13.721475139346344
"(8, 40, 49)",13.721475139346344
"(38, 40, 49)",13.721475139346344
"(40, 47, 49)",13.721475139346344
"(14, 24, 29)",13.721451801884962
"(17, 28, 48)",13.72130078796021
"(0, 16, 24)",13.719071302474147
"(3, 10, 44)",13.718920688079663
"(3, 16, 26)",13.718561547293007
"(0, 3, 42)",13.718412622628158
"(12, 13, 29)",13.717984362594633
"(27, 41, 44)",13.717824250324181
"(3, 21, 28)",13.717782008058094
"(12, 36, 40)",13.717302832704844
"(6, 35, 43)",13.716172384045397
"(16, 28, 43)",13.715444212211729
"(34, 37, 46)",13.714958181653856
"(24, 32, 35)",13.714549750173582
"(7, 9, 27)",13.713418990179896
"(9, 40, 41)",13.712761449745177
"(2, 17, 34)",13.712364305647606
"(30, 37, 44)",13.712215458375386
"(12, 44, 46)",13.710676765322836
"(14, 26, 37)",13.710341050621885
"(6, 37, 39)",13.709493472568846
"(5, 33, 49)",13.709447832966319
"(6, 30, 40)",13.707510762730935
"(7, 23, 27)",13.707427340540795
"(23, 40, 41)",13.706769800106075
"(9, 19)",13.706434051796272
"(27, 45)",13.704146147334775
"(1, 26, 29)",13.704138085408294
"(14, 28)",13.702266606597071
"(3, 16, 30)",13.700816738021572
"(2, 43, 48)",13.700512603969061
"(19, 40, 46)",13.700059971424373
"(6, 28, 48)",13.6994280588909
"(3, 10, 14)",13.699301471054726
"(16, 35, 39)",13.699084799661195
"(10, 25, 29)",13.698724591633976
"(15, 32, 49)",13.69843779901487
"(14, 27, 41)",13.698205033299246
"(7, 21, 31)",13.698108461251332
"(19, 23)",13.697446577337619
"(11, 24, 48)",13.696862876382419
"(24, 37, 43)",13.695738701193992
"(11, 17, 39)",13.69499620662924
"(0, 46, 48)",13.6948014868066
"(11, 26, 44)",13.693590272637902
"(10, 11, 18)",13.692259325550301
"(12, 14, 46)",13.691057548297898
"(2, 6, 34)",13.690491576578296
"(26, 33)",13.690274973548298
"(36, 42, 49)",13.689874641169489
"(26, 30, 46)",13.688891531907519
"(9, 29, 45)",13.688541911608443
"(11, 22, 33)",13.688197074227563
"(10, 33, 43)",13.688189713940933
"(0, 17, 24)",13.687433708025283
"(3, 17, 26)",13.686923952844143
"(1, 29, 30)",13.68639327613686
"(3, 24)",13.685039085077147
"(15, 37, 40)",13.684501592208807
"(2, 4, 28)",13.683861458737908
"(2, 8, 28)",13.683861458737908
"(2, 28, 38)",13.683861458737908
"(2, 28, 47)",13.683861458737908
"(17, 28, 43)",13.683806617762865
"(23, 29, 45)",13.68255026196934
"(0, 1, 10)",13.682497509759196
"(2, 19, 44)",13.680298061993266
"(11, 34, 46)",13.678588186644937
"(11, 30, 44)",13.675845463366468
"(2, 32, 39)",13.675150571274756
"(11, 14, 26)",13.673971055612967
"(3, 32, 40)",13.673794158379717
"(2, 40, 45)",13.673709991773265
"(12, 26, 41)",13.673388383313833
"(6, 11, 39)",13.673123477559928
"(24, 35, 48)",13.66931387496551
"(3, 17, 30)",13.669179143572709
"(22, 27, 43)",13.668287151957063
"(17, 35, 39)",13.667447205212332
"(2, 16, 36)",13.66640254396502
"(26, 35, 44)",13.666041271220994
"(16, 37, 41)",13.665573930472986
"(0, 6, 24)",13.665560978955972
"(3, 6, 26)",13.665051223774833
"(13, 15, 31)",13.664820080696916
"(10, 18, 35)",13.664710324133395
"(30, 33)",13.663657759641147
"(13, 27, 40)",13.66225210342022
"(6, 28, 43)",13.661933888693556
"(3, 5, 27)",13.661757406058719
"(16, 22, 29)",13.661369149821773
"(3, 4, 49)",13.661270791118808
"(3, 8, 49)",13.661270791118808
"(3, 38, 49)",13.661270791118808
"(3, 47, 49)",13.661270791118808
"(2, 14, 19)",13.66067884496833
"(22, 33, 35)",13.660648072810655
"(24, 28, 32)",13.660311254821739
"(11, 24, 43)",13.659368706185074
"(21, 41, 49)",13.659322235947533
"(9, 10, 34)",13.659024834533541
"(0, 43, 46)",13.657307316609256
"(3, 12, 36)",13.65709848447731
"(12, 30, 41)",13.655643574042399
"(15, 48, 49)",13.6532019238068
"(10, 23, 34)",13.653033184894438
"(3, 9, 41)",13.65255710151764
"(10, 32)",13.652113397140482
"(34, 35, 46)",13.65103918522803
"(13, 33, 49)",13.649738182100284
"(30, 35, 44)",13.64829646194956
"(11, 15, 40)",13.648131597199889
"(3, 6, 30)",13.647306414503399
"(3, 23, 41)",13.646565451878539
"(14, 26, 35)",13.646422054196059
"(18, 29, 40)",13.646105063169767
"(6, 35, 39)",13.64557447614302
"(16, 28, 39)",13.644846304309352
"(4, 31, 34)",13.644566423020771
"(8, 31, 34)",13.644566423020771
"(31, 34, 38)",13.644566423020771
"(31, 34, 47)",13.644566423020771
"(10, 41, 46)",13.642609144791772
"(2, 15, 26)",13.641415756309833
"(24, 26, 40)",13.640902892725137
"(3, 19, 46)",13.639855623196837
"(9, 23, 44)",13.638960066334384
"(15, 29, 33)",13.638898587558451
"(21, 26, 29)",13.63836916993975
"(0, 9, 22)",13.63775132478449
"(24, 45, 49)",13.637636420596188
"(36, 37, 46)",13.637358825522405
"(2, 17, 36)",13.634764949516157
"(17, 37, 41)",13.633936336024123
"(24, 35, 43)",13.631819704768166
"(0, 22, 23)",13.631759675145389
"(2, 39, 48)",13.629914696066685
"(17, 22, 29)",13.62973155537291
"(11, 16, 41)",13.629203935464067
"(3, 40, 48)",13.628558283171646
"(2, 5, 10)",13.626984739322738
"(0, 40, 44)",13.625795434608271
"(24, 37, 39)",13.625140793291616
"(3, 15, 37)",13.624297243981271
"(2, 15, 30)",13.623670947038399
"(24, 30, 40)",13.623158083453703
"(21, 29, 30)",13.620624360668316
"(15, 35, 40)",13.620582595782981
"(20, 27, 46)",13.6195197817892
"(9, 14, 23)",13.619340849309449
"(27, 32, 34)",13.618961105412602
"(19, 29, 42)",13.618430756016117
"(10, 33, 39)",13.617591806038556
"(0, 32, 33)",13.61759015764742
"(0, 4, 27)",13.617580711706449
"(0, 8, 27)",13.617580711706449
"(0, 27, 38)",13.617580711706449
"(0, 27, 47)",13.617580711706449
"(0, 10, 21)",13.616728594290652
"(15, 43, 49)",13.615707753609454
"(24, 28, 48)",13.615075379613668
"(9, 16, 17)",13.614932230126154
"(34, 44, 49)",13.614652461053517
"(2, 3, 45)",13.613505643545729
"(17, 28, 39)",13.613208709860489
"(2, 6, 36)",13.612892220446847
"(6, 37, 41)",13.61206360695481
"(26, 28, 44)",13.611802775869155
"(11, 31, 37)",13.611685907964775
"(10, 18, 28)",13.610471828781552
"(16, 17, 23)",13.608940580487051
"(1, 12, 40)",13.608010383367414
"(6, 22, 29)",13.6078588263036
"(12, 42)",13.60731040392547
"(22, 28, 33)",13.606409577458813
"(0, 14, 40)",13.606176217583334
"(2, 24, 34)",13.606138897301063
"(3, 13, 27)",13.602047755192682
"(16, 35, 41)",13.60165493404716
"(11, 36, 46)",13.600988830513487
"(12, 20, 37)",13.598407841246722
"(22, 27, 39)",13.597689244054687
"(11, 17, 41)",13.597566341015204
"(10, 16, 19)",13.596939105031868
"(28, 34, 46)",13.596800689876186
"(14, 34, 49)",13.59503324402858
"(9, 19, 26)",13.594961855643685
"(2, 9, 20)",13.594695071779089
"(28, 30, 44)",13.59405796659772
"(26, 27, 45)",13.593436586002687
"(6, 9, 16)",13.593059501056844
"(33, 34, 37)",13.592510977286604
"(2, 39, 43)",13.59242052586934
"(14, 26, 28)",13.592183558844217
"(6, 28, 39)",13.591335980791179
"(3, 40, 43)",13.591064112974301
"(0, 20, 29)",13.590370710249049
"(19, 23, 26)",13.588970206004582
"(11, 24, 39)",13.588770798282697
"(2, 20, 23)",13.588703422139986
"(12, 33, 44)",13.588229560955586
"(3, 11, 15)",13.587927248972354
"(4, 29, 37)",13.587330108291003
"(8, 29, 37)",13.587330108291003
"(29, 37, 38)",13.587330108291003
"(29, 37, 47)",13.587330108291003
"(6, 16, 23)",13.587067851417743
"(0, 39, 46)",13.58670940870688
"(3, 18, 29)",13.58590071494223
"(10, 48)",13.584259584328375
"(22, 37)",13.582584361975682
"(9, 10, 36)",13.581425478402092
"(3, 24, 26)",13.5806985444976
"(1, 42, 49)",13.58058219183206
"(2, 32, 41)",13.57772070566072
"(19, 33, 40)",13.577612767057124
"(24, 28, 43)",13.577581209416323
"(9, 19, 30)",13.577217046372251
"(6, 11, 41)",13.575693611945892
"(27, 30, 45)",13.575691776731253
"(10, 23, 36)",13.57543382876299
"(0, 18, 37)",13.575299718860293
"(25, 27, 46)",13.574544061475198
"(35, 36, 46)",13.573439829096579
"(27, 42, 44)",13.573315290740165
"(0, 33, 48)",13.57235428243935
"(19, 23, 30)",13.571225396733148
"(17, 35, 41)",13.570017339598296
"(12, 14, 33)",13.568610343930647
"(29, 32, 48)",13.568553807149904
"(9, 40, 42)",13.56825249016116
"(2, 10, 13)",13.567275088456704
"(26, 30, 33)",13.566444327540268
"(15, 28, 40)",13.56634410043114
"(0, 3, 44)",13.565591086380735
"(10, 17, 19)",13.565301510583005
"(3, 24, 30)",13.562953735226166
"(12, 16, 32)",13.562429369230387
"(23, 40, 42)",13.562260840522057
"(11, 12, 20)",13.562037846237804
"(10, 22, 40)",13.561560164423668
"(6, 9, 17)",13.56142190660798
"(24, 35, 39)",13.561221796865789
"(3, 15, 35)",13.560378247555445
"(9, 12, 15)",13.560119974104131
"(5, 49)",13.55990550757044
"(10, 26, 32)",13.558748085873159
"(1, 2, 16)",13.55711009462759
"(16, 33, 46)",13.557091181646868
"(5, 35, 37)",13.55698681013551
"(11, 33, 34)",13.556140982277686
"(6, 17, 23)",13.55543025696888
"(15, 19, 27)",13.554565980784675
"(12, 15, 23)",13.55412832446503
"(14, 27, 42)",13.55369607371523
"(12, 25, 37)",13.553432120932719
"(4, 11, 29)",13.550960113282084
"(8, 11, 29)",13.550960113282084
"(11, 29, 38)",13.550960113282084
"(11, 29, 47)",13.550960113282084
"(2, 9, 25)",13.549719351465086
"(18, 19, 49)",13.549258535076058
"(6, 35, 41)",13.548144610528984
"(1, 3, 12)",13.547806035139878
"(16, 28, 41)",13.547416438695317
"(0, 3, 14)",13.5459718693558
"(0, 25, 29)",13.545394989935048
"(15, 39, 49)",13.545109845707078
"(2, 23, 25)",13.543727701825985
"(6, 10, 19)",13.543428781513697
"(12, 21, 40)",13.54224146789887
"(10, 37, 45)",13.541545406938145
"(27, 32, 36)",13.541361749281153
"(10, 30, 32)",13.541003276601725
"(7, 12, 29)",13.53963048729456
"(0, 11, 18)",13.538929723851375
"(36, 44, 49)",13.537053104922066
"(27, 34, 43)",13.536231060007186
"(0, 33, 43)",13.534860112242006
"(12, 20, 35)",13.534488844820896
"(29, 32, 43)",13.531059636952559
"(12, 17, 32)",13.530791774781523
"(9, 32, 46)",13.529672881320138
"(16, 29, 34)",13.529313057871896
"(12, 26, 42)",13.528879423729816
"(33, 34, 35)",13.528591980860778
"(2, 24, 36)",13.528539541169614
"(11, 22)",13.528029369462304
"(10, 43)",13.528018329032358
"(24, 37, 41)",13.52771092767758
"(1, 2, 17)",13.525472500178727
"(17, 33, 46)",13.525453587198005
"(23, 32, 46)",13.523681231681035
"(22, 24, 29)",13.523506147026367
"(4, 29, 35)",13.523411111865176
"(8, 29, 35)",13.523411111865176
"(29, 35, 38)",13.523411111865176
"(29, 35, 47)",13.523411111865176
"(16, 37, 42)",13.521064970888968
"(5, 11, 35)",13.520616815126592
"(3, 39, 40)",13.520466205071925
"(10, 33, 41)",13.52016194042452
"(28, 36, 46)",13.519201333744737
"(14, 36, 49)",13.51743388789713
"(3, 19, 33)",13.517408418829586
"(12, 16, 48)",13.517193494022315
"(11, 12, 25)",13.5170621259238
"(17, 28, 41)",13.515778844246453
"(33, 36, 37)",13.514911621155155
"(21, 42, 49)",13.514813276363515
"(10, 26, 48)",13.513512210665088
"(22, 26, 37)",13.512395395763292
"(0, 18, 35)",13.511380722434467
"(12, 30, 42)",13.511134614458381
"(6, 12, 32)",13.508919045712211
"(9, 16, 24)",13.508706821779612
"(3, 9, 42)",13.508048141933624
"(24, 28, 39)",13.506983301513946
"(18, 20, 31)",13.506847030309963
"(3, 15, 28)",13.506139752203604
"(0, 9, 34)",13.505695232834613
"(10, 11, 45)",13.505175411929226
"(1, 2, 6)",13.503599771109418
"(6, 33, 46)",13.503580858128693
"(19, 32, 37)",13.503006947458204
"(5, 28, 37)",13.50274831478367
"(16, 23, 24)",13.50271517214051
"(3, 23, 42)",13.502056492294521
"(3, 10, 22)",13.501355816196131
"(22, 27, 41)",13.500259378440651
"(0, 23, 34)",13.499703583195512
"(10, 42, 46)",13.498100185207754
"(17, 29, 34)",13.497675463423032
"(13, 35, 37)",13.497277159269476
"(5, 26, 49)",13.49727615949313
"(20, 27, 33)",13.49707257742195
"(10, 30, 48)",13.495767401393653
"(2, 41, 43)",13.494990660255304
"(22, 30, 37)",13.494650586491858
"(6, 28, 41)",13.493906115177143
"(12, 22, 46)",13.493111893439306
"(2, 16, 21)",13.491341179159047
"(11, 24, 41)",13.491340932668662
"(12, 25, 35)",13.489513124506892
"(17, 37, 42)",13.489427376440105
"(0, 41, 46)",13.489279543092845
"(22, 35)",13.486705867336942
"(7, 15, 31)",13.486466205396841
"(29, 43, 48)",13.485823761744488
"(12, 17, 48)",13.485555899573452
"(11, 16, 42)",13.48469497588005
"(9, 46, 48)",13.484437006112067
"(7, 27, 40)",13.483898228120145
"(3, 12, 21)",13.482037119671336
"(12, 20, 28)",13.480250349469053
"(12, 16, 43)",13.47969932382497
"(5, 30, 49)",13.479531350221695
"(11, 33, 36)",13.478541626146237
"(23, 46, 48)",13.478445356472964
"(10, 35, 45)",13.477626410512318
"(9, 17, 24)",13.477069227330748
"(11, 22, 26)",13.476025400754374
"(10, 26, 43)",13.476018040467743
"(6, 29, 34)",13.475802734353723
"(28, 33, 34)",13.474353485508937
"(0, 2, 5)",13.473655137623812
"(1, 9, 10)",13.472133029064663
"(17, 23, 24)",13.471077577691647
"(13, 49)",13.470341031271387
"(4, 28, 29)",13.469172616513335
"(8, 28, 29)",13.469172616513335
"(28, 29, 38)",13.469172616513335
"(28, 29, 47)",13.469172616513335
"(6, 37, 42)",13.467554647370793
"(16, 20, 49)",13.466963741337665
"(11, 19, 32)",13.466636952449285
"(5, 11, 28)",13.466378319774751
"(1, 10, 23)",13.466141379425562
"(27, 34, 39)",13.46563315210481
"(19, 29, 44)",13.465609219768695
"(0, 33, 39)",13.46426220433963
"(24, 35, 41)",13.463791931251754
"(6, 12, 48)",13.46368317050414
"(2, 19, 22)",13.462733190109736
"(21, 37, 46)",13.462297460716432
"(18, 25, 31)",13.46187130999596
"(11, 13, 35)",13.460907164260558
"(29, 32, 39)",13.460461729050182
"(2, 17, 21)",13.459703584710184
"(10, 19, 24)",13.459076102236464
"(29, 40, 45)",13.459021149548692
"(27, 36, 43)",13.458631703875737
"(11, 22, 30)",13.45828059148294
"(10, 30, 43)",13.458273231196308
"(19, 37, 48)",13.457771072250132
"(1, 4, 31)",13.457674617551893
"(1, 8, 31)",13.457674617551893
"(1, 31, 38)",13.457674617551893
"(1, 31, 47)",13.457674617551893
"(16, 35, 42)",13.457145974463142
"(0, 18, 28)",13.457142227082626
"(6, 9, 24)",13.455196498261438
"(15, 29)",13.454081639458632
"(11, 17, 42)",13.453057381431186
"(25, 27, 33)",13.452096857107946
"(16, 29, 36)",13.451713701740447
"(33, 35, 36)",13.450992624729329
"(6, 23, 24)",13.449204848622335
"(22, 26, 35)",13.448476399337466
"(2, 4, 12)",13.44811657035115
"(2, 8, 12)",13.44811657035115
"(2, 12, 38)",13.44811657035115
"(2, 12, 47)",13.44811657035115
"(12, 17, 43)",13.448061729376107
"(15, 41, 49)",13.447679980093042
"(9, 43, 46)",13.446942835914722
"(14, 19, 29)",13.445990002743759
"(0, 16, 19)",13.443609503332944
"(13, 28, 37)",13.443038663917633
"(23, 43, 46)",13.440951186275619
"(19, 32, 35)",13.439087951032377
"(5, 28, 35)",13.438829318357843
"(2, 6, 21)",13.437830855640874
"(13, 26, 49)",13.437566508627093
"(17, 20, 49)",13.435326146888801
"(12, 25, 28)",13.435274629155051
"(2, 32, 42)",13.433211746076704
"(1, 27, 32)",13.432069299943723
"(6, 11, 42)",13.431184652361875
"(22, 30, 35)",13.430731590066031
"(10, 34, 40)",13.42950407247379
"(0, 9, 36)",13.428095876703164
"(1, 44, 49)",13.427760655584636
"(2, 18, 46)",13.426947518047474
"(15, 26, 29)",13.42672691408526
"(6, 12, 43)",13.426189000306795
"(11, 21, 46)",13.425927465707513
"(17, 35, 42)",13.425508380014278
"(12, 24, 32)",13.42456636643498
"(2, 39, 41)",13.424392752352928
"(3, 7, 27)",13.42369387989261
"(10, 28, 45)",13.423387915160477
"(3, 40, 41)",13.423036339457889
"(10, 39)",13.422121467178794
"(0, 32)",13.422118994592092
"(0, 23, 36)",13.422104227064063
"(16, 25, 49)",13.421988021023662
"(11, 19, 48)",13.421401077241214
"(9, 22, 23)",13.421395194450856
"(19, 37, 43)",13.420276902052787
"(17, 29, 36)",13.420076107291584
"(13, 30, 49)",13.419821699355658
"(1, 2, 24)",13.419247091832185
"(24, 33, 46)",13.419228178851462
"(16, 18, 27)",13.418803666618485
"(9, 40, 44)",13.415430953913738
"(29, 39, 48)",13.415225853842111
"(0, 2, 13)",13.413945486757777
"(6, 20, 49)",13.41345341781949
"(5, 10, 29)",13.412295897098165
"(0, 17, 19)",13.41197190888408
"(24, 28, 41)",13.40955343589991
"(23, 40, 44)",13.409439304274635
"(12, 16, 39)",13.409101415922594
"(15, 29, 30)",13.408982104813825
"(0, 22, 40)",13.408230562724741
"(1, 14, 49)",13.408141438559701
"(9, 32, 33)",13.407225676952887
"(4, 9, 27)",13.407216231011914
"(8, 9, 27)",13.407216231011914
"(9, 27, 38)",13.407216231011914
"(9, 27, 47)",13.407216231011914
"(11, 13, 28)",13.406668668908715
"(9, 10, 21)",13.40636411359612
"(10, 26, 39)",13.405420132565366
"(0, 26, 32)",13.40541848417423
"(22, 28)",13.40534812430918
"(0, 10, 15)",13.405086338436162
"(6, 35, 42)",13.403635650944967
"(16, 28, 42)",13.402907479111299
"(23, 32, 33)",13.401234027313784
"(4, 23, 27)",13.401224581372812
"(8, 23, 27)",13.401224581372812
"(23, 27, 38)",13.401224581372812
"(23, 27, 47)",13.401224581372812
"(14, 27, 44)",13.400874537467807
"(10, 21, 23)",13.400372463957016
"(3, 29, 45)",13.398816801321155
"(21, 35, 46)",13.398378464290605
"(6, 29, 36)",13.398203378222274
"(22, 34, 49)",13.397087589169985
"(28, 33, 36)",13.396754129377488
"(9, 14, 40)",13.3958117368888
"(22, 26, 28)",13.394237903985623
"(19, 35, 48)",13.393852075824306
"(4, 21, 31)",13.39190570208335
"(8, 21, 31)",13.39190570208335
"(21, 31, 38)",13.39190570208335
"(21, 31, 47)",13.39190570208335
"(24, 29, 34)",13.39145005507649
"(17, 25, 49)",13.390350426574798
"(0, 6, 19)",13.390099179814769
"(14, 23, 40)",13.389820087249698
"(2, 7, 10)",13.388921213156628
"(0, 37, 45)",13.388215805239218
"(27, 36, 39)",13.38803379597336
"(2, 42, 48)",13.387975870868633
"(0, 30, 32)",13.387673674902796
"(17, 18, 27)",13.387166072169622
"(16, 17, 40)",13.385411468066403
"(19, 28, 32)",13.384849455680534
"(34, 37)",13.384500224050864
"(11, 19, 43)",13.383906907043869
"(24, 37, 42)",13.383201968093562
"(26, 34, 37)",13.380339303813415
"(9, 20, 29)",13.380006229554514
"(12, 24, 48)",13.37933049122691
"(13, 28, 35)",13.379119667491807
"(12, 44)",13.378078099554337
"(29, 39, 43)",13.377731683644766
"(12, 17, 39)",13.37746382147373
"(22, 28, 30)",13.376493094714188
"(9, 39, 46)",13.376344928012346
"(12, 26, 44)",13.376057887482393
"(10, 33, 42)",13.375652980840503
"(10, 12, 18)",13.374726940394792
"(20, 23, 29)",13.374014579915412
"(26,)",13.372017463338514
"(17, 28, 42)",13.371269884662436
"(12, 22, 33)",13.370664689072054
"(23, 39, 46)",13.370353278373244
"(3, 10, 34)",13.369299724246254
"(6, 25, 49)",13.36847769750549
"(16, 37, 44)",13.368243434641546
"(27, 34, 41)",13.368203286490774
"(0, 33, 41)",13.366832338725594
"(21, 27, 32)",13.36630038447518
"(19, 26, 40)",13.365441093583934
"(6, 18, 27)",13.365293343100312
"(2, 20, 40)",13.365174309719338
"(9, 18, 37)",13.36493523816576
"(6, 16, 40)",13.363538738997093
"(29, 32, 41)",13.363031863436147
"(30, 34, 37)",13.36259449454198
"(19, 45, 49)",13.362174621454983
"(19, 40)",13.362152908706644
"(21, 44, 49)",13.361991740116093
"(9, 33, 48)",13.361989801744816
"(12, 34, 46)",13.361055801489428
"(0, 26, 48)",13.36018260896616
"(18, 23, 37)",13.358943588526657
"(12, 30, 44)",13.358313078210958
"(12, 14, 26)",13.356438670457457
"(19, 35, 43)",13.356357905626961
"(23, 33, 48)",13.355998152105714
"(22, 27, 42)",13.355750418856633
"(6, 12, 39)",13.355591092404419
"(3, 9, 44)",13.355226605686202
"(0, 48)",13.354265181779985
"(2, 21, 24)",13.353478176363641
"(10, 13, 29)",13.352586246232129
"(10, 36, 40)",13.351904716342341
"(0, 11, 45)",13.3518458102303
"(2, 42, 43)",13.350481700671288
"(19, 37, 39)",13.34967899415041
"(6, 28, 42)",13.349397155593127
"(1, 27, 43)",13.349339254538307
"(3, 23, 44)",13.349234956047098
"(12, 14)",13.348649274016932
"(14, 16, 37)",13.34862421761661
"(0, 3, 22)",13.348026214497205
"(19, 30, 40)",13.3476962843125
"(11, 24, 42)",13.346831973084644
"(26, 30)",13.34540024943136
"(10, 44, 46)",13.345278648960331
"(16, 26, 46)",13.344919508173676
"(0, 42, 46)",13.344770583508827
"(21, 28, 46)",13.344139968938764
"(11, 26, 34)",13.343969308804494
"(0, 30, 48)",13.342437799694725
"(1, 16, 29)",13.342421252403017
"(14, 21, 49)",13.342372523091157
"(12, 24, 43)",13.341836321029565
"(21, 33, 37)",13.339850256349182
"(19, 28, 48)",13.339613580472463
"(17, 37, 44)",13.336605840192682
"(3, 9, 14)",13.335607388661264
"(9, 25, 29)",13.335030509240514
"(6, 17, 40)",13.33190114454823
"(11, 16, 44)",13.331873439632627
"(16, 46)",13.331370530591258
"(2, 19, 34)",13.330677098159859
"(12, 15, 40)",13.33059921204438
"(11, 34)",13.329945231537486
"(3, 14, 23)",13.329615739022163
"(20, 24, 49)",13.329100738542259
"(23, 25, 29)",13.329038859601411
"(9, 11, 18)",13.32856524315684
"(16, 30, 46)",13.327174698902242
"(11, 30, 34)",13.32622449953306
"(10, 14, 46)",13.325659431935396
"(3, 16, 17)",13.325207119838867
"(9, 33, 43)",13.324495631547471
"(0, 35, 45)",13.324296808813392
"(0, 26, 43)",13.322688438768814
"(11, 18, 23)",13.322573593517738
"(2, 25, 40)",13.320198589405335
"(20, 31, 45)",13.319763116688888
"(22, 36, 49)",13.319488233038536
"(24, 35, 42)",13.319282971667736
"(7, 35, 37)",13.3189232839694
"(0, 1, 9)",13.318803427365735
"(30,)",13.31878303552421
"(23, 33, 43)",13.31850398190837
"(14, 17, 37)",13.316986623167747
"(26, 34, 35)",13.316420307387588
"(6, 37, 44)",13.31473311112337
"(24, 29, 36)",13.313850698945041
"(11, 19, 39)",13.313308999141492
"(17, 26, 46)",13.313281913724813
"(0, 1, 23)",13.312811777726633
"(11, 14, 16)",13.31225422260769
"(12, 16, 41)",13.311671550308558
"(1, 17, 29)",13.310783657954154
"(10, 26, 41)",13.30799026695133
"(0, 19, 24)",13.305746500537536
"(3, 19, 26)",13.305236745356396
"(2, 3, 20)",13.304969961491802
"(0, 30, 43)",13.30494362949738
"(2, 18, 33)",13.304500313680222
"(16, 35, 44)",13.304324438215719
"(11, 21, 33)",13.303480261340262
"(3, 6, 16)",13.303334390769557
"(15, 42, 49)",13.303171020509025
"(26, 36, 37)",13.302739947681964
"(19, 28, 43)",13.302119410275118
"(9, 18, 35)",13.301016241739934
"(11, 17, 44)",13.300235845183764
"(32, 40, 46)",13.300152119260387
"(30, 34, 35)",13.298675498116154
"(0, 43)",13.298023926483967
"(17, 30, 46)",13.295537104453379
"(6, 14, 37)",13.295113894098435
"(18, 23, 35)",13.29502459210083
"(3, 10, 36)",13.291700368114805
"(6, 26, 46)",13.291409184655503
"(27, 36, 41)",13.290603930359325
"(10, 30, 41)",13.290245457679896
"(9, 23, 34)",13.289339102500977
"(1, 6, 29)",13.288910928884844
"(34, 35)",13.288621729412124
"(5, 27, 46)",13.288115366939389
"(4, 46, 49)",13.287628751999478
"(8, 46, 49)",13.287628751999478
"(38, 46, 49)",13.287628751999478
"(46, 47, 49)",13.287628751999478
"(3, 19, 30)",13.287491936084962
"(19, 35, 39)",13.285759997724584
"(30, 36, 37)",13.28499513841053
"(20, 26, 27)",13.28490090394876
"(14, 16, 35)",13.284705221190784
"(24, 25, 49)",13.284125018228256
"(17, 46)",13.283914138917964
"(21, 27, 43)",13.283570339069763
"(12, 36, 46)",13.283456445357977
"(7, 11, 35)",13.282553288960482
"(18, 24, 27)",13.280940663823081
"(11, 14, 17)",13.280616628158826
"(29, 41, 43)",13.28030181803073
"(12, 17, 41)",13.280033955859695
"(2, 39, 42)",13.27988379276891
"(2, 15, 16)",13.279698923304556
"(16, 24, 40)",13.27918605971986
"(9, 41, 46)",13.27891506239831
"(1, 27, 39)",13.27874134663593
"(3, 40, 42)",13.278527379873871
"(6, 11, 44)",13.278363116114452
"(16, 21, 29)",13.276652336934474
"(0, 34, 40)",13.276174470774864
"(10, 41)",13.27597666875774
"(21, 33, 35)",13.275931259923356
"(25, 31, 45)",13.274787396374885
"(6, 30, 46)",13.273664375384069
"(23, 41, 46)",13.272923412759209
"(17, 35, 44)",13.272686843766856
"(3, 19)",13.27184638636534
"(3, 6, 17)",13.271696796320693
"(12, 24, 39)",13.271238413127188
"(3, 12, 15)",13.270394863816845
"(0, 28, 45)",13.27005831346155
"(36, 37)",13.268101189853692
"(20, 27, 30)",13.267156094677325
"(5, 12, 37)",13.26700342639691
"(11, 26, 36)",13.266369952673045
"(24, 28, 42)",13.265044476315893
"(7, 28, 37)",13.26468478861756
"(2, 5, 9)",13.263290656929277
"(26, 28, 34)",13.262181812035745
"(2, 14, 32)",13.260770992804344
"(2, 3, 25)",13.259994241177798
"(0, 5, 29)",13.258966295399237
"(6, 11, 14)",13.258743899089517
"(6, 12, 41)",13.258161226790383
"(2, 5, 23)",13.257299007290175
"(40, 46, 48)",13.254916244052316
"(9, 33, 39)",13.253897723645094
"(2, 19, 36)",13.25307774202841
"(14, 17, 35)",13.25306762674192
"(0, 9, 21)",13.25303451189719
"(19, 37, 41)",13.252249128536375
"(0, 26, 39)",13.252090530866438
"(6, 46)",13.251105045313999
"(6, 35, 44)",13.250814114697544
"(15, 37, 46)",13.25065520486194
"(16, 28, 44)",13.250085942863876
"(11, 30, 36)",13.248625143401611
"(2, 15, 17)",13.248061328855693
"(19, 22, 29)",13.248044347885164
"(23, 33, 39)",13.247906074005993
"(17, 24, 40)",13.247548465270997
"(0, 21, 23)",13.24704286225809
"(9, 18, 28)",13.24677774638809
"(17, 21, 29)",13.24501474248561
"(28, 30, 34)",13.244437002764311
"(1, 10, 40)",13.242612267004912
"(20, 27)",13.241342624253884
"(18, 23, 28)",13.24078609674899
"(3, 32, 46)",13.23994777103285
"(25, 26, 27)",13.239925183634757
"(2, 45, 46)",13.239863604426398
"(26, 35, 36)",13.238820951256137
"(12, 33, 34)",13.238608597122177
"(0, 2, 7)",13.235591611457702
"(2, 44, 48)",13.23515433462121
"(4, 12, 29)",13.233427728126575
"(8, 12, 29)",13.233427728126575
"(12, 29, 38)",13.233427728126575
"(12, 29, 47)",13.233427728126575
"(9, 16, 19)",13.233245022638407
"(10, 20, 37)",13.233009724884218
"(16, 27, 45)",13.23171975299741
"(19, 28, 39)",13.231521502372741
"(6, 14, 35)",13.231194897672609
"(5, 11, 12)",13.230633431387991
"(14, 16, 28)",13.23046672583894
"(24, 37, 44)",13.23038043184614
"(13, 27, 46)",13.228405716073354
"(7, 11, 28)",13.228314793608641
"(16, 19, 23)",13.227253372999305
"(2, 6, 15)",13.226188599786383
"(6, 24, 40)",13.225675736201687
"(27, 34, 42)",13.223694326906756
"(6, 21, 29)",13.2231420134163
"(10, 33, 44)",13.22283144459308
"(16, 26, 33)",13.222472303806427
"(0, 33, 42)",13.222323379141578
"(25, 27, 30)",13.222180374363322
"(21, 28, 33)",13.221692764571515
"(0, 12, 18)",13.221397338695866
"(30, 35, 36)",13.221076141984703
"(3, 16, 24)",13.218981711492324
"(29, 32, 42)",13.21852290385213
"(17, 28, 44)",13.218448348415013
"(40, 43, 46)",13.217422073854971
"(0, 3, 34)",13.215970122547327
"(11, 19, 41)",13.215879133527457
"(2, 14, 48)",13.215535117596273
"(11, 15, 46)",13.214285209853022
"(11, 36)",13.213546197340314
"(21, 27, 39)",13.212972431167387
"(18, 29, 46)",13.2122586758229
"(9, 23, 36)",13.211739746369528
"(14, 24, 37)",13.210761214821204
"(1, 22, 49)",13.210195783701106
"(29, 39, 41)",13.209703910128354
"(12, 13, 37)",13.207293775530875
"(28, 34)",13.207263986384362
"(24, 26, 46)",13.20705650537827
"(16, 30, 33)",13.204727494534993
"(1, 24, 29)",13.204558249607611
"(2, 9, 13)",13.203581006063242
"(10, 14, 33)",13.203212227568144
"(5, 12, 35)",13.203084429971083
"(22, 27, 44)",13.20292888260921
"(9, 17, 19)",13.201607428189543
"(7, 28, 35)",13.200765792191733
"(17, 27, 45)",13.200082158548547
"(0, 13, 29)",13.199256644533202
"(14, 17, 28)",13.198829131390077
"(0, 36, 40)",13.198575114643415
"(9, 22, 40)",13.197866082030206
"(2, 43, 44)",13.197660164423866
"(2, 13, 23)",13.197589356424139
"(10, 16, 32)",13.197031252867882
"(10, 11, 20)",13.196639729875299
"(6, 28, 44)",13.196575619345705
"(17, 19, 23)",13.195615778550442
"(9, 26, 32)",13.195054003479697
"(9, 10, 15)",13.194721857741628
"(3, 46, 48)",13.19471189582478
"(11, 24, 44)",13.194010436837221
"(1, 26, 37)",13.193447498344536
"(0, 39)",13.192127064630403
"(0, 44, 46)",13.191949047261405
"(22, 23, 40)",13.191874432391105
"(17, 26, 33)",13.190834709357564
"(24, 30, 46)",13.189311696106836
"(23, 26, 32)",13.189062353840594
"(10, 15, 23)",13.188730208102527
"(19, 35, 41)",13.188330132110549
"(10, 25, 37)",13.188034004570216
"(10, 12, 45)",13.187643026773717
"(34, 36, 49)",13.187432141088658
"(3, 17, 24)",13.18734411704346
"(15, 35, 46)",13.186736208436114
"(26, 28, 36)",13.184582455904296
"(14, 22, 27)",13.183309665584275
"(2, 41, 42)",13.182453927154874
"(1, 3, 10)",13.182407918777375
"(1, 27, 41)",13.181311481021895
"(4, 15, 31)",13.180263446228858
"(8, 15, 31)",13.180263446228858
"(15, 31, 38)",13.180263446228858
"(15, 31, 47)",13.180263446228858
"(6, 9, 19)",13.179734699120235
"(6, 27, 45)",13.178209429479237
"(2, 14, 43)",13.178040947398928
"(9, 37, 45)",13.177851324544683
"(32, 33, 40)",13.177704914893138
"(4, 27, 40)",13.177695468952162
"(8, 27, 40)",13.177695468952162
"(27, 38, 40)",13.177695468952162
"(27, 40, 47)",13.177695468952162
"(9, 30, 32)",13.177309194208263
"(6, 14, 28)",13.176956402320767
"(10, 21, 40)",13.176843351536368
"(1, 30, 37)",13.175702689073102
"(5, 18, 31)",13.17544261546015
"(11, 14, 24)",13.174391219812284
"(7, 10, 29)",13.174232370932057
"(25, 27)",13.17387904378288
"(12, 24, 41)",13.173808547513152
"(6, 19, 23)",13.173743049481132
"(29, 42, 48)",13.173287028644058
"(17, 30, 33)",13.17308990008613
"(0, 14, 46)",13.172329830236468
"(35, 36)",13.172222695214952
"(23, 37, 45)",13.171859674905582
"(23, 30, 32)",13.17131754456916
"(11, 12, 13)",13.170923780521957
"(10, 20, 35)",13.169090728458391
"(6, 26, 33)",13.168961980288252
"(12, 16, 42)",13.16716259072454
"(28, 30, 36)",13.166837646632862
"(24, 35, 44)",13.166461435420313
"(5, 27, 33)",13.165668162572139
"(3, 6, 24)",13.16547138797415
"(10, 17, 32)",13.165393658419019
"(4, 33, 49)",13.165181547632226
"(8, 33, 49)",13.165181547632226
"(33, 38, 49)",13.165181547632226
"(33, 47, 49)",13.165181547632226
"(10, 26, 42)",13.163481307367313
"(12, 33, 36)",13.161009240990728
"(12, 22, 26)",13.158493015598864
"(3, 43, 46)",13.157217725627435
"(1, 11, 26)",13.157077503335616
"(9, 33, 41)",13.156467858031059
"(0, 26, 41)",13.154660665252402
"(15, 27, 32)",13.154658128620689
"(10, 16, 48)",13.15179537765981
"(10, 11, 25)",13.151664009561296
"(6, 30, 33)",13.151217171016818
"(16, 22, 37)",13.150678562758014
"(20, 29, 40)",13.150485467494764
"(23, 33, 41)",13.150476208391957
"(15, 44, 49)",13.150349484261602
"(9, 26, 48)",13.149818128271626
"(18, 32, 49)",13.14935068291207
"(12, 19, 32)",13.149104567293776
"(5, 12, 28)",13.148845934619242
"(16, 33)",13.147699724040383
"(14, 24, 35)",13.146842218395378
"(39, 40, 46)",13.146824165952594
"(27, 36, 42)",13.146094970775309
"(10, 30, 42)",13.145736498095879
"(21, 22, 49)",13.144426868232562
"(23, 26, 48)",13.143826478632523
"(1, 2, 19)",13.143785292690982
"(19, 33, 46)",13.143766379710257
"(6, 10, 32)",13.143520929349709
"(12, 13, 35)",13.143374779105049
"(2, 15, 24)",13.14183592050915
"(9, 11, 45)",13.141481329535765
"(12, 22, 30)",13.14074820632743
"(1, 11, 30)",13.139332694064182
"(21, 24, 29)",13.138789334139068
"(0, 3, 36)",13.138370766415878
"(3, 9, 22)",13.13766173380267
"(0, 30, 41)",13.136915855980968
"(29, 42, 43)",13.135792858446713
"(5, 16, 49)",13.135559326487853
"(12, 17, 42)",13.135524996275677
"(11, 23, 45)",13.135489679896663
"(18, 37, 40)",13.135414476106009
"(9, 42, 46)",13.134406102814292
"(19, 28, 41)",13.134091636758706
"(15, 28, 46)",13.132497713084273
"(33, 40, 48)",13.132469039685066
"(9, 30, 48)",13.132073319000192
"(3, 22, 23)",13.131670084163567
"(14, 15, 49)",13.130730267236666
"(1, 26, 35)",13.12952850191871
"(23, 42, 46)",13.128414453175191
"(15, 33, 37)",13.128208000494691
"(10, 22, 46)",13.127713777076801
"(21, 26, 37)",13.12767858287599
"(2, 39, 44)",13.127062256521487
"(23, 30, 48)",13.126081669361088
"(3, 40, 44)",13.125705843626449
"(24, 46)",13.12457602639815
"(10, 25, 35)",13.12411500814439
"(10, 17, 48)",13.120157783210947
"(17, 22, 37)",13.11904096830915
"(3, 32, 33)",13.117500566665601
"(3, 4, 27)",13.117491120724626
"(3, 8, 27)",13.117491120724626
"(3, 27, 38)",13.117491120724626
"(3, 27, 47)",13.117491120724626
"(2, 33, 45)",13.117416400059149
"(3, 10, 21)",13.116639003308832
"(19, 29, 34)",13.115988255935287
"(13, 18, 31)",13.115732964594116
"(21, 27, 41)",13.115542565553351
"(10, 20, 28)",13.11485223310655
"(11, 16, 22)",13.114308567749097
"(10, 16, 43)",13.114301207462466
"(9, 35, 45)",13.113932328118857
"(6, 12, 42)",13.113652267206366
"(9, 26, 43)",13.112323958074281
"(24, 28, 44)",13.11222294006847
"(1, 30, 35)",13.111783692647276
"(21, 30, 37)",13.109933773604556
"(12, 21, 46)",13.108395080552004
"(23, 35, 45)",13.107940678479755
"(19, 37, 42)",13.107740168952358
"(2, 14, 39)",13.107443039496552
"(9, 32)",13.10657227355029
"(23, 26, 43)",13.106332308435178
"(3, 14, 40)",13.106086626601513
"(13, 27, 33)",13.105958511706103
"(25, 29, 40)",13.105509747180761
"(1, 37)",13.104162515847547
"(18, 48, 49)",13.104114807703999
"(5, 17, 49)",13.10392173203899
"(12, 19, 48)",13.103868692085705
"(1, 9, 23)",13.1024472970321
"(17, 33)",13.10024333236709
"(11, 18, 40)",13.09904448109709
"(6, 10, 48)",13.098285054141638
"(23, 32)",13.097584799091637
"(6, 22, 37)",13.097168239239842
"(9, 19, 24)",13.095382019843003
"(33, 40, 43)",13.094974869487721
"(9, 30, 43)",13.094579148802847
"(24, 27, 45)",13.093856750202004
"(14, 24, 28)",13.092603723043535
"(2, 18, 26)",13.092328640207032
"(11, 15, 33)",13.091838005485773
"(11, 21, 26)",13.091308587867072
"(28, 36)",13.09086495218719
"(3, 20, 29)",13.090281119267228
"(18, 29, 33)",13.08981147145565
"(19, 23, 24)",13.0893903702039
"(0, 1, 40)",13.089282665305983
"(12, 13, 28)",13.089136283753206
"(23, 30, 43)",13.088587499163744
"(16, 22, 35)",13.086759566332187
"(3, 39, 46)",13.086619817725058
"(24, 26, 33)",13.084609301011021
"(2, 4, 10)",13.082718453988646
"(2, 10, 38)",13.082718453988646
"(2, 10, 47)",13.082718453988646
"(11, 17, 22)",13.082670973300234
"(10, 17, 43)",13.082663613013603
"(5, 6, 49)",13.08204900296968
"(0, 20, 37)",13.079680123185291
"(1, 34, 49)",13.078139691751229
"(2, 19, 21)",13.078016377222436
"(13, 16, 49)",13.075849675621818
"(3, 18, 37)",13.07521012787847
"(2, 18, 30)",13.074583830935598
"(11, 21, 30)",13.073563778595638
"(3, 33, 48)",13.07226469145753
"(15, 27, 43)",13.071928083215273
"(18, 35, 40)",13.071495479680182
"(11, 19, 42)",13.07137017394344
"(27, 34, 44)",13.070872790659333
"(10, 25, 28)",13.069876512792547
"(0, 33, 44)",13.069501842894155
"(6, 33)",13.067434238763123
"(24, 30, 33)",13.066864491739587
"(18, 43, 49)",13.066620637506654
"(12, 19, 43)",13.06637452188836
"(9, 34, 40)",13.065809990080329
"(29, 39, 42)",13.065194950544338
"(15, 16, 29)",13.065010081079983
"(15, 33, 35)",13.064289004068865
"(21, 26, 35)",13.063759586450164
"(2, 22, 32)",13.06282533794575
"(6, 11, 22)",13.060798244230922
"(6, 10, 43)",13.060790883944293
"(23, 34, 40)",13.059818340441225
"(9, 28, 45)",13.059693832767016
"(10, 42)",13.059213229381715
"(10, 24, 32)",13.059168250072476
"(32, 37, 48)",13.057863220086144
"(17, 22, 35)",13.055121971883324
"(23, 28, 45)",13.053702183127914
"(19, 20, 49)",13.053638939401054
"(12, 22)",13.05173079172904
"(14, 27, 34)",13.051253573634398
"(7, 27, 46)",13.050051840773278
"(0, 14, 33)",13.049882625869216
"(1, 11)",13.049607523334169
"(40, 41, 46)",13.049394300338559
"(5, 9, 29)",13.048601814704703
"(14, 29, 32)",13.046082150579771
"(21, 30, 35)",13.04601477717873
"(0, 41)",13.04598226620935
"(3, 25, 29)",13.045305398953225
"(13, 17, 49)",13.044212081172954
"(19, 35, 42)",13.043821172526531
"(10, 16, 39)",13.04370329956009
"(0, 16, 32)",13.043701651168956
"(0, 11, 20)",13.043310128176373
"(5, 23, 29)",13.0426101650656
"(9, 26, 39)",13.041726050171905
"(0, 9, 15)",13.0413922560427
"(3, 11, 18)",13.038840132869554
"(9, 48)",13.038718460738183
"(19, 29, 36)",13.038388899803838
"(1, 27, 42)",13.036802521437878
"(9, 21, 23)",13.036678381563554
"(23, 26, 39)",13.035734400532801
"(0, 15, 23)",13.035400606403599
"(3, 33, 43)",13.034770521260185
"(0, 25, 37)",13.034704402871288
"(0, 12, 45)",13.03431342507479
"(2, 5, 40)",13.033769894869526
"(15, 17, 29)",13.03337248663112
"(6, 22, 35)",13.033249242814016
"(16, 22, 28)",13.032521070980346
"(23, 48)",13.02973098627953
"(2, 41, 44)",13.029632390907452
"(12, 24, 42)",13.029299587929135
"(0, 1, 3)",13.029078317078447
"(7, 12, 37)",13.0289399002308
"(12, 26, 34)",13.026436923648985
"(2, 7, 9)",13.025227130763167
"(29, 45, 46)",13.025174762201825
"(33, 39, 40)",13.024376961585345
"(0, 21, 40)",13.023513749837441
"(6, 13, 49)",13.022339352103643
"(11, 32, 48)",13.021493225077226
"(0, 7, 29)",13.020902769233128
"(29, 44, 48)",13.020465492396635
"(32, 37, 43)",13.0203690498888
"(2, 7, 23)",13.019235481124065
"(16, 34, 37)",13.018622470808136
"(2, 22, 48)",13.017589462737678
"(18, 28, 40)",13.01725698432834
"(0, 20, 35)",13.015761126759465
"(12, 16, 44)",13.014341054477118
"(10, 24, 48)",13.013932374864405
"(22, 24, 37)",13.01281555996261
"(4, 35, 37)",13.012720524801418
"(8, 35, 37)",13.012720524801418
"(35, 37, 38)",13.012720524801418
"(35, 37, 47)",13.012720524801418
"(21, 34, 49)",13.012370776282685
"(10, 17, 39)",13.012065705111226
"(0, 17, 32)",13.012064056720092
"(9, 33, 42)",13.011958898447041
"(6, 15, 29)",13.01149975756181
"(3, 18, 35)",13.011291131452644
"(9, 12, 18)",13.01103285800133
"(10, 26, 44)",13.01065977111989
"(0, 26, 42)",13.010151705668385
"(15, 28, 33)",13.010050508717022
"(2, 14, 41)",13.010013173882516
"(21, 26, 28)",13.009521091098323
"(12, 30, 34)",13.008692114377551
"(19, 25, 49)",13.008663219087053
"(1, 35)",13.008284021208807
"(23, 33, 42)",13.005967248807941
"(3, 9, 34)",13.005605641852792
"(21, 37)",13.005509142644732
"(18, 19, 27)",13.005478864681876
"(10, 22, 33)",13.005266572709552
"(12, 18, 23)",13.005041208362229
"(16, 19, 40)",13.003724260578657
"(15, 27, 39)",13.001330175312896
"(17, 22, 28)",13.000883476531483
"(14, 29, 48)",13.0008462753717
"(1, 36, 49)",13.00054033561978
"(3, 23, 34)",12.99961399221369
"(0, 16, 48)",12.998465775960884
"(0, 11, 25)",12.99833440786237
"(5, 24, 49)",12.997696323692447
"(18, 39, 49)",12.996022729604277
"(12, 19, 39)",12.995776613985983
"(10, 34, 46)",12.995657685126924
"(12, 14, 16)",12.99472183745218
"(32, 35, 48)",12.993944223660318
"(27, 36, 44)",12.993273434527886
"(10, 30, 44)",12.992914961848456
"(7, 11, 12)",12.992569905221881
"(16, 26, 30)",12.992555821061801
"(0, 30, 42)",12.99240689639695
"(21, 28, 30)",12.991776281826889
"(10, 14, 26)",12.991040554094955
"(6, 10, 39)",12.990192976041916
"(0, 6, 32)",12.99019132765078
"(19, 28, 42)",12.989582677174688
"(3, 41, 46)",12.989189952111023
"(9, 13, 29)",12.988892163838667
"(5, 31, 45)",12.988358701839076
"(9, 36, 40)",12.98821063394888
"(17, 34, 37)",12.986984876359273
"(12, 21, 33)",12.985947876184753
"(11, 32, 43)",12.983999054879881
"(29, 43, 44)",12.98297132219929
"(13, 23, 29)",12.982900514199565
"(12, 17, 44)",12.982703460028254
"(9, 43)",12.982477205442166
"(11, 16, 34)",12.98225247579922
"(23, 36, 40)",12.982218984309778
"(9, 44, 46)",12.98158456656687
"(2, 22, 43)",12.980095292540334
"(6, 22, 28)",12.979010747462173
"(11, 22, 24)",12.976445564953691
"(10, 24, 43)",12.97643820466706
"(4, 11, 35)",12.9763505297925
"(8, 11, 35)",12.9763505297925
"(11, 35, 38)",12.9763505297925
"(11, 35, 47)",12.9763505297925
"(23, 44, 46)",12.975592916927768
"(37, 43, 48)",12.975133174680728
"(0, 22, 46)",12.974384175377875
"(2, 13, 40)",12.97406024400349
"(14, 27, 36)",12.973654217502949
"(2, 3, 5)",12.97356554664199
"(23, 43)",12.973489730983513
"(17, 19, 40)",12.972086666129794
"(21, 27, 42)",12.971033605969335
"(0, 25, 35)",12.970785406445462
"(29, 41, 42)",12.967765084930303
"(0, 17, 48)",12.966828181512021
"(20, 25, 31)",12.966251714320958
"(26, 32, 40)",12.965533241419946
"(10, 15, 40)",12.965201095681877
"(6, 34, 37)",12.965112147289965
"(7, 12, 35)",12.965020903804973
"(3, 33, 39)",12.964172613357809
"(14, 29, 43)",12.963352105174355
"(0, 3, 21)",12.963309401609905
"(12, 14, 17)",12.963084243003317
"(32, 45, 49)",12.962266769290995
"(9, 14, 46)",12.961965349541934
"(0, 20, 28)",12.961522631407622
"(0, 16, 43)",12.96097160576354
"(17, 26, 30)",12.960918226612938
"(6, 12, 44)",12.960830730958943
"(4, 28, 37)",12.958482029449577
"(8, 28, 37)",12.958482029449577
"(28, 37, 38)",12.958482029449577
"(28, 37, 47)",12.958482029449577
"(3, 18, 28)",12.957052636100803
"(32, 35, 43)",12.956450053462973
"(14, 23, 46)",12.955973699902831
"(19, 37, 44)",12.954918632704935
"(16, 34, 35)",12.95470347438231
"(5, 26, 27)",12.953496489098947
"(4, 26, 49)",12.953009874159036
"(8, 26, 49)",12.953009874159036
"(26, 38, 49)",12.953009874159036
"(26, 47, 49)",12.953009874159036
"(2, 18)",12.952484228641294
"(16, 17, 46)",12.951565080719536
"(11, 21)",12.950954150131354
"(11, 17, 34)",12.950614881350356
"(6, 19, 40)",12.950213937060482
"(32, 37, 39)",12.949771141986423
"(22, 24, 35)",12.948896563536783
"(12, 26, 36)",12.948837567517536
"(37, 40, 45)",12.948330562484934
"(30, 32, 40)",12.947788432148512
"(10, 16, 41)",12.946273433946054
"(0, 6, 48)",12.94495545244271
"(9, 26, 41)",12.944296184557869
"(3, 16, 19)",12.943519912351121
"(6, 12, 14)",12.941211513934007
"(16, 36, 37)",12.941023114676689
"(24, 33)",12.940905219847275
"(28, 32, 48)",12.939705728308477
"(6, 26, 30)",12.939045497543628
"(11, 43, 48)",12.93876317967181
"(23, 26, 41)",12.938304534918766
"(13, 24, 49)",12.937986672826412
"(7, 18, 31)",12.93737908929404
"(5, 27, 30)",12.935751679827513
"(14, 19, 37)",12.93529941568
"(4, 30, 49)",12.935265064887602
"(8, 30, 49)",12.935265064887602
"(30, 38, 49)",12.935265064887602
"(30, 47, 49)",12.935265064887602
"(21, 36, 49)",12.934771420151236
"(15, 22, 49)",12.932784612378072
"(19, 26, 46)",12.931594706237068
"(2, 20, 46)",12.931327922372471
"(12, 30, 36)",12.931092758246102
"(2, 32, 34)",12.930769245995872
"(6, 16, 46)",12.929692351650226
"(0, 2, 4)",12.92938885228972
"(0, 2, 8)",12.92938885228972
"(0, 2, 38)",12.92938885228972
"(0, 2, 47)",12.92938885228972
"(0, 17, 43)",12.929334011314676
"(1, 19, 29)",12.929096450466407
"(6, 11, 34)",12.928742152281044
"(13, 31, 45)",12.928649050973041
"(3, 9, 36)",12.928006285721343
"(7, 27, 33)",12.927604636406027
"(15, 24, 29)",12.927147078284577
"(33, 40, 41)",12.92694709597131
"(9, 30, 41)",12.926551375286435
"(16, 20, 27)",12.923184070943481
"(17, 34, 35)",12.923065879933446
"(4, 11, 28)",12.922112034440659
"(8, 11, 28)",12.922112034440659
"(11, 28, 38)",12.922112034440659
"(11, 28, 47)",12.922112034440659
"(3, 23, 36)",12.922014636082242
"(23, 30, 41)",12.920559725647331
"(26, 40, 48)",12.920297366211875
"(11, 19, 44)",12.918548637696016
"(10, 36, 46)",12.918058328995475
"(45, 48, 49)",12.917030894082924
"(0, 25, 28)",12.91654691109362
"(15, 26, 37)",12.916036327021502
"(10, 17, 41)",12.91463583949719
"(2, 3, 13)",12.913855895775955
"(19, 30, 46)",12.913849896965633
"(11, 32, 39)",12.913401146977504
"(29, 39, 44)",12.912373414296916
"(11, 40, 45)",12.911960567476015
"(3, 17, 19)",12.911882317902258
"(35, 43, 48)",12.911214178254902
"(7, 12, 28)",12.910782408453132
"(21, 35)",12.909630648005992
"(2, 22, 39)",12.909497384637957
"(17, 36, 37)",12.909385520227826
"(3, 22, 40)",12.908140971742919
"(0, 6, 43)",12.907461282245364
"(10, 24, 39)",12.905840296764683
"(0, 24, 32)",12.90583864837355
"(3, 26, 32)",12.90532889319241
"(2, 26, 45)",12.905244726585957
"(3, 10, 15)",12.90499674745434
"(40, 42, 46)",12.904885340754543
"(11, 16, 36)",12.90465311966777
"(37, 39, 48)",12.904535266778353
"(15, 27, 41)",12.90390030969886
"(29, 33, 45)",12.902727557834574
"(30, 40, 48)",12.90255255694044
"(28, 32, 43)",12.902211558111132
"(5, 10, 37)",12.901605310034405
"(6, 34, 35)",12.901193150864138
"(16, 28, 34)",12.900464979030469
"(11, 14, 19)",12.898929420671081
"(18, 41, 49)",12.898592863990242
"(12, 19, 41)",12.898346748371948
"(15, 30, 37)",12.898291517750067
"(6, 17, 46)",12.898054757201363
"(12, 15, 46)",12.896752824697513
"(22, 24, 28)",12.894658068184942
"(4, 28, 35)",12.89456303302375
"(8, 28, 35)",12.89456303302375
"(28, 35, 38)",12.89456303302375
"(28, 35, 47)",12.89456303302375
"(13, 26, 27)",12.893786838232913
"(6, 10, 41)",12.89276311042788
"(14, 29, 39)",12.892754197271978
"(17, 20, 27)",12.891546476494618
"(19, 35, 44)",12.890999636279108
"(0, 16, 39)",12.890373697861163
"(3, 6, 19)",12.890009588832946
"(3, 37, 45)",12.888126214257397
"(3, 30, 32)",12.887584083920975
"(6, 36, 37)",12.887512791158514
"(2, 30, 45)",12.887499917314523
"(2, 25, 46)",12.886352202058468
"(32, 35, 39)",12.885852145560596
"(2, 34, 48)",12.885533370787801
"(2, 42, 44)",12.885123431323436
"(35, 40, 45)",12.884411566059107
"(1, 27, 44)",12.883980985190455
"(26, 40, 43)",12.88280319601453
"(24, 34, 37)",12.88075946801273
"(11, 15, 26)",12.879666332012581
"(43, 45, 49)",12.879536723885579
"(10, 12, 20)",12.87910734471979
"(1, 9, 40)",12.87891818461145
"(16, 25, 27)",12.878208350629482
"(18, 26, 29)",12.877639797982459
"(16, 35, 36)",12.877104118250863
"(9, 39)",12.876580343588602
"(12, 24, 44)",12.876478051681712
"(13, 27, 30)",12.876042028961479
"(10, 33, 34)",12.873210480759672
"(11, 17, 36)",12.873015525218907
"(1, 23, 40)",12.872926534972347
"(14, 19, 35)",12.871380419254173
"(6, 20, 27)",12.86967374742531
"(9, 20, 37)",12.869315642490756
"(17, 28, 34)",12.868827384581605
"(11, 39, 48)",12.868165271769435
"(4, 10, 29)",12.868029611764072
"(10, 29, 38)",12.868029611764072
"(10, 29, 47)",12.868029611764072
"(23, 39)",12.867592869129949
"(37, 39, 43)",12.867041096581008
"(3, 33, 41)",12.866742747743773
"(2, 15, 19)",12.866374121367947
"(19, 24, 40)",12.865861257783251
"(2, 14, 42)",12.8655042142985
"(5, 10, 11)",12.865235315025487
"(30, 40, 43)",12.865058386743096
"(1, 14, 27)",12.86436176816552
"(31, 41, 48)",12.863482848625369
"(19, 21, 29)",12.863327534997865
"(20, 23, 37)",12.863323992851655
"(11, 15, 30)",12.861921522741147
"(0, 24, 48)",12.860602773165478
"(3, 26, 48)",12.860093017984338
"(18, 29, 30)",12.859894988711025
"(9, 33, 44)",12.859137362199618
"(0, 17, 39)",12.8587361034123
"(0, 26, 44)",12.857330169420962
"(28, 43, 48)",12.85697568290306
"(12, 14, 24)",12.856858834656775
"(0, 10, 18)",12.855999222333361
"(24, 26, 30)",12.854692818266395
"(12, 34)",12.853646653804223
"(22, 27, 34)",12.853307918775803
"(2, 32, 36)",12.853169889864423
"(23, 33, 44)",12.853145712560519
"(32, 37, 41)",12.852341276372387
"(15, 26, 35)",12.852117330595675
"(0, 22, 33)",12.851936971010623
"(3, 11, 45)",12.851756219248479
"(6, 11, 36)",12.851142796149595
"(22, 29, 32)",12.848136495721176
"(2, 34, 43)",12.848039200590456
"(6, 28, 34)",12.846954655512295
"(17, 25, 27)",12.846570756180618
"(17, 35, 36)",12.845466523802
"(16, 24, 46)",12.845339672372994
"(3, 42, 46)",12.844680992527007
"(11, 24, 34)",12.844389473003814
"(3, 30, 48)",12.842348208712904
"(0, 34, 46)",12.842328083427997
"(10, 13, 37)",12.84189565916837
"(35, 39, 48)",12.840616270352527
"(0, 30, 44)",12.839585360149528
"(1, 12, 26)",12.839545118180107
"(9, 14, 33)",12.839518145174683
"(0, 14, 26)",12.837710952396026
"(5, 10, 35)",12.837686313608579
"(0, 6, 39)",12.836863374342988
"(19, 28, 44)",12.836761140927266
"(15, 30, 35)",12.83437252132424
"(10, 12, 25)",12.834131624405787
"(14, 23, 33)",12.83352649553558
"(9, 16, 32)",12.83333717047442
"(9, 11, 20)",12.832945647481838
"(1, 16, 37)",12.831730665339258
"(28, 32, 39)",12.831613650208755
"(11, 39, 43)",12.83067110157209
"(28, 40, 45)",12.830173070707264
"(10, 44)",12.829980925010581
"(16, 26)",12.829442213830598
"(0, 42)",12.829218826833324
"(16, 17, 33)",12.829117876352285
"(21, 28)",12.82827290497823
"(16, 23, 32)",12.827345520835319
"(11, 20, 23)",12.826953997842736
"(1, 21, 49)",12.825478970813807
"(9, 15, 23)",12.825036125709065
"(6, 25, 27)",12.824698027111307
"(9, 25, 37)",12.824339922176755
"(3, 35, 45)",12.824207217831571
"(9, 12, 45)",12.823948944380255
"(6, 35, 36)",12.823593794732687
"(0, 24, 43)",12.823108602968134
"(16, 28, 36)",12.82286562289902
"(3, 26, 43)",12.822598847786994
"(1, 12, 30)",12.821800308908673
"(5, 29, 40)",12.819081052644952
"(1, 3, 9)",12.818713836383914
"(19, 27, 45)",12.8183949510608
"(23, 25, 37)",12.818348272537651
"(21, 27, 44)",12.818212069721913
"(12, 23, 45)",12.817957294741154
"(14, 19, 28)",12.81714192390233
"(24, 34, 35)",12.816840471586904
"(11, 32, 41)",12.815971281363469
"(29, 41, 44)",12.81494354868288
"(17, 24, 46)",12.81370207792413
"(9, 21, 40)",12.813149269142906
"(1, 3, 23)",12.81272218674481
"(26, 39, 40)",12.812205288112153
"(2, 22, 41)",12.812067519023921
"(0, 15, 40)",12.811871493982949
"(31, 32, 44)",12.81180996638771
"(7, 9, 29)",12.810538288538595
"(19, 26, 33)",12.809147501869816
"(39, 45, 49)",12.808938815983204
"(2, 20, 33)",12.80888071800522
"(10, 24, 41)",12.808410431150648
"(2, 36, 48)",12.807934014656352
"(6, 16, 33)",12.807245147282977
"(21, 23, 40)",12.807157619503805
"(3, 19, 24)",12.805656909555713
"(10, 11, 13)",12.805525664159452
"(9, 20, 35)",12.80539664606493
"(3, 30, 43)",12.80485403851556
"(7, 23, 29)",12.804546638899492
"(24, 36, 37)",12.803160111881283
"(35, 39, 43)",12.803122100155182
"(22, 29, 48)",12.802900620513105
"(16, 30)",12.802824999923445
"(10, 16, 42)",12.801764474362038
"(9, 17, 32)",12.801699576025557
"(15, 34, 49)",12.800728520428194
"(10, 14)",12.800552099473176
"(1, 17, 37)",12.800093070890394
"(9, 26, 42)",12.799787224973851
"(20, 23, 35)",12.799404996425828
"(14, 21, 27)",12.798592852696975
"(15, 26, 28)",12.797878835243832
"(12, 16, 22)",12.796776182593588
"(17, 23, 32)",12.795707926386456
"(2, 7, 40)",12.795706368703417
"(10, 33, 36)",12.795611124628223
"(1, 11, 16)",12.79536067033034
"(14, 29, 41)",12.795324331657943
"(23, 26, 42)",12.793795575334748
"(10, 22, 26)",12.79309489923636
"(0, 16, 41)",12.792943832247127
"(6, 24, 46)",12.79182934885482
"(19, 30, 33)",12.791402692598382
"(17, 28, 36)",12.791228028450156
"(32, 35, 41)",12.78842227994656
"(9, 16, 48)",12.78810129526635
"(9, 11, 25)",12.787969927167834
"(28, 39, 48)",12.786377775000684
"(20, 24, 27)",12.785321068148077
"(10, 19, 32)",12.783706450931273
"(5, 10, 28)",12.783447818256738
"(33, 40, 42)",12.782438136387292
"(16, 23, 48)",12.782109645627248
"(9, 30, 42)",12.782042415702417
"(17, 26)",12.781985822157303
"(11, 23, 25)",12.781978277528733
"(12, 18, 40)",12.781512095941581
"(15, 28, 30)",12.780134025972398
"(6, 9, 32)",12.779826846956247
"(1, 6, 37)",12.778220341821086
"(10, 13, 35)",12.777976662742544
"(2, 34, 39)",12.77744129268808
"(3, 34, 40)",12.776084879793041
"(23, 30, 42)",12.776050766063314
"(22, 27, 36)",12.775708562644354
"(6, 17, 33)",12.775607552834114
"(10, 22, 30)",12.775350089964926
"(12, 15, 33)",12.774305620330264
"(6, 23, 32)",12.773835197317144
"(12, 21, 26)",12.773776202711563
"(2, 36, 43)",12.770439844459007
"(10, 17, 42)",12.770126879913175
"(3, 28, 45)",12.769968722479728
"(37, 41, 43)",12.769611230966973
"(6, 28, 36)",12.769355299380846
"(1, 16, 35)",12.767811668913431
"(11, 24, 36)",12.766790116872365
"(16, 21, 37)",12.765961749870716
"(22, 29, 43)",12.76540645031576
"(12, 17, 22)",12.765138588144724
"(0, 36, 46)",12.764728727296546
"(9, 22, 46)",12.76401969468334
"(2, 25, 33)",12.763904997691217
"(1, 11, 17)",12.763723075881476
"(24, 28, 34)",12.762601976235063
"(32, 40)",12.762291130460664
"(0, 17, 41)",12.761306237798264
"(9, 25, 35)",12.760420925750928
"(15, 27, 42)",12.759391350114843
"(13, 29, 40)",12.759371401778917
"(3, 5, 29)",12.758876704417416
"(22, 23, 46)",12.758028045044238
"(9, 17, 48)",12.756463700817486
"(12, 21, 30)",12.756031393440129
"(17, 30)",12.755368608250151
"(23, 25, 35)",12.754429276111825
"(18, 42, 49)",12.754083904406226
"(12, 19, 42)",12.75383778878793
"(3, 9, 21)",12.75294492091537
"(0, 24, 39)",12.752510695065757
"(40, 44, 46)",12.75206380450712
"(3, 26, 39)",12.752000939884617
"(0, 3, 15)",12.751667145755414
"(9, 20, 28)",12.751158150713088
"(9, 16, 43)",12.750607125069005
"(17, 23, 48)",12.750472051178384
"(7, 31, 45)",12.750295175672965
"(6, 26)",12.749176728553339
"(28, 39, 43)",12.74888360480334
"(0, 5, 37)",12.748275708335479
"(6, 10, 42)",12.748254150843863
"(3, 21, 23)",12.746953271276269
"(20, 23, 28)",12.745166501073985
"(16, 23, 43)",12.744615475429903
"(5, 27)",12.744236001979166
"(1, 2, 32)",12.743877440526994
"(32, 33, 46)",12.74385852754627
"(4, 27, 46)",12.743849081605296
"(8, 27, 46)",12.743849081605296
"(27, 38, 46)",12.743849081605296
"(27, 46, 47)",12.743849081605296
"(4, 49)",12.7435060795693
"(8, 49)",12.7435060795693
"(38, 49)",12.7435060795693
"(47, 49)",12.7435060795693
"(6, 12, 22)",12.743265859075413
"(10, 21, 46)",12.742996964189501
"(1, 6, 11)",12.741850346812168
"(24, 25, 27)",12.740345347834076
"(0, 6, 41)",12.739433508728952
"(24, 35, 36)",12.739241115455457
"(10, 19, 48)",12.738470575723202
"(19, 22, 37)",12.737353760821406
"(12, 36)",12.73724761960705
"(1, 17, 35)",12.736174074464568
"(2, 3, 7)",12.735502020475879
"(6, 9, 48)",12.734590971748176
"(17, 21, 37)",12.734324155421852
"(28, 32, 41)",12.73418378459472
"(11, 41, 43)",12.733241235958054
"(14, 40, 46)",12.732444587482183
"(2, 16, 18)",12.730611807201756
"(9, 41)",12.730435545167548
"(11, 16, 21)",12.729591754861797
"(6, 23, 48)",12.728599322109073
"(0, 12, 20)",12.725777743020863
"(10, 13, 28)",12.723738167390703
"(15, 36, 49)",12.723129164296745
"(16, 24, 33)",12.722892468005742
"(4, 12, 37)",12.722737141062817
"(8, 12, 37)",12.722737141062817
"(12, 37, 38)",12.722737141062817
"(12, 37, 47)",12.722737141062817
"(6, 30)",12.722559514646186
"(5, 19, 49)",12.722234524551244
"(3, 33, 42)",12.722233788159755
"(23, 41)",12.721448070708895
"(3, 12, 18)",12.721307747714045
"(0, 33, 34)",12.719880879060746
"(2, 4, 9)",12.719024371595184
"(2, 8, 9)",12.719024371595184
"(2, 9, 38)",12.719024371595184
"(2, 9, 47)",12.719024371595184
"(9, 17, 43)",12.718969530620141
"(20, 29, 46)",12.716639080147896
"(29, 32, 34)",12.716080403771299
"(7, 26, 27)",12.715432962932837
"(26, 40, 41)",12.714775422498118
"(0, 4, 29)",12.714700010065144
"(0, 8, 29)",12.714700010065144
"(0, 29, 38)",12.714700010065144
"(0, 29, 47)",12.714700010065144
"(1, 6, 35)",12.71430134539526
"(2, 4, 23)",12.713032721956083
"(2, 8, 23)",12.713032721956083
"(2, 23, 38)",12.713032721956083
"(2, 23, 47)",12.713032721956083
"(17, 23, 43)",12.71297788098104
"(2, 14, 44)",12.712682678051078
"(6, 21, 37)",12.71245142635254
"(0, 5, 11)",12.71190571332656
"(41, 45, 49)",12.711508950369169
"(19, 46)",12.711383327686345
"(32, 37, 42)",12.70783231678837
"(9, 25, 28)",12.706182430399085
"(35, 41, 43)",12.705692234541146
"(12, 32, 48)",12.703960839921717
"(16, 21, 35)",12.70204275344489
"(18, 37, 46)",12.701568088759142
"(11, 19, 22)",12.700983765812486
"(10, 19, 43)",12.700976405525857
"(23, 25, 28)",12.700190780759984
"(2, 36, 39)",12.69984193655663
"(3, 13, 29)",12.699167053551381
"(37, 39, 41)",12.699013323064596
"(2, 17, 18)",12.698974212752892
"(1, 2, 48)",12.698641565318923
"(33, 46, 48)",12.698622652338198
"(3, 36, 40)",12.698485523661592
"(11, 17, 21)",12.697954160412934
"(7, 27, 30)",12.697688153661403
"(6, 9, 43)",12.697096801550831
"(30, 40, 41)",12.697030613226683
"(9, 24, 32)",12.695474167679015
"(22, 29, 39)",12.694808542413384
"(40, 48)",12.694437317648557
"(1, 24, 37)",12.693867662543852
"(3, 44, 46)",12.691859456279584
"(17, 24, 33)",12.691254873556879
"(6, 23, 43)",12.691105151911728
"(26, 29, 45)",12.690555884361384
"(23, 24, 32)",12.689482518039913
"(0, 13, 37)",12.688566057469444
"(15, 37)",12.688045758862994
"(4, 11, 12)",12.686367146053898
"(8, 11, 12)",12.686367146053898
"(11, 12, 38)",12.686367146053898
"(11, 12, 47)",12.686367146053898
"(24, 28, 36)",12.685002620103614
"(0, 5, 35)",12.684356711909652
"(0, 12, 25)",12.68080202270686
"(2, 34, 41)",12.680011427074044
"(9, 16, 39)",12.680009217166628
"(5, 20, 31)",12.679823019785148
"(2, 21, 32)",12.67810852505845
"(2, 6, 18)",12.677101483683582
"(6, 11, 21)",12.676081431343622
"(16, 23, 39)",12.674017567527526
"(19, 22, 35)",12.67343476439558
"(29, 30, 45)",12.67281107508995
"(3, 14, 46)",12.672240239254647
"(3, 32)",12.67198460811936
"(2, 45)",12.67185835820968
"(25, 29, 46)",12.671663359833897
"(11, 32, 42)",12.671462321779451
"(29, 34, 48)",12.670844528563228
"(29, 42, 44)",12.67043458909886
"(17, 21, 35)",12.670405158996026
"(6, 24, 33)",12.669382144487571
"(0, 10, 45)",12.668915308712286
"(2, 22, 42)",12.667558559439904
"(12, 32, 43)",12.666466669724372
"(1, 22, 27)",12.666416113306925
"(11, 18, 46)",12.665198093750224
"(12, 16, 34)",12.66472009064371
"(10, 24, 42)",12.663901471566632
"(7, 10, 37)",12.663541783868297
"(11, 39, 41)",12.662643328055678
"(37, 42, 48)",12.6625964415803
"(13, 19, 49)",12.662524873685207
"(1, 2, 43)",12.661147395121578
"(33, 43, 46)",12.661128482140853
"(10, 26, 34)",12.661038807286483
"(8, 10, 31)",12.660059936976683
"(12, 22, 24)",12.658913179798182
"(4, 12, 35)",12.65881814463699
"(8, 12, 35)",12.65881814463699
"(12, 35, 38)",12.65881814463699
"(12, 35, 47)",12.65881814463699
"(1, 11, 24)",12.657497667534933
"(0, 24, 41)",12.655080829451721
"(13, 27)",12.654671525680113
"(3, 26, 41)",12.654571074270581
"(20, 32, 49)",12.653731087237066
"(0, 11, 13)",12.652196062460526
"(15, 19, 29)",12.651685279143372
"(28, 41, 43)",12.651453739189304
"(14, 29, 42)",12.650815372073925
"(9, 24, 48)",12.650238292470943
"(10, 16, 44)",12.648942938114615
"(6, 21, 35)",12.648532429926714
"(0, 16, 42)",12.64843487266311
"(9, 17, 39)",12.648371622717764
"(16, 21, 28)",12.647804258093046
"(9, 26, 44)",12.646965688726429
"(9, 10, 18)",12.645634741638828
"(23, 24, 48)",12.644246642831842
"(32, 35, 42)",12.643913320362543
"(27, 34, 36)",12.643652470694477
"(10, 30, 34)",12.643293998015048
"(17, 23, 39)",12.642379973078663
"(0, 33, 36)",12.642281522929297
"(9, 22, 33)",12.64157249031609
"(23, 26, 44)",12.640974039087325
"(20, 37, 40)",12.639794880431005
"(0, 22, 26)",12.639765297537433
"(10, 18, 23)",12.639643091999726
"(29, 32, 36)",12.63848104763985
"(40, 43)",12.63819606235254
"(18, 35, 46)",12.637649092333316
"(3, 30, 41)",12.636826264999147
"(22, 23, 33)",12.635580840676987
"(35, 39, 41)",12.63509432663877
"(5, 25, 31)",12.634847299471145
"(11, 15)",12.633490766349617
"(29, 34, 43)",12.633350358365883
"(12, 17, 34)",12.633082496194847
"(2, 21, 48)",12.632872649850379
"(9, 34, 46)",12.631963602733462
"(4, 18, 31)",12.631176330126058
"(8, 18, 31)",12.631176330126058
"(18, 31, 38)",12.631176330126058
"(18, 31, 47)",12.631176330126058
"(18, 29)",12.630450965304433
"(10, 19, 39)",12.63037849762348
"(0, 19, 32)",12.630376849232345
"(0, 5, 28)",12.630118216557811
"(1, 24, 35)",12.629948666118025
"(33, 40, 44)",12.629616600139869
"(10, 14, 16)",12.629323721089678
"(9, 30, 44)",12.629220879454994
"(21, 24, 37)",12.62809874707531
"(9, 14, 26)",12.627346471701493
"(7, 10, 11)",12.627171788859378
"(6, 9, 39)",12.626498893648455
"(11, 42, 48)",12.626226446571382
"(23, 34, 46)",12.62597195309436
"(37, 42, 43)",12.625102271382955
"(0, 13, 35)",12.624647061043618
"(23, 30, 44)",12.623229229815891
"(24, 26)",12.62264770963749
"(0, 22, 30)",12.622020488266
"(4, 27, 33)",12.621401877238046
"(8, 27, 33)",12.621401877238046
"(27, 33, 38)",12.621401877238046
"(27, 33, 47)",12.621401877238046
"(14, 23, 26)",12.62135482206239
"(12, 43, 48)",12.6212307945163
"(10, 21, 33)",12.62054975982225
"(6, 23, 39)",12.620507244009351
"(13, 20, 31)",12.620113368919112
"(19, 22, 28)",12.619196269043737
"(10, 17, 44)",12.617305343665752
"(16, 17, 26)",12.616946202879095
"(0, 17, 42)",12.616797278214246
"(17, 21, 28)",12.616166663644183
"(1, 15, 49)",12.613836714959316
"(9, 24, 43)",12.612744122273599
"(6, 12, 34)",12.611209767125535
"(14, 33, 40)",12.609997383114933
"(25, 32, 49)",12.608755366923067
"(20, 48, 49)",12.608495212028995
"(23, 24, 43)",12.606752472634497
"(15, 27, 44)",12.60656981386742
"(18, 27, 32)",12.605571012517888
"(19, 34, 37)",12.605297668871527
"(4, 12, 28)",12.60457964928515
"(8, 12, 28)",12.60457964928515
"(12, 28, 38)",12.60457964928515
"(12, 28, 47)",12.60457964928515
"(3, 48)",12.604130795307253
"(16, 32, 40)",12.60381640841467
"(11, 20, 40)",12.603424885422086
"(2, 36, 41)",12.602412070942595
"(9, 15, 40)",12.601507013288415
"(18, 44, 49)",12.601262368158803
"(12, 19, 44)",12.601016252540507
"(21, 22, 27)",12.60064719783838
"(0, 44)",12.59998652246219
"(2, 5, 46)",12.599923507522659
"(7, 10, 35)",12.59962278744247
"(16, 17, 30)",12.599201393607661
"(35, 42, 48)",12.598677445154474
"(10, 14, 17)",12.597686126640815
"(22, 29, 41)",12.597378676799348
"(2, 20, 26)",12.59670904453203
"(24, 30)",12.596030495730338
"(12, 32, 39)",12.595868761821995
"(15, 23, 40)",12.595515363649312
"(6, 10, 44)",12.59543261459644
"(2, 21, 43)",12.595378479653034
"(6, 16, 26)",12.595073473809785
"(0, 6, 42)",12.594924549144935
"(25, 37, 40)",12.594819160117003
"(12, 40, 45)",12.594428182320506
"(6, 21, 28)",12.594293934574873
"(20, 29, 33)",12.594191875780647
"(29, 36, 48)",12.593245172431779
"(2, 18, 24)",12.59274880440635
"(15, 35)",12.592167264224255
"(5, 16, 27)",12.59177965609367
"(11, 21, 24)",12.59172875206639
"(4, 16, 49)",12.59129304115376
"(8, 16, 49)",12.59129304115376
"(16, 38, 49)",12.59129304115376
"(16, 47, 49)",12.59129304115376
"(1, 2, 39)",12.590549487219201
"(33, 39, 46)",12.590530574238478
"(28, 32, 42)",12.589674825010704
"(0, 21, 46)",12.589667362490573
"(1, 3, 40)",12.589193074324163
"(11, 42, 43)",12.588732276374037
"(12, 16, 36)",12.587120734512261
"(14, 15, 27)",12.586950596842485
"(0, 19, 48)",12.585140974024274
"(10, 26, 36)",12.583439451155034
"(18, 28, 46)",12.583410596981473
"(9, 16, 41)",12.582579351552592
"(14, 18, 49)",12.581643151133866
"(12, 14, 19)",12.581397035515572
"(7, 29, 40)",12.581017526478842
"(28, 39, 41)",12.580855831286927
"(3, 20, 37)",12.579590532203468
"(19, 26, 30)",12.579231019125192
"(18, 33, 37)",12.579120884391891
"(2, 20, 30)",12.578964235260596
"(6, 16, 30)",12.577328664538351
"(16, 23, 41)",12.57658770191349
"(20, 35, 40)",12.575875884005178
"(6, 10, 14)",12.575813397571505
"(13, 25, 31)",12.57513764860511
"(1, 12)",12.573308945600905
"(17, 32, 40)",12.572178813965806
"(20, 43, 49)",12.57100104183165
"(0, 14)",12.570557696924785
"(0, 13, 28)",12.570408565691775
"(26, 40, 42)",12.570266462914102
"(16, 19, 46)",12.569877873231789
"(3, 33, 44)",12.569412251912333
"(11, 19, 34)",12.568927673862609
"(42, 45, 49)",12.566999990785149
"(10, 30, 36)",12.5656946418836
"(21, 24, 35)",12.564179750649483
"(25, 48, 49)",12.563519491714995
"(6, 17, 26)",12.563435879360922
"(29, 34, 39)",12.562752450463506
"(12, 15, 26)",12.562133946857072
"(35, 42, 43)",12.561183274957129
"(5, 17, 27)",12.560142061644807
"(4, 17, 49)",12.559655446704896
"(8, 17, 49)",12.559655446704896
"(17, 38, 49)",12.559655446704896
"(17, 47, 49)",12.559655446704896
"(16, 40, 48)",12.558580533206598
"(11, 25, 40)",12.558449165108085
"(29, 36, 43)",12.555751002234434
"(12, 17, 36)",12.555483140063398
"(37, 39, 42)",12.554504363480579
"(9, 36, 46)",12.554364246602013
"(15, 16, 37)",12.554319494016223
"(30, 40, 42)",12.552521653642668
"(2, 25, 26)",12.551733324218027
"(9, 17, 41)",12.550941757103729
"(12, 39, 48)",12.550632886613926
"(6, 32, 40)",12.550306084896496
"(3, 14, 33)",12.549793034887397
"(25, 29, 33)",12.549216155466645
"(23, 36, 46)",12.54837259696291
"(15, 21, 49)",12.548067799490772
"(3, 43)",12.547889540011235
"(5, 10, 12)",12.547702929869978
"(0, 19, 43)",12.547646803826929
"(6, 17, 30)",12.545691070089488
"(7, 10, 28)",12.545384292090628
"(17, 23, 41)",12.544950107464627
"(28, 42, 48)",12.544438949802633
"(12, 15, 30)",12.544389137585638
"(3, 16, 32)",12.543612060187133
"(2, 16, 45)",12.54352789358068
"(3, 11, 20)",12.543220537194552
"(11, 18, 33)",12.542750889382972
"(9, 24, 39)",12.542146214371222
"(19, 34, 35)",12.5413786724457
"(3, 9, 15)",12.54130266506088
"(2, 13, 46)",12.540213856656624
"(5, 6, 27)",12.538269332575497
"(17, 19, 46)",12.538240278782926
"(5, 9, 37)",12.537911227640944
"(4, 6, 49)",12.537782717635586
"(6, 8, 49)",12.537782717635586
"(6, 38, 49)",12.537782717635586
"(6, 47, 49)",12.537782717635586
"(23, 24, 39)",12.53615456473212
"(2, 34, 42)",12.535502467490026
"(14, 32, 37)",12.535391563516011
"(3, 15, 23)",12.535311015421776
"(3, 25, 37)",12.534614811889467
"(22, 40, 46)",12.534498932623588
"(1, 27, 34)",12.534360021357047
"(3, 12, 45)",12.53422383409297
"(2, 25, 30)",12.533988514946593
"(6, 12, 36)",12.533610410994086
"(10, 19, 41)",12.532948632009445
"(39, 40)",12.532299200498976
"(13, 16, 27)",12.532070005227634
"(5, 23, 37)",12.531919578001842
"(26, 32, 46)",12.53168685407308
"(10, 15, 46)",12.53135470833501
"(25, 35, 40)",12.530900163691177
"(1, 29, 32)",12.52918859830242
"(6, 9, 41)",12.529069028034419
"(19, 33)",12.52771252113547
"(19, 36, 37)",12.527698312740078
"(17, 40, 48)",12.526942938757735
"(12, 24, 34)",12.526857087848304
"(25, 43, 49)",12.52602532151765
"(2, 21, 39)",12.524780571750657
"(3, 21, 40)",12.523424158855619
"(6, 23, 41)",12.523077378395316
"(18, 27, 43)",12.522840967112472
"(15, 17, 37)",12.52268189956736
"(20, 28, 40)",12.521637388653335
"(16, 40, 43)",12.521086363009253
"(3, 7, 29)",12.520813178251306
"(11, 39, 42)",12.51813436847166
"(11, 15, 16)",12.517949499007305
"(6, 19, 46)",12.516367549713618
"(16, 18, 29)",12.515922964977182
"(3, 20, 35)",12.515671535777642
"(9, 12, 20)",12.515413262326328
"(18, 33, 35)",12.515201887966064
"(2, 22, 44)",12.514737023192481
"(37, 45, 46)",12.514484175138065
"(30, 32, 46)",12.513942044801645
"(9, 42)",12.513672105791523
"(12, 39, 43)",12.51313871641658
"(3, 17, 32)",12.51197446573827
"(2, 17, 45)",12.511890299131817
"(10, 24, 44)",12.51107993531921
"(15, 28)",12.510809521196492
"(16, 24, 26)",12.510720794532553
"(0, 24, 42)",12.510571869867704
"(0, 7, 37)",12.510212182169369
"(3, 26, 42)",12.510062114686566
"(21, 24, 28)",12.50994125529764
"(19, 20, 27)",12.509859269006872
"(37, 44, 48)",12.509774905332877
"(9, 33, 34)",12.50951639836621
"(12, 20, 23)",12.509421612687227
"(0, 26, 34)",12.507709205587554
"(28, 42, 43)",12.506944779605288
"(6, 40, 48)",12.505070209688425
"(23, 42)",12.50468463133287
"(4, 9, 29)",12.50433552937061
"(8, 9, 29)",12.50433552937061
"(9, 29, 38)",12.50433552937061
"(9, 29, 47)",12.50433552937061
"(10, 22)",12.503633617185285
"(23, 33, 34)",12.50352474872711
"(5, 9, 11)",12.501541232632025
"(6, 15, 37)",12.500809170498052
"(13, 17, 27)",12.500432410778771
"(20, 39, 49)",12.500403133929275
"(11, 14, 32)",12.499021568507093
"(12, 32, 41)",12.49843889620796
"(3, 16, 48)",12.498376184979062
"(4, 23, 29)",12.498343879731507
"(8, 23, 29)",12.498343879731507
"(23, 29, 38)",12.498343879731507
"(23, 29, 47)",12.498343879731507
"(3, 11, 25)",12.498244816880549
"(14, 29, 44)",12.497993835826502
"(0, 16, 44)",12.495613336415687
"(5, 11, 23)",12.495549582992924
"(2, 14, 22)",12.495117806167546
"(1, 2, 41)",12.493119621605166
"(33, 41, 46)",12.493100708624443
"(16, 24, 30)",12.492975985261118
"(3, 30, 42)",12.492317305415131
"(0, 9, 18)",12.4923051399399
"(10, 14, 24)",12.491460718294272
"(11, 19, 36)",12.49132831773116
"(35, 39, 42)",12.490585367054752
"(15, 16, 35)",12.490400497590397
"(14, 37, 48)",12.49015568830794
"(3, 6, 32)",12.49010173666896
"(2, 6, 45)",12.490017570062507
"(0, 30, 34)",12.48996439631612
"(2, 4, 40)",12.489503609535433
"(2, 8, 40)",12.489503609535433
"(2, 38, 40)",12.489503609535433
"(2, 40, 47)",12.489503609535433
"(17, 40, 43)",12.48944876856039
"(10, 12, 13)",12.487993279003943
"(19, 28, 34)",12.487140177093858
"(26, 46, 48)",12.486450978865008
"(0, 18, 23)",12.486313490300798
"(11, 15, 17)",12.486311904558441
"(29, 36, 39)",12.485153094332057
"(17, 18, 29)",12.484285370528319
"(1, 29, 48)",12.48395272309435
"(17, 24, 26)",12.47908320008369
"(6, 13, 27)",12.478559681709463
"(9, 13, 37)",12.478201576774909
"(11, 45, 46)",12.478114180129147
"(1, 12, 16)",12.47782828517483
"(2, 5, 33)",12.47747630315541
"(0, 19, 39)",12.477048895924552
"(25, 28, 40)",12.476661668339336
"(0, 14, 16)",12.47599411939075
"(12, 21)",12.47465557239809
"(3, 22, 46)",12.474294584396052
"(1, 10, 26)",12.474147001817604
"(5, 9, 35)",12.473992231215117
"(0, 7, 11)",12.47384218716045
"(11, 44, 48)",12.473404910323959
"(37, 43, 44)",12.47228073513553
"(13, 23, 37)",12.472209927135808
"(14, 32, 35)",12.471472567090185
"(3, 25, 35)",12.47069581546364
"(9, 12, 25)",12.470437542012325
"(30, 46, 48)",12.468706169593574
"(21, 27, 34)",12.468591105888503
"(5, 23, 35)",12.468000581576016
"(6, 40, 43)",12.46757603949108
"(0, 21, 33)",12.467220158123324
"(3, 17, 48)",12.466738590530198
"(2, 15, 32)",12.46646626920396
"(24, 32, 40)",12.465953405619263
"(29, 34, 41)",12.46532258484947
"(19, 25, 27)",12.464883548692871
"(12, 23, 25)",12.464445892373224
"(6, 11, 15)",12.464439175489131
"(0, 17, 44)",12.463975741966824
"(19, 35, 36)",12.463779316314252
"(21, 29, 32)",12.463419682833877
"(6, 18, 29)",12.462412641459009
"(3, 20, 28)",12.4614330404258
"(17, 24, 30)",12.461338390812255
"(18, 28, 33)",12.460963392614222
"(3, 16, 43)",12.460882014781717
"(15, 17, 35)",12.458762903141533
"(9, 10, 45)",12.458550828017753
"(2, 36, 42)",12.45790311135858
"(6, 24, 26)",12.45721047101438
"(37, 41, 42)",12.457074497866543
"(1, 27, 36)",12.456760665225598
"(1, 10, 30)",12.45640219254617
"(25, 39, 49)",12.455427413615272
"(5, 24, 27)",12.453916653298265
"(11, 14, 48)",12.453785693299022
"(4, 24, 49)",12.453430038358354
"(8, 24, 49)",12.453430038358354
"(24, 38, 49)",12.453430038358354
"(24, 47, 49)",12.453430038358354
"(22, 29, 42)",12.452869717215332
"(14, 37, 43)",12.452661518110595
"(10, 23, 45)",12.45255917837865
"(18, 27, 39)",12.452243059210096
"(35, 45, 46)",12.450565178712239
"(16, 39, 40)",12.450488455106877
"(12, 24, 36)",12.449257731716855
"(26, 43, 46)",12.448956808667663
"(16, 19, 33)",12.44743066886454
"(1, 29, 43)",12.446458552897004
"(0, 7, 35)",12.446293185743542
"(1, 12, 17)",12.446190690725967
"(35, 44, 48)",12.44585590890705
"(3, 6, 48)",12.444865861460888
"(9, 24, 41)",12.444716348757186
"(0, 14, 17)",12.444356524941886
"(4, 31, 45)",12.444092416504983
"(8, 31, 45)",12.444092416504983
"(31, 38, 45)",12.444092416504983
"(31, 45, 47)",12.444092416504983
"(0, 6, 44)",12.442103012897512
"(3, 39)",12.441992678157671
"(9, 11, 13)",12.44183158176599
"(7, 20, 31)",12.441759493619038
"(6, 24, 30)",12.439465661742945
"(23, 24, 41)",12.438724699118085
"(9, 16, 42)",12.438070391968576
"(6, 15, 35)",12.436890174072225
"(28, 39, 42)",12.43634687170291
"(15, 16, 28)",12.436162002238556
"(11, 43, 44)",12.435910740126612
"(11, 13, 23)",12.435839932126889
"(16, 23, 42)",12.432078742329473
"(19, 24, 46)",12.432014870436385
"(9, 33, 36)",12.431917042234762
"(10, 16, 22)",12.431378066231083
"(30, 43, 46)",12.43121199939623
"(0, 26, 36)",12.430109849456105
"(9, 22, 26)",12.429400816842898
"(2, 3, 4)",12.429299261307897
"(2, 3, 8)",12.429299261307897
"(2, 3, 38)",12.429299261307897
"(2, 3, 47)",12.429299261307897
"(3, 17, 43)",12.429244420332854
"(2, 21, 41)",12.427350706136622
"(14, 35, 48)",12.426236691882114
"(23, 33, 36)",12.42592539259566
"(1, 6, 12)",12.424317961656659
"(22, 23, 26)",12.423409167203797
"(0, 6, 14)",12.422483795872576
"(2, 15, 48)",12.421230393995888
"(24, 40, 48)",12.420717530411192
"(11, 41, 42)",12.420704502857625
"(9, 19, 32)",12.420012368537812
"(5, 9, 28)",12.419753735863276
"(17, 39, 40)",12.418850860658013
"(27, 32, 45)",12.418487098896813
"(1, 19, 37)",12.418405863402647
"(21, 29, 48)",12.418183807625805
"(2, 13, 33)",12.417766652289373
"(26, 40, 44)",12.417444926666679
"(14, 28, 32)",12.417234071738344
"(3, 25, 28)",12.4164573201118
"(15, 24, 37)",12.416456491220817
"(11, 14, 43)",12.416291523101677
"(10, 18, 40)",12.416113979579077
"(17, 19, 33)",12.415793074415676
"(12, 41, 43)",12.415708850802545
"(9, 13, 35)",12.414282580349083
"(44, 45, 49)",12.414178454537726
"(19, 23, 32)",12.414020718898708
"(5, 23, 28)",12.413762086224175
"(0, 30, 36)",12.412365040184671
"(12, 16, 21)",12.412059369706288
"(22, 33, 40)",12.412051728256339
"(9, 22, 30)",12.411656007571464
"(19, 28, 36)",12.409540820962409
"(26, 32, 33)",12.409239649705828
"(4, 26, 27)",12.409230203764855
"(8, 26, 27)",12.409230203764855
"(26, 27, 38)",12.409230203764855
"(26, 27, 47)",12.409230203764855
"(10, 15, 33)",12.408907503967761
"(10, 21, 26)",12.40837808634906
"(35, 43, 44)",12.408361738709704
"(13, 23, 35)",12.408290930709981
"(3, 6, 43)",12.407371691263544
"(9, 17, 42)",12.406432797519713
"(3, 24, 32)",12.405749057391727
"(2, 24, 45)",12.405664890785275
"(22, 23, 30)",12.405664357932363
"(1, 28, 31)",12.404630173013985
"(15, 17, 28)",12.404524407789692
"(20, 41, 49)",12.40297326831524
"(34, 40, 46)",12.40244284067371
"(37, 39, 44)",12.401682827233156
"(17, 23, 42)",12.40044114788061
"(10, 17, 22)",12.39974047178222
"(30, 40, 44)",12.399700117395245
"(14, 26, 40)",12.397825709641742
"(6, 39, 40)",12.396978131588703
"(7, 25, 31)",12.396783773305037
"(28, 45, 46)",12.396326683360398
"(14, 45, 49)",12.39455923751279
"(0, 5, 12)",12.394373328171051
"(13, 24, 27)",12.39420700243223
"(6, 19, 33)",12.393920345346366
"(35, 41, 42)",12.393155501440717
"(0, 7, 28)",12.392054690391701
"(33, 37, 45)",12.392036970770816
"(28, 44, 48)",12.39161741355521
"(30, 32, 33)",12.391494840434394
"(4, 27, 30)",12.39148539449342
"(8, 27, 30)",12.39148539449342
"(27, 30, 38)",12.39148539449342
"(27, 30, 47)",12.39148539449342
"(21, 27, 36)",12.390991749757054
"(10, 21, 30)",12.390633277077626
"(3, 16, 39)",12.39028410687934
"(15, 22, 27)",12.38900494198389
"(14, 35, 43)",12.388742521684769
"(10, 19, 42)",12.388439672425427
"(29, 36, 41)",12.387723228718022
"(7, 27)",12.387140712730002
"(40, 41)",12.386154402077922
"(5, 29, 46)",12.385234665298086
"(6, 9, 42)",12.384560068450401
"(2, 15, 43)",12.383736223798543
"(18, 22, 49)",12.383697496275271
"(12, 19, 22)",12.383451380656977
"(24, 40, 43)",12.383223360213847
"(2, 34, 44)",12.382680931242604
"(6, 15, 28)",12.382651678720382
"(14, 37, 39)",12.382063610208219
"(1, 11, 19)",12.382035868393729
"(20, 26, 29)",12.382020202307455
"(21, 29, 43)",12.38068963742846
"(12, 17, 21)",12.380421775257425
"(11, 15, 24)",12.380086496211899
"(0, 19, 41)",12.379619030310517
"(9, 21, 46)",12.37930288179604
"(6, 23, 42)",12.378568418811298
"(26, 39, 46)",12.378358900765287
"(18, 24, 29)",12.378059962181776
"(0, 15, 46)",12.378025106636082
"(6, 10, 22)",12.37786774271291
"(1, 29, 39)",12.375860644994628
"(9, 19, 48)",12.37477649332974
"(21, 23, 46)",12.373311232156937
"(14, 28, 48)",12.371998196530273
"(19, 23, 48)",12.368784843690637
"(18, 26, 37)",12.366949210918701
"(11, 39, 44)",12.365312832224237
"(20, 29, 30)",12.36427539303602
"(26, 33, 48)",12.364003774497757
"(2, 14, 34)",12.363061714217668
"(2, 7, 46)",12.361859981356549
"(3, 24, 48)",12.360513182183656
"(0, 10, 20)",12.360379626658359
"(9, 13, 28)",12.360044084997241
"(3, 17, 39)",12.358646512430477
"(6, 12, 21)",12.358549046188113
"(25, 41, 49)",12.357997548001237
"(0, 24, 44)",12.357750333620281
"(4, 10, 37)",12.357339024700313
"(10, 37, 38)",12.357339024700313
"(10, 37, 47)",12.357339024700313
"(3, 26, 44)",12.357240578439143
"(3, 10, 18)",12.35590963135154
"(11, 33, 45)",12.355666975761897
"(18, 27, 41)",12.35481319359606
"(1, 19, 35)",12.35448686697682
"(28, 43, 44)",12.354123243357865
"(13, 23, 28)",12.354052435358138
"(12, 32, 42)",12.353929936623942
"(7, 16, 27)",12.353716129927562
"(16, 40, 41)",12.353058589492841
"(19, 21, 37)",12.352636947934105
"(15, 24, 35)",12.35253749479499
"(3, 22, 33)",12.3518473800288
"(29, 45)",12.34982509487282
"(18, 30, 37)",12.349204401647267
"(1, 2, 42)",12.348610662021148
"(33, 42, 46)",12.348591749040425
"(12, 18, 46)",12.347665708594715
"(30, 33, 48)",12.346258965226323
"(11, 14, 39)",12.3456936151993
"(12, 39, 41)",12.345110942900169
"(3, 34, 46)",12.342238492446175
"(1, 12, 24)",12.339965282379424
"(3, 30, 44)",12.339495769167709
"(28, 41, 42)",12.338917006088874
"(10, 32, 48)",12.338562723559214
"(0, 14, 24)",12.338131116595344
"(35, 39, 44)",12.33776383080733
"(3, 14, 26)",12.337621361414206
"(22, 32, 37)",12.337445908657418
"(9, 19, 43)",12.337282323132396
"(25, 26, 29)",12.337044481993455
"(3, 6, 39)",12.336773783361167
"(27, 43, 45)",12.335757053491397
"(0, 12, 13)",12.334663677305016
"(14, 28, 43)",12.334504026332928
"(19, 23, 43)",12.331290673493292
"(11, 18, 26)",12.330579215909783
"(16, 29, 45)",12.328839051356107
"(33, 35, 45)",12.32811797434499
"(26, 33, 43)",12.326509604300412
"(13, 29, 46)",12.32552501443205
"(36, 40, 46)",12.324843484542262
"(3, 24, 43)",12.323019011986311
"(5, 32, 49)",12.322326672387256
"(7, 17, 27)",12.322078535478699
"(17, 40, 41)",12.321420995043978
"(4, 10, 11)",12.320969029691394
"(10, 11, 38)",12.320969029691394
"(10, 11, 47)",12.320969029691394
"(0, 1, 26)",12.320817400118676
"(29, 34, 42)",12.320813625265455
"(25, 29, 30)",12.319299672722021
"(14, 35, 39)",12.318144613782392
"(2, 18, 19)",12.317287005265147
"(11, 19, 21)",12.316266952925186
"(0, 10, 25)",12.315403906344356
"(2, 15, 39)",12.313138315896166
"(11, 18, 30)",12.312834406638348
"(24, 39, 40)",12.312625452311472
"(7, 31, 49)",12.31224152136495
"(3, 15, 40)",12.311781903001128
"(21, 29, 39)",12.310091729526084
"(7, 10, 12)",12.30963940370387
"(19, 24, 33)",12.309567666069135
"(30, 33, 43)",12.308764795028978
"(12, 42, 48)",12.308694061415872
"(5, 37, 40)",12.308390465581194
"(10, 34)",12.305549479260467
"(0, 9, 45)",12.305221226318825
"(2, 36, 44)",12.305081575111156
"(37, 41, 44)",12.30425296161912
"(0, 1, 30)",12.303072590847242
"(18, 26, 35)",12.303030214492875
"(11, 22, 32)",12.3010759136485
"(10, 32, 43)",12.301068553361869
"(9, 24, 42)",12.30020738917317
"(6, 7, 27)",12.300205806409387
"(22, 29, 44)",12.30004818096791
"(7, 9, 37)",12.299847701474835
"(6, 40, 41)",12.299548265974668
"(10, 16, 34)",12.299321974281206
"(0, 23, 45)",12.299229576679723
"(15, 24, 28)",12.29829899944315
"(9, 26, 34)",12.297344724893021
"(17, 29, 45)",12.297201456907244
"(3, 41)",12.295847879736618
"(23, 24, 42)",12.294215739534067
"(7, 23, 37)",12.293856051835732
"(10, 22, 24)",12.293515063435677
"(4, 10, 35)",12.293420028274486
"(10, 35, 38)",12.293420028274486
"(10, 35, 47)",12.293420028274486
"(3, 16, 41)",12.292854241265305
"(22, 37, 48)",12.292210033449347
"(23, 26, 34)",12.291353075253918
"(19, 21, 35)",12.288717951508279
"(5, 13, 31)",12.288708954069302
"(16,)",12.286866964322682
"(12, 20, 40)",12.285892500266577
"(2, 14, 36)",12.28546235808622
"(18, 30, 35)",12.28528540522144
"(9, 16, 44)",12.285248855721154
"(14, 37, 41)",12.284633744594183
"(9, 44)",12.284439801420389
"(28, 39, 44)",12.283525335455487
"(2, 21, 42)",12.282841746552606
"(1, 21, 27)",12.281699300419625
"(26, 41, 46)",12.280929035151251
"(14, 22, 29)",12.280428963942972
"(33, 34, 40)",12.27999563630646
"(9, 30, 34)",12.279599915621587
"(16, 23, 44)",12.27925720608205
"(1, 29, 41)",12.278430779380592
"(0, 16, 22)",12.278048464532157
"(5, 48, 49)",12.277090797179184
"(9, 18, 23)",12.275949009606265
"(23, 44)",12.275452326961735
"(6, 29, 45)",12.275328727837934
"(4, 29, 40)",12.27481476731086
"(8, 29, 40)",12.27481476731086
"(29, 38, 40)",12.27481476731086
"(29, 40, 47)",12.27481476731086
"(12, 21, 24)",12.27419636691088
"(28, 33, 45)",12.273879478993148
"(0, 22)",12.273639214636894
"(23, 30, 34)",12.273608265982483
"(22, 32, 35)",12.273526912231592
"(5, 11, 40)",12.272020470572276
"(12, 42, 43)",12.271199891218528
"(11, 41, 44)",12.267882966610202
"(10, 17, 34)",12.267684379832343
"(9, 19, 39)",12.266684415230019
"(9, 14, 16)",12.265629638696216
"(2, 5, 26)",12.265304629682218
"(27, 39, 45)",12.26515914558902
"(3, 36, 46)",12.264639136314726
"(14, 28, 39)",12.263906118430551
"(7, 9, 11)",12.263477706465917
"(30, 41, 46)",12.263184225879817
"(5, 29, 33)",12.262787460930834
"(0, 18, 40)",12.26278437788015
"(13, 32, 49)",12.262617021521221
"(3, 17, 41)",12.261216646816441
"(19, 23, 39)",12.260692765590916
"(14, 16, 23)",12.259637989057115
"(20, 42, 49)",12.258464308731222
"(7, 11, 23)",12.257486056826814
"(15, 27, 34)",12.256948850034012
"(9, 21, 33)",12.256855677428788
"(26, 33, 39)",12.255911696398035
"(11, 22, 48)",12.255840038440429
"(10, 43, 48)",12.255832678153798
"(0, 15, 33)",12.255577902268833
"(0, 21, 26)",12.255048484650132
"(9, 14)",12.255010975882984
"(22, 37, 43)",12.254715863252002
"(9, 17, 44)",12.25361126127229
"(3, 24, 39)",12.252421104083934
"(15, 29, 32)",12.251777426979386
"(18, 34, 49)",12.251641404325394
"(12, 19, 34)",12.2513952887071
"(21, 23, 33)",12.250864027789687
"(18, 26, 28)",12.248791719141032
"(13, 37, 40)",12.248680814715158
"(11, 14, 41)",12.248263749585265
"(3, 5, 37)",12.248186117353658
"(17, 23, 44)",12.247619611633187
"(2, 5, 30)",12.247559820410784
"(0, 17, 22)",12.246410870083293
"(14, 23)",12.24602350142433
"(6, 10, 34)",12.245811650763033
"(5, 35, 40)",12.244471469155368
"(29, 36, 42)",12.243214269134004
"(12, 25, 40)",12.240916779952576
"(35, 41, 44)",12.240333965193294
"(5, 43, 49)",12.23959662698184
"(2, 7, 33)",12.2394127769893
"(16, 17)",12.239410572649387
"(3, 6, 41)",12.239343917747131
"(4, 10, 28)",12.239181532922645
"(10, 28, 38)",12.239181532922645
"(10, 28, 47)",12.239181532922645
"(0, 21, 30)",12.237303675378698
"(7, 9, 35)",12.235928705049009
"(10, 19, 44)",12.235618136178005
"(16, 19, 26)",12.235258995391348
"(0, 19, 42)",12.235110070726499
"(2, 16, 20)",12.234992211526754
"(19, 21, 28)",12.234479456156436
"(9, 14, 17)",12.233992044247353
"(6, 9, 44)",12.231738532202979
"(18, 28, 30)",12.231046909869598
"(10, 32, 39)",12.230470645459492
"(7, 23, 35)",12.229937055409906
"(10, 40, 45)",12.229030065958002
"(22, 35, 48)",12.22829103702352
"(14, 17, 23)",12.228000394608252
"(6, 23, 44)",12.225746882563875
"(3, 12, 20)",12.225688152039043
"(12, 18, 33)",12.225218504227463
"(0, 6, 22)",12.224538141013982
"(10, 16, 36)",12.221722618149757
"(14, 35, 41)",12.220714748168357
"(3, 33, 34)",12.219791288078925
"(9, 26, 36)",12.219745368761572
"(22, 28, 32)",12.219288416879749
"(11, 22, 43)",12.218345868243084
"(16, 19, 30)",12.217514186119914
"(13, 48, 49)",12.21738114631315
"(10, 14, 19)",12.21599891915307
"(7, 24, 27)",12.215853127132156
"(2, 15, 41)",12.215708450282131
"(24, 40, 41)",12.215195586697435
"(3, 4, 29)",12.214610419083323
"(3, 8, 29)",12.214610419083323
"(3, 29, 38)",12.214610419083323
"(3, 29, 47)",12.214610419083323
"(23, 26, 36)",12.213753719122469
"(25, 42, 49)",12.21348858841722
"(21, 29, 41)",12.212661863912048
"(11, 13, 40)",12.21231081970624
"(6, 9, 14)",12.212119315178043
"(3, 5, 11)",12.21181612234474
"(18, 27, 42)",12.210304234012042
"(19, 26)",12.209455010925684
"(2, 20)",12.20905483512879
"(16, 40, 42)",12.208549629908823
"(6, 16)",12.206601479045423
"(15, 29, 48)",12.206541551771315
"(6, 14, 23)",12.20612766553894
"(20, 37, 46)",12.205948493084138
"(2, 13, 26)",12.205594978816183
"(32, 34, 37)",12.205389816707541
"(0, 4, 37)",12.204009423001386
"(0, 8, 37)",12.204009423001386
"(0, 37, 38)",12.204009423001386
"(0, 37, 47)",12.204009423001386
"(17, 19, 26)",12.203621400942485
"(2, 17, 20)",12.20335461707789
"(13, 29, 33)",12.2030778100648
"(0, 3, 18)",12.202580029652614
"(33, 36, 40)",12.202396280175012
"(9, 30, 36)",12.202000559490138
"(6, 16, 17)",12.201719046355645
"(12, 39, 42)",12.200601983316151
"(12, 15, 16)",12.200417113851795
"(22, 26, 40)",12.199880054783147
"(10, 15, 26)",12.19673583049457
"(22, 45, 49)",12.196613582654198
"(23, 30, 36)",12.196008909851034
"(1, 2, 44)",12.195789125773725
"(33, 44, 46)",12.195770212793002
"(17,)",12.191954180976094
"(24, 29, 45)",12.190976048560701
"(22, 35, 43)",12.190796866826176
"(19, 32, 40)",12.190491606478059
"(5, 28, 40)",12.190232973803525
"(10, 17, 36)",12.190085023700894
"(2, 16, 25)",12.19001649121275
"(10, 36)",12.189150445063294
"(3, 13, 37)",12.188476466487622
"(2, 13, 30)",12.187850169544749
"(28, 41, 44)",12.186095469841451
"(17, 19, 30)",12.18587659167105
"(10, 39, 48)",12.185234770251421
"(0, 32, 48)",12.185233121860286
"(13, 35, 40)",12.184761818289331
"(3, 5, 35)",12.184267120927831
"(22, 37, 39)",12.184117955349626
"(5, 9, 12)",12.184008847476516
"(19, 30)",12.182837797018532
"(22, 30, 40)",12.182135245511713
"(6, 19, 26)",12.181748671873176
"(7, 9, 28)",12.181690209697166
"(12, 14, 32)",12.181489183351584
"(2, 6, 20)",12.18148188800858
"(3, 12, 25)",12.18071243172504
"(13, 43, 49)",12.179886976115805
"(26, 37, 45)",12.179865297297624
"(15, 27, 36)",12.179349493902563
"(26, 30, 32)",12.179323166961204
"(10, 15, 30)",12.178991021223135
"(5, 19, 27)",12.17845485415706
"(5, 12, 23)",12.178017197837415
"(4, 19, 49)",12.17796823921715
"(8, 19, 49)",12.17796823921715
"(19, 38, 49)",12.17796823921715
"(19, 47, 49)",12.17796823921715
"(17, 40, 42)",12.17691203545996
"(1, 2, 14)",12.17616990874879
"(14, 33, 46)",12.176150995768065
"(7, 23, 28)",12.175698560058065
"(22, 28, 48)",12.174052541671678
"(18, 36, 49)",12.174042048193945
"(12, 19, 36)",12.17379593257565
"(16, 32, 46)",12.169970021067803
"(11, 20, 46)",12.16957849807522
"(40, 42)",12.169390962701897
"(9, 19, 41)",12.169254549615983
"(15, 29, 43)",12.16904738157397
"(11, 32, 34)",12.16901982169862
"(5, 39, 49)",12.168998719079463
"(3, 10, 45)",12.168825717730465
"(12, 15, 17)",12.168779519402932
"(6, 10, 36)",12.168212294631584
"(29, 34, 44)",12.167992089018032
"(27, 41, 45)",12.167729279974985
"(9, 15, 46)",12.167660625941549
"(0, 4, 11)",12.167639427992468
"(0, 8, 11)",12.167639427992468
"(0, 11, 38)",12.167639427992468
"(0, 11, 47)",12.167639427992468
"(14, 28, 41)",12.166476252816516
"(2, 22, 34)",12.165116059359073
"(6, 19, 30)",12.164003862601742
"(19, 23, 41)",12.16326289997688
"(30, 37, 45)",12.16212048802619
"(15, 23, 46)",12.161668976302446
"(10, 24, 34)",12.1614589714858
"(25, 37, 46)",12.160972772770137
"(12, 45, 46)",12.160581794973638
"(34, 37, 48)",12.16015394149947
"(37, 42, 44)",12.159744002035104
"(6, 17)",12.159145087372128
"(26, 33, 41)",12.158481830784
"(2, 17, 25)",12.158378896763887
"(12, 15)",12.157192188616353
"(0, 7, 12)",12.156309802004941
"(12, 44, 48)",12.15587252516845
"(6, 40, 42)",12.155039306390652
"(3, 24, 41)",12.154991238469899
"(3, 11, 13)",12.152106471478705
"(9, 10, 20)",12.150015145963826
"(21, 40, 46)",12.149782119736289
"(14, 29, 34)",12.148372871993095
"(3, 16, 42)",12.148345281681287
"(11, 22, 39)",12.147747960340707
"(10, 39, 43)",12.147740600054076
"(0, 32, 43)",12.14773895166294
"(9, 24, 44)",12.147385852925748
"(7, 29, 46)",12.147171139131977
"(6, 12, 15)",12.146906790333622
"(0, 16, 34)",12.14599237258228
"(19, 40, 48)",12.145255731269987
"(10, 20, 23)",12.144023496324722
"(11, 26, 45)",12.143495302288706
"(3, 33, 36)",12.142191931947476
"(20, 35, 46)",12.142029496658312
"(2, 25)",12.141591254657786
"(32, 34, 35)",12.141470820281715
"(23, 24, 44)",12.141394203286644
"(15, 19, 37)",12.140994692079612
"(30, 33, 41)",12.140737021512566
"(0, 22, 24)",12.14018546173675
"(14, 37, 42)",12.140124785010165
"(0, 4, 35)",12.14009042657556
"(0, 8, 35)",12.14009042657556
"(0, 35, 38)",12.14009042657556
"(0, 35, 47)",12.14009042657556
"(3, 22, 26)",12.139675706555611
"(17, 32, 46)",12.13833242661894
"(22, 28, 43)",12.136558371474333
"(2, 6, 25)",12.136506167694577
"(26, 42, 46)",12.136420075567234
"(12, 14, 48)",12.136253308143512
"(4, 20, 31)",12.135556734451056
"(8, 20, 31)",12.135556734451056
"(20, 31, 38)",12.135556734451056
"(20, 31, 47)",12.135556734451056
"(1, 31, 46)",12.134999972967828
"(26, 30, 48)",12.134087291753133
"(1, 29, 42)",12.133921819796576
"(10, 32, 41)",12.133040779845457
"(13, 28, 40)",12.130523322937488
"(3, 19, 32)",12.130287258250522
"(2, 19, 45)",12.13020309164407
"(3, 5, 28)",12.130028625575989
"(2, 21, 44)",12.130020210305183
"(32, 36, 37)",12.12779046057609
"(9, 14, 24)",12.12776663590081
"(6,)",12.126335993768164
"(11, 30, 45)",12.125750493017271
"(16, 46, 48)",12.124734145859732
"(11, 25, 46)",12.124602777761218
"(3, 13, 35)",12.124557470061795
"(9, 12, 13)",12.124299196610481
"(1, 31, 33)",12.123881315720919
"(11, 34, 48)",12.123783946490551
"(11, 42, 44)",12.123374007026186
"(34, 37, 43)",12.122659771302125
"(3, 22, 30)",12.121930897284177
"(14, 23, 24)",12.121774986261707
"(22, 35, 39)",12.1201989589238
"(13, 19, 27)",12.118745203291025
"(30, 42, 46)",12.1186752662958
"(12, 43, 44)",12.118378354971103
"(12, 13, 23)",12.11830754697138
"(16, 17, 24)",12.117366367078413
"(3, 17, 42)",12.116707687232424
"(6, 32, 46)",12.11645969754963
"(26, 35, 45)",12.115946300871798
"(0, 17, 34)",12.114354778133416
"(1, 10, 16)",12.112430168812327
"(32, 46)",12.111521549440363
"(1, 9, 26)",12.110452919424143
"(2, 14, 21)",12.110400993280246
"(5, 7, 31)",12.110355078769226
"(20, 27, 32)",12.109951416842886
"(13, 39, 49)",12.109289068213428
"(19, 40, 43)",12.107761561072643
"(20, 44, 49)",12.1056427724838
"(9, 10, 25)",12.105039425649823
"(11, 15, 19)",12.104624697070694
"(1, 23, 26)",12.10446126978504
"(11, 14, 42)",12.103754790001247
"(12, 41, 42)",12.103172117702115
"(18, 19, 29)",12.102598163040573
"(0, 43, 48)",12.10250307645487
"(10, 23, 25)",12.09904777601072
"(12, 14, 43)",12.098759137946168
"(15, 29, 39)",12.098449473671593
"(30, 35, 45)",12.098201491600364
"(19, 24, 26)",12.097395992595944
"(2, 20, 24)",12.097129208731348
"(25, 35, 46)",12.09705377634431
"(26, 30, 43)",12.096593121555788
"(34, 35, 48)",12.096234945073643
"(35, 42, 44)",12.095825005609278
"(6, 16, 24)",12.095493638009103
"(3, 6, 42)",12.094834958163116
"(17, 46, 48)",12.093096551410868
"(1, 9, 30)",12.092708110152708
"(0, 6, 34)",12.092482049064104
"(11, 32, 36)",12.091420465567172
"(4, 25, 31)",12.090581014137053
"(8, 25, 31)",12.090581014137053
"(25, 31, 38)",12.090581014137053
"(25, 31, 47)",12.090581014137053
"(29, 36, 44)",12.090392732886581
"(3, 21, 46)",12.089577771508752
"(9, 23, 45)",12.088865095985188
"(20, 28, 46)",12.08779100130647
"(2, 22, 36)",12.087516703227625
"(16, 43, 46)",12.087239975662387
"(28, 32, 34)",12.087232324929872
"(1, 23, 30)",12.086716460513605
"(22, 37, 41)",12.08668808973559
"(11, 34, 43)",12.086289776293206
"(14, 20, 49)",12.086023555458862
"(0, 4, 28)",12.085851931223718
"(0, 8, 28)",12.085851931223718
"(0, 28, 38)",12.085851931223718
"(0, 28, 47)",12.085851931223718
"(3, 19, 48)",12.085051383042451
"(10, 24, 36)",12.083859615354351
"(20, 33, 37)",12.083501288716889
"(36, 37, 48)",12.082554585368019
"(0, 19, 44)",12.082288534479076
"(1, 10, 17)",12.080792574363464
"(16, 24)",12.080072460129575
"(19, 24, 30)",12.07965118332451
"(3, 42)",12.079084440360592
"(0, 32, 39)",12.077141043760564
"(15, 19, 35)",12.077075695653786
"(14, 35, 42)",12.076205788584339
"(0, 40, 45)",12.075700464259075
"(0, 34)",12.075555076712078
"(5, 41, 49)",12.071568853465427
"(6, 46, 48)",12.071223822341558
"(2, 15, 42)",12.071199490698113
"(14, 29, 36)",12.070773515861646
"(24, 40, 42)",12.070686627113417
"(7, 37, 40)",12.070326939415084
"(3, 13, 28)",12.070318974709952
"(1, 15, 27)",12.070057044565132
"(0, 16, 36)",12.06839301645083
"(21, 29, 42)",12.06815290432803
"(26, 34, 40)",12.06782396283327
"(9, 16, 22)",12.067683983837622
"(22, 28, 39)",12.065960463571956
"(25, 27, 32)",12.064975696528883
"(1, 18, 49)",12.064749598856515
"(34, 45, 49)",12.064557490704319
"(1, 12, 19)",12.06450348323822
"(32, 35, 36)",12.063871464150264
"(6, 17, 24)",12.06385604356024
"(0, 14, 19)",12.06266931745414
"(12, 15, 24)",12.06255411105639
"(26, 28, 45)",12.061707805519957
"(16, 22, 23)",12.061692334198518
"(25, 44, 49)",12.060667052169798
"(1, 6, 10)",12.058919845294154
"(34, 35, 43)",12.058740774876298
"(18, 27, 44)",12.05748269776462
"(16, 40, 44)",12.0557280936614
"(2, 4, 46)",12.055657222188566
"(2, 8, 46)",12.055657222188566
"(2, 38, 46)",12.055657222188566
"(2, 46, 47)",12.055657222188566
"(17, 43, 46)",12.055602381213523
"(9, 18, 40)",12.052419897185615
"(2, 24, 25)",12.052153488417344
"(34, 37, 39)",12.052061863399748
"(7, 13, 31)",12.050645427903191
"(5, 26, 29)",12.050615787457645
"(11, 22, 41)",12.050318094726672
"(10, 41, 43)",12.05031073444004
"(30, 34, 40)",12.050079153561835
"(12, 39, 44)",12.047780447068728
"(3, 19, 43)",12.047557212845106
"(16, 32, 33)",12.047522816700553
"(4, 16, 27)",12.047513370759578
"(8, 16, 27)",12.047513370759578
"(16, 27, 38)",12.047513370759578
"(16, 27, 47)",12.047513370759578
"(11, 20, 33)",12.04713129370797
"(10, 16, 21)",12.046661253343784
"(18, 23, 40)",12.046428247546514
"(11, 36, 48)",12.0461845903591
"(9, 15, 33)",12.0452134215743
"(36, 37, 43)",12.045060415170674
"(9, 21, 26)",12.044684003955599
"(28, 30, 45)",12.043962996248522
"(46, 48)",12.043667736628256
"(0, 15, 26)",12.043406228795641
"(25, 28, 46)",12.042815280992468
"(28, 34, 48)",12.0419964497218
"(28, 42, 44)",12.041586510257435
"(14, 25, 49)",12.04104783514486
"(15, 23, 33)",12.039221771935196
"(21, 23, 26)",12.038692354316495
"(25, 33, 37)",12.038525568402886
"(12, 33, 45)",12.038134590606388
"(14, 18, 27)",12.037863480739684
"(19, 39, 40)",12.037163653170268
"(0, 17, 36)",12.036755422001967
"(14, 16, 40)",12.036108876636465
"(9, 17, 22)",12.036046389388758
"(7, 11, 40)",12.033956944406166
"(6, 43, 46)",12.033729652144213
"(5, 29, 30)",12.03287097818621
"(17, 24)",12.03261606845628
"(24, 32, 46)",12.032107018272397
"(0, 39, 48)",12.031905168552495
"(17, 22, 23)",12.030054739749655
"(0, 5, 10)",12.028975211808547
"(12, 14, 39)",12.028161230043791
"(21, 33, 40)",12.027334915369039
"(2, 7, 26)",12.027241103516108
"(20, 27, 43)",12.02722137143747
"(9, 21, 30)",12.026939194684164
"(0, 15, 30)",12.025661419524207
"(1, 10)",12.02521177105715
"(9, 19, 42)",12.024745590031966
"(7, 29, 33)",12.024723934764726
"(17, 40, 44)",12.024090499212537
"(27, 42, 45)",12.023220320390969
"(15, 19, 28)",12.022837200301945
"(22, 35, 41)",12.022769093309764
"(14, 28, 42)",12.0219672932325
"(21, 23, 30)",12.020947545045061
"(16, 20, 29)",12.02030336930218
"(20, 33, 35)",12.019582292291062
"(19, 23, 42)",12.018753940392862
"(35, 36, 48)",12.018635588942193
"(1, 32, 37)",12.018498011238663
"(10, 19, 22)",12.018053264294474
"(16, 39, 46)",12.01664206776001
"(17, 32, 33)",12.01588522225169
"(4, 17, 27)",12.015875776310715
"(8, 17, 27)",12.015875776310715
"(17, 27, 38)",12.015875776310715
"(17, 27, 47)",12.015875776310715
"(11, 34, 39)",12.01569186839083
"(0, 3, 45)",12.015496116031539
"(10, 17, 21)",12.01502365889492
"(0, 6, 36)",12.014882692932655
"(6, 9, 22)",12.014173660319448
"(26, 33, 42)",12.013972871199982
"(12, 18, 26)",12.013046830754273
"(13, 41, 49)",12.011859202599393
"(3, 24, 42)",12.010482278885881
"(3, 7, 37)",12.010122591187548
"(28, 32, 36)",12.009632968798423
"(2, 7, 30)",12.009496294244673
"(11, 36, 43)",12.008690420161756
"(6, 22, 23)",12.008182010680347
"(0, 24, 34)",12.008129369786873
"(3, 26, 34)",12.007619614605733
"(7, 35, 40)",12.006407942989258
"(16, 18, 37)",12.005232377913423
"(28, 34, 43)",12.004502279524456
"(14, 17, 40)",12.004471282187602
"(15, 21, 27)",12.00428812909659
"(4, 10, 12)",12.003436644535885
"(10, 12, 38)",12.003436644535885
"(10, 12, 47)",12.003436644535885
"(16, 33, 48)",12.002286941492482
"(6, 40, 44)",12.002217770143229
"(11, 25, 33)",12.002155573393967
"(15, 29, 41)",12.001019608057558
"(6, 24)",11.999806974852316
"(18, 21, 49)",11.998980683387972
"(12, 19, 21)",11.998734567769677
"(0, 9, 20)",11.996685544264897
"(30, 33, 42)",11.996228061928548
"(3, 16, 44)",11.995523745433864
"(12, 18, 30)",11.99530202148284
"(0, 39, 43)",11.99441099835515
"(6, 32, 33)",11.994012493182378
"(4, 6, 27)",11.994003047241405
"(6, 8, 27)",11.994003047241405
"(6, 27, 38)",11.994003047241405
"(6, 27, 47)",11.994003047241405
"(4, 9, 37)",11.993644942306851
"(8, 9, 37)",11.993644942306851
"(9, 37, 38)",11.993644942306851
"(9, 37, 47)",11.993644942306851
"(6, 10, 21)",11.99315092982561
"(3, 9, 18)",11.992215548958079
"(13, 26, 29)",11.990906136591608
"(0, 20, 23)",11.990693894625796
"(26, 36, 40)",11.99022460670182
"(3, 30, 34)",11.9898748053343
"(17, 20, 29)",11.988665774853317
"(10, 32, 42)",11.98853182026144
"(34, 35, 39)",11.988142866973922
"(4, 23, 37)",11.98765329266775
"(8, 23, 37)",11.98765329266775
"(23, 37, 38)",11.98765329266775
"(23, 37, 47)",11.98765329266775
"(43, 46)",11.987426481332239
"(14, 37, 44)",11.987303248762743
"(36, 45, 49)",11.98695813457287
"(24, 46, 48)",11.986871143064326
"(3, 18, 23)",11.986223899318976
"(17, 39, 46)",11.985004473311147
"(26, 44, 46)",11.98359853931981
"(12, 22, 32)",11.98354352849299
"(6, 14, 40)",11.982598553118292
"(10, 18, 46)",11.98226759223221
"(25, 27, 43)",11.982245651123467
"(1, 11, 32)",11.982128016229742
"(35, 36, 43)",11.981141418744848
"(1, 29, 44)",11.981100283549154
"(10, 39, 41)",11.979712826537664
"(0, 32, 41)",11.979711178146529
"(1, 2, 22)",11.978224253890195
"(22, 33, 46)",11.978205340909472
"(3, 19, 39)",11.97695930494273
"(3, 14, 16)",11.975904528408929
"(16, 25, 29)",11.975327648988177
"(9, 32, 48)",11.974868641165752
"(25, 33, 35)",11.97460657197706
"(1, 10, 24)",11.974567166016922
"(36, 37, 39)",11.974462507268298
"(3, 7, 11)",11.97375259617863
"(17, 18, 37)",11.97359478346456
"(1, 37, 48)",11.97326213603059
"(13, 29, 30)",11.973161327320174
"(30, 36, 40)",11.972479797430386
"(17, 33, 48)",11.970649347043619
"(0, 10, 13)",11.969265560942512
"(23, 32, 48)",11.968876991526649
"(11, 16, 18)",11.968862382904506
"(22, 28, 41)",11.96853059795792
"(3, 21, 33)",11.967130567141503
"(6, 20, 29)",11.966793045784005
"(30, 44, 46)",11.965853730048376
"(20, 28, 33)",11.96534379693922
"(16, 33, 43)",11.964792771295137
"(28, 36, 48)",11.964397093590351
"(14, 26, 46)",11.963979322294875
"(3, 17, 44)",11.963886150985001
"(6, 39, 46)",11.963131744241837
"(1, 14, 29)",11.961481066524216
"(0, 36)",11.959156042514904
"(0, 1, 16)",11.9591005671134
"(9, 22)",11.958092493595093
"(4, 9, 11)",11.957274947297932
"(8, 9, 11)",11.957274947297932
"(9, 11, 38)",11.957274947297932
"(9, 11, 47)",11.957274947297932
"(20, 27, 39)",11.956623463535093
"(2, 34, 36)",11.955460611277747
"(34, 37, 41)",11.954631997785713
"(1, 32, 35)",11.954579014812836
"(5, 12, 40)",11.954488085416767
"(21, 32, 37)",11.952729095770117
"(7, 28, 40)",11.952169447637417
"(6, 18, 37)",11.951722054395251
"(0, 9, 25)",11.951709823950894
"(4, 11, 23)",11.951283297658831
"(8, 11, 23)",11.951283297658831
"(11, 23, 38)",11.951283297658831
"(11, 23, 47)",11.951283297658831
"(11, 14, 44)",11.950933253753824
"(22, 29, 34)",11.9504272171345
"(12, 41, 44)",11.950350581454693
"(24, 43, 46)",11.94937697286698
"(22, 23)",11.94910501913644
"(6, 33, 48)",11.948776617974307
"(3, 7, 35)",11.946203594761721
"(7, 9, 12)",11.945945321310408
"(0, 23, 25)",11.945718174311793
"(3, 14, 17)",11.944266933960066
"(17, 25, 29)",11.943690054539314
"(10, 42, 48)",11.943295945053368
"(22, 37, 42)",11.942179130151573
"(3, 6, 44)",11.942013421915693
"(16, 18, 35)",11.941313381487596
"(7, 19, 27)",11.940391327990952
"(40, 44)",11.940158658330763
"(7, 12, 23)",11.939953671671304
"(19, 40, 41)",11.93973378755623
"(12, 22, 48)",11.93830765328492
"(15, 40, 46)",11.938139863881798
"(11, 36, 39)",11.938092512259379
"(9, 32, 43)",11.937374470968408
"(11, 17, 18)",11.937224788455643
"(1, 11, 48)",11.936892141021671
"(1, 37, 43)",11.935767965833245
"(9, 16, 34)",11.935627891887744
"(28, 34, 39)",11.933904371622079
"(2, 4, 33)",11.933210017821317
"(2, 8, 33)",11.933210017821317
"(2, 33, 38)",11.933210017821317
"(2, 33, 47)",11.933210017821317
"(17, 33, 43)",11.933155176846274
"(23, 32, 43)",11.931382821329304
"(12, 14, 41)",11.930731364429755
"(0, 24, 36)",11.930530013655424
"(3, 26, 36)",11.930020258474284
"(9, 22, 24)",11.929820981042216
"(4, 9, 35)",11.929725945881025
"(8, 9, 35)",11.929725945881025
"(9, 35, 38)",11.929725945881025
"(9, 35, 47)",11.929725945881025
"(16, 23, 34)",11.929636242248643
"(26, 30, 41)",11.928565348039376
"(32, 33)",11.927850742889488
"(4, 27)",11.927836573978027
"(8, 27)",11.927836573978027
"(27, 38)",11.927836573978027
"(27, 47)",11.927836573978027
"(0, 1, 17)",11.927462972664536
"(5, 42, 49)",11.92705989388141
"(28, 36, 43)",11.926902923393007
"(10, 21)",11.926558397854334
"(22, 23, 24)",11.923829331403114
"(4, 23, 35)",11.923734296241923
"(8, 23, 35)",11.923734296241923
"(23, 35, 38)",11.923734296241923
"(23, 35, 47)",11.923734296241923
"(14, 35, 44)",11.923384252336916
"(3, 6, 14)",11.922394204890756
"(6, 25, 29)",11.921817325470005
"(10, 20, 40)",11.920494383904074
"(25, 28, 33)",11.920368076625218
"(16, 41, 46)",11.919212202145975
"(2, 15, 44)",11.91837795445069
"(11, 34, 41)",11.918262002776794
"(24, 40, 44)",11.917865090865995
"(2, 18, 32)",11.917379153101159
"(11, 21, 32)",11.916359100761198
"(19, 29, 45)",11.915514249419498
"(6, 11, 18)",11.915352059386331
"(21, 29, 44)",11.915331368080608
"(2, 21, 22)",11.912455338421651
"(3, 30, 36)",11.91227544920285
"(25, 27, 39)",11.91164774322109
"(6, 33, 43)",11.911282447776962
"(14, 40)",11.910729832793358
"(35, 36, 39)",11.910543510842471
"(17, 18, 35)",11.909675787038733
"(24, 32, 33)",11.909659813905147
"(4, 24, 27)",11.909650367964172
"(8, 24, 27)",11.909650367964172
"(24, 27, 38)",11.909650367964172
"(24, 27, 47)",11.909650367964172
"(1, 35, 48)",11.909343139604763
"(10, 21, 24)",11.908798250548378
"(21, 37, 48)",11.907493220562046
"(11, 22, 42)",11.905809135142654
"(10, 42, 43)",11.905801774856023
"(0, 1, 6)",11.905590243595226
"(9, 17, 34)",11.903990297438881
"(2, 5, 16)",11.903587796676941
"(12, 22, 43)",11.900813483087575
"(1, 11, 43)",11.899397970824326
"(2, 14, 15)",11.898758737425755
"(14, 24, 40)",11.89824587384106
"(17, 23, 34)",11.89799864779978
"(0, 41, 43)",11.896981132741114
"(14, 21, 29)",11.895712151055672
"(12, 13, 40)",11.89477843455073
"(3, 5, 12)",11.89428373718923
"(16, 33, 39)",11.89419486339276
"(0, 16, 21)",11.893331651644857
"(9, 43, 48)",11.892138595760336
"(3, 7, 28)",11.89196509940988
"(34, 35, 41)",11.890713001359886
"(21, 32, 35)",11.88881009934429
"(20, 22, 49)",11.888077900600269
"(6, 18, 35)",11.887803057969425
"(17, 41, 46)",11.887574607697111
"(16, 18, 28)",11.887074886135755
"(20, 29)",11.887021571791928
"(23, 43, 48)",11.886146946121233
"(10, 19, 34)",11.885997172344597
"(20, 24, 29)",11.882440366506774
"(6, 9, 34)",11.882117568369571
"(39, 46)",11.881529619478675
"(1, 26, 40)",11.880932157364391
"(3, 19, 41)",11.879529439328694
"(24, 39, 46)",11.878779064964604
"(22, 35, 42)",11.878260133725746
"(3, 15, 46)",11.877935515654261
"(1, 45, 49)",11.87766568523544
"(36, 37, 41)",11.877032641654262
"(6, 23, 34)",11.876125918730468
"(10, 25, 40)",11.875518663590071
"(4, 9, 28)",11.875487450529183
"(8, 9, 28)",11.875487450529183
"(9, 28, 38)",11.875487450529183
"(9, 28, 47)",11.875487450529183
"(5, 37, 46)",11.874544078234326
"(24,)",11.873277955936466
"(22, 29, 36)",11.872827861003051
"(2, 18, 48)",11.872143277893088
"(2, 5, 17)",11.871950202228078
"(9, 19, 44)",11.871924053784543
"(1, 35, 43)",11.871848969407418
"(20, 26, 37)",11.871329615243697
"(11, 21, 48)",11.871123225553127
"(27, 44, 45)",11.870398784143546
"(21, 37, 43)",11.8699990503647
"(4, 23, 28)",11.869495800890082
"(8, 23, 28)",11.869495800890082
"(23, 28, 38)",11.869495800890082
"(23, 28, 47)",11.869495800890082
"(14, 28, 44)",11.869145756985077
"(18, 24, 37)",11.867369375118018
"(13, 42, 49)",11.867350243015375
"(9, 32, 39)",11.866776563066031
"(19, 23, 44)",11.86593240414544
"(6, 41, 46)",11.865701878627801
"(9, 40, 45)",11.86533598356454
"(1, 37, 39)",11.865170057930868
"(0, 19, 22)",11.864723662595546
"(24, 33, 48)",11.864423938697076
"(18, 37)",11.864415084708796
"(1, 30, 40)",11.863187348092957
"(17, 33, 39)",11.862557268943897
"(0, 17, 21)",11.861694057195994
"(26, 33, 44)",11.86115133495256
"(23, 32, 39)",11.860784913426928
"(3, 10, 20)",11.860290035676538
"(33, 48)",11.859996930077381
"(10, 18, 33)",11.85982038786496
"(23, 40, 45)",11.859344333925439
"(20, 27, 41)",11.859193597921058
"(9, 16, 36)",11.858028535756295
"(3, 24, 44)",11.857660742638458
"(15, 29, 42)",11.856510648473542
"(28, 36, 39)",11.85630501549063
"(17, 18, 28)",11.855437291686892
"(20, 30, 37)",11.853584805972263
"(9, 14, 19)",11.852304836759608
"(12, 20, 46)",11.85204611291971
"(16, 23, 36)",11.852036886117194
"(12, 32, 34)",11.851487436543112
"(14, 27, 45)",11.85077956711861
"(0, 4, 12)",11.850107042836958
"(0, 8, 12)",11.850107042836958
"(0, 12, 38)",11.850107042836958
"(0, 12, 47)",11.850107042836958
"(2, 5, 6)",11.850077473158768
"(3, 44)",11.849852135989458
"(14, 19, 23)",11.846313187120504
"(1, 2, 34)",11.846168161940318
"(33, 34, 46)",11.846149248959595
"(2, 13, 16)",11.843878145810905
"(21, 35, 48)",11.84357422413622
"(30, 33, 44)",11.843406525681125
"(22, 25, 49)",11.843102180286266
"(16, 17, 19)",11.84190456793721
"(14, 26, 33)",11.841532117927624
"(4, 29, 46)",11.840968379963993
"(8, 29, 46)",11.840968379963993
"(29, 38, 46)",11.840968379963993
"(29, 46, 47)",11.840968379963993
"(6, 33, 39)",11.840684539874585
"(11, 36, 41)",11.840662646645344
"(18, 22, 27)",11.839917825881091
"(0, 6, 21)",11.839821328126682
"(5, 11, 46)",11.838174083225407
"(16, 22, 40)",11.83816322177787
"(3, 14, 24)",11.838041525613523
"(24, 25, 29)",11.837464646192771
"(28, 34, 41)",11.836474506008043
"(16, 26, 32)",11.835351143227362
"(10, 39, 42)",11.835203866953648
"(0, 32, 42)",11.835202218562511
"(10, 15, 16)",11.835018997489293
"(11, 20, 26)",11.834959620234779
"(2, 18, 43)",11.834649107695743
"(3, 12, 13)",11.834574086323196
"(21, 28, 32)",11.83457160399245
"(11, 21, 43)",11.833629055355782
"(6, 18, 28)",11.833564562617582
"(9, 15, 26)",11.833041748101108
"(11, 18, 24)",11.8309993801091
"(12, 22, 39)",11.830215575185198
"(0, 18, 46)",11.828937990533284
"(1, 11, 39)",11.82880006292195
"(15, 23, 26)",11.827050098462005
"(24, 33, 43)",11.826929768499731
"(9, 17, 36)",11.826390941307432
"(0, 39, 41)",11.826383224838738
"(25, 26, 37)",11.826353894929696
"(12, 26, 45)",11.825962917133197
"(22, 28, 42)",11.824021638373903
"(2, 19, 20)",11.821667409590143
"(9, 39, 48)",11.82154068785796
"(0, 1, 24)",11.821237564317993
"(1, 3, 26)",11.820727809136855
"(3, 14)",11.820423310452053
"(17, 23, 36)",11.82039929166833
"(6, 16, 19)",11.820031838867898
"(25, 29)",11.819557991320925
"(5, 9, 10)",11.818610731114013
"(16, 37, 45)",11.81814846429235
"(16, 30, 32)",11.817606333955927
"(11, 20, 30)",11.817214810963344
"(10, 14, 32)",11.816091066989081
"(15, 33, 40)",11.815692659514546
"(23, 39, 48)",11.815549038218858
"(3, 10, 25)",11.815314315362535
"(9, 15, 30)",11.815296938829674
"(21, 26, 40)",11.815163241895847
"(13, 37, 46)",11.814834427368291
"(25, 27, 41)",11.814217877607055
"(35, 36, 41)",11.813113645228436
"(5, 10, 23)",11.81261908147491
"(7, 26, 29)",11.812552261291536
"(2, 13, 17)",11.812240551362041
"(21, 45, 49)",11.811896769766896
"(5, 35, 46)",11.8106250818085
"(34, 37, 42)",11.810123038201695
"(11, 18)",11.809860092195418
"(15, 23, 30)",11.80930528919057
"(25, 30, 37)",11.808609085658262
"(10, 19, 36)",11.808397816213148
"(12, 30, 45)",11.808218107861762
"(20, 26, 35)",11.80741061881787
"(12, 25, 46)",11.80707039260571
"(17, 22, 40)",11.806525627329007
"(12, 34, 48)",11.806251561335042
"(21, 35, 43)",11.806080053938874
"(12, 42, 44)",11.805841621870677
"(3, 9, 45)",11.805131635337004
"(6, 9, 36)",11.804518212238122
"(4, 5, 31)",11.804152319601243
"(5, 8, 31)",11.804152319601243
"(5, 31, 38)",11.804152319601243
"(5, 31, 47)",11.804152319601243
"(33, 43)",11.803755674781364
"(17, 26, 32)",11.803713548778498
"(18, 24, 35)",11.803450378692192
"(10, 15, 17)",11.80338140304043
"(1, 3, 30)",11.80298299986542
"(1, 35, 39)",11.801251061505042
"(21, 37, 39)",11.799401142462324
"(3, 23, 45)",11.799139985697902
"(6, 23, 36)",11.798526562599019
"(9, 24, 34)",11.797764889092338
"(21, 30, 40)",11.797418432624413
"(16, 33, 41)",11.796764997778725
"(19, 40, 42)",11.795224827972213
"(0, 1)",11.795217368508759
"(10, 45, 46)",11.795183678611135
"(7, 29, 30)",11.794807452020102
"(23, 24, 34)",11.791773239453237
"(0, 7, 10)",11.790911685642438
"(10, 44, 48)",11.790474408805945
"(2, 6, 13)",11.790367822292733
"(16, 26, 48)",11.79011526801929
"(11, 25, 26)",11.789983899920777
"(0, 42, 48)",11.789966343354441
"(20, 30, 35)",11.789665809546436
"(22, 37, 44)",11.78935759390415
"(21, 28, 48)",11.789335728784378
"(6, 17, 19)",11.788394244419035
"(15, 18, 49)",11.78733842753348
"(12, 15, 19)",11.787092311915185
"(17, 37, 45)",11.786510869843486
"(12, 14, 42)",11.786222404845738
"(17, 30, 32)",11.785968739507064
"(6, 22, 40)",11.784652898259697
"(26, 30, 42)",11.784056388455358
"(9, 39, 43)",11.784046517660615
"(6, 26, 32)",11.781840819709188
"(11, 16, 45)",11.78177846928343
"(6, 10, 15)",11.78150867397112
"(24, 41, 46)",11.781349199350569
"(2, 21, 34)",11.780399246471774
"(9, 20, 23)",11.78032941393126
"(5, 27, 32)",11.778547001993074
"(11, 13, 46)",11.778464432359373
"(4, 32, 49)",11.778060387053163
"(8, 32, 49)",11.778060387053163
"(32, 38, 49)",11.778060387053163
"(32, 47, 49)",11.778060387053163
"(23, 39, 43)",11.778054868021513
"(3, 16, 22)",11.777958873550334
"(2, 19, 25)",11.77669168927614
"(16, 42, 46)",11.774703242561959
"(5, 44, 49)",11.774238357633987
"(12, 32, 36)",11.773888080411663
"(11, 34, 42)",11.773753043192777
"(16, 30, 48)",11.772370458747856
"(11, 25, 30)",11.772239090649343
"(10, 14, 48)",11.77085519178101
"(14, 22, 37)",11.769738376879214
"(9, 32, 41)",11.769346697451995
"(12, 34, 43)",11.768757391137697
"(1, 2, 36)",11.768568805808869
"(33, 36, 46)",11.768549892828144
"(18, 35)",11.768536590070056
"(1, 37, 41)",11.767740192316833
"(0, 20, 40)",11.767164782205146
"(22, 26, 46)",11.76603366743628
"(2, 5, 24)",11.765724793881535
"(17, 33, 41)",11.765127403329862
"(6, 37, 45)",11.764638140774174
"(4, 37, 40)",11.764124180247101
"(8, 37, 40)",11.764124180247101
"(37, 38, 40)",11.764124180247101
"(37, 40, 47)",11.764124180247101
"(6, 30, 32)",11.764096010437754
"(2, 18, 39)",11.764051199793366
"(1, 22, 29)",11.763535411665622
"(23, 32, 41)",11.763355047812892
"(11, 21, 39)",11.763031147453406
"(3, 18, 40)",11.762694786898328
"(25, 26, 35)",11.76243489850387
"(9, 34)",11.760008355670276
"(9, 10, 13)",11.758901080247979
"(28, 36, 41)",11.758875149876594
"(17, 26, 48)",11.758477673570427
"(19, 32, 46)",11.756645219131194
"(5, 28, 46)",11.756386586456658
"(24, 33, 39)",11.756331860597355
"(20, 34, 49)",11.756021808650392
"(3, 15, 33)",11.75548831128701
"(0, 21, 24)",11.755468648849451
"(3, 21, 26)",11.754958893668311
"(5, 14, 49)",11.754619140609051
"(16, 35, 45)",11.754229467866523
"(20, 26, 28)",11.75317212346603
"(11, 22, 44)",11.752987598895231
"(10, 43, 44)",11.7529802386086
"(10, 13, 23)",11.752909430608875
"(16, 26, 43)",11.752621097821946
"(0, 42, 43)",11.752472173157097
"(5, 33, 37)",11.752096873867076
"(21, 28, 43)",11.751841558587033
"(23, 34)",11.751020881211623
"(13, 35, 46)",11.750915430942465
"(11, 17, 45)",11.750140874834567
"(18, 24, 28)",11.749211883340351
"(1, 9, 16)",11.748736086418866
"(22, 30, 46)",11.748288858164846
"(3, 17, 22)",11.74632127910147
"(34, 35, 42)",11.746204041775869
"(32, 40, 48)",11.745347879106001
"(25, 30, 35)",11.744690089232435
"(4, 13, 31)",11.744442668735209
"(8, 13, 31)",11.744442668735209
"(13, 31, 38)",11.744442668735209
"(13, 31, 47)",11.744442668735209
"(6, 33, 41)",11.74325467426055
"(17, 42, 46)",11.743065648113095
"(1, 16, 23)",11.742744436779763
"(15, 32, 37)",11.741086839915628
"(29, 34, 36)",11.740771769053174
"(17, 30, 48)",11.740732864298993
"(10, 41, 42)",11.737774001339613
"(3, 21, 30)",11.737214084396877
"(6, 26, 48)",11.736604944501117
"(16, 19, 24)",11.735679159590667
"(21, 35, 39)",11.735482146036498
"(20, 28, 30)",11.735427314194595
"(41, 46)",11.735384821057622
"(9, 23, 25)",11.735353693617258
"(3, 19, 42)",11.735020479744676
"(16, 30, 43)",11.734876288550511
"(11, 14, 22)",11.733368381870294
"(10, 14, 43)",11.733361021583665
"(4, 48, 49)",11.732824511845092
"(8, 48, 49)",11.732824511845092
"(38, 48, 49)",11.732824511845092
"(47, 48, 49)",11.732824511845092
"(12, 22, 41)",11.732785709571163
"(0, 19, 34)",11.732667570645669
"(36, 37, 42)",11.732523682070244
"(1, 11, 41)",11.731370197307914
"(2, 32, 45)",11.730295239480084
"(12, 20, 33)",11.729598908552461
"(12, 36, 48)",11.728652205203591
"(6, 11, 45)",11.728268145765256
"(4, 11, 40)",11.727754185238183
"(8, 11, 40)",11.727754185238183
"(11, 38, 40)",11.727754185238183
"(11, 40, 47)",11.727754185238183
"(22, 35, 44)",11.725438597478323
"(3, 6, 22)",11.724448550032161
"(17, 35, 45)",11.72259187341766
"(0, 25, 40)",11.722189061891145
"(6, 42, 46)",11.721192919043784
"(2, 4, 26)",11.721038344348125
"(2, 8, 26)",11.721038344348125
"(2, 26, 38)",11.721038344348125
"(2, 26, 47)",11.721038344348125
"(17, 26, 43)",11.720983503373082
"(9, 24, 36)",11.72016553296089
"(6, 30, 48)",11.718860135229683
"(13, 27, 32)",11.71883735112704
"(4, 29, 33)",11.718521175596742
"(8, 29, 33)",11.718521175596742
"(29, 33, 38)",11.718521175596742
"(29, 33, 47)",11.718521175596742
"(1, 9, 17)",11.717098491970003
"(7, 12, 40)",11.716424559250656
"(5, 11, 33)",11.715726878858158
"(20, 27, 42)",11.71468463833704
"(13, 44, 49)",11.714528706767952
"(23, 24, 36)",11.714173883321788
"(2, 5)",11.711948212854072
"(19, 46, 48)",11.711409343923123
"(1, 17, 23)",11.7111068423309
"(25, 34, 49)",11.711046088336388
"(25, 26, 28)",11.708196403152026
"(18, 27, 34)",11.707861733931212
"(32, 40, 43)",11.707853708908656
"(0, 3, 20)",11.706960433977612
"(0, 18, 33)",11.706490786166032
"(16, 34, 40)",11.706107129827993
"(2, 13, 24)",11.7060151430155
"(14, 22, 35)",11.705819380453388
"(11, 15, 32)",11.704716844906708
"(17, 19, 24)",11.704041565141804
"(3, 4, 37)",11.703919832019565
"(3, 8, 37)",11.703919832019565
"(3, 37, 38)",11.703919832019565
"(3, 37, 47)",11.703919832019565
"(1, 35, 41)",11.703821195891006
"(15, 29, 44)",11.703689112226119
"(2, 4, 30)",11.703293535076691
"(2, 8, 30)",11.703293535076691
"(2, 30, 38)",11.703293535076691
"(2, 30, 47)",11.703293535076691
"(17, 30, 43)",11.703238694101648
"(2, 21, 36)",11.702799890340325
"(18, 29, 32)",11.702690310876585
"(21, 37, 41)",11.701971276848289
"(2, 15, 22)",11.70081308256716
"(6, 35, 45)",11.700719144348348
"(22, 24, 40)",11.700300218982466
"(4, 35, 40)",11.700205183821275
"(8, 35, 40)",11.700205183821275
"(35, 38, 40)",11.700205183821275
"(35, 40, 47)",11.700205183821275
"(16, 28, 45)",11.69999097251468
"(6, 26, 43)",11.699110774303772
"(1, 10, 19)",11.699105366875717
"(12, 34, 39)",11.69815948323532
"(33, 39)",11.6978588129278
"(21, 22, 29)",11.697766496197078
"(24, 26, 32)",11.697488140431956
"(10, 15, 24)",11.697155994693887
"(13, 28, 46)",11.696676935590624
"(0, 21)",11.696563995305944
"(11, 36, 42)",11.696153687061326
"(15, 37, 48)",11.695850964707555
"(5, 27, 43)",11.695816956587658
"(4, 43, 49)",11.695330341647747
"(8, 43, 49)",11.695330341647747
"(38, 43, 49)",11.695330341647747
"(43, 47, 49)",11.695330341647747
"(1, 6, 9)",11.695225762900693
"(13, 14, 49)",11.694909489743017
"(13, 33, 37)",11.692387223001042
"(28, 34, 42)",11.691965546424026
"(12, 36, 43)",11.691158035006247
"(25, 28, 30)",11.690451593880592
"(1, 6, 23)",11.689234113261591
"(5, 16, 29)",11.688898954452368
"(5, 33, 35)",11.68817787744125
"(18, 28)",11.687178847042293
"(9, 41, 43)",11.68661665204658
"(3, 32, 48)",11.685143530878465
"(2, 45, 48)",11.685059364272012
"(12, 25, 33)",11.684623188238458
"(14, 15, 29)",11.684069895201182
"(9, 16, 21)",11.682967170950322
"(10, 39, 44)",11.682382330706226
"(6, 19, 24)",11.682168836072494
"(16, 26, 39)",11.682023189919569
"(0, 39, 42)",11.68187426525472
"(0, 15, 16)",11.681689395790364
"(6, 30, 43)",11.681365965032338
"(21, 28, 39)",11.681243650684657
"(23, 41, 43)",11.680625002407478
"(24, 37, 45)",11.680285461496943
"(24, 30, 32)",11.679743331160521
"(20, 36, 49)",11.67842245251894
"(15, 32, 35)",11.677167843489801
"(16, 21, 23)",11.67697552131122
"(17, 34, 40)",11.67446953537913
"(19, 43, 46)",11.673915173725778
"(10, 33, 45)",11.672736474243884
"(22, 28, 44)",11.67120010212648
"(25, 27, 42)",11.669708918023037
"(35, 36, 42)",11.668604685644418
"(17, 28, 45)",11.668353378065817
"(3, 4, 11)",11.667549837010647
"(3, 8, 11)",11.667549837010647
"(3, 11, 38)",11.667549837010647
"(3, 11, 47)",11.667549837010647
"(16, 19)",11.666879761417768
"(2, 18, 41)",11.66662133417933
"(11, 21, 41)",11.66560128183937
"(2, 7, 16)",11.665524270510833
"(0, 5, 9)",11.665281129415085
"(1, 12, 32)",11.664595631074233
"(10, 14, 39)",11.662763113681288
"(0, 14, 32)",11.662761465290153
"(40, 43, 48)",11.662617833700585
"(0, 3, 25)",11.661984713663609
"(11, 15, 48)",11.659480969698636
"(0, 5, 23)",11.659289479775984
"(24, 33, 41)",11.658901994983319
"(15, 37, 43)",11.65835679451021
"(18, 29, 48)",11.657454435668514
"(34, 37, 44)",11.657301501954272
"(5, 17, 29)",11.657261360003504
"(3, 7, 12)",11.65622021102312
"(11, 13, 33)",11.656017227992123
"(0, 19, 36)",11.65506821451422
"(9, 19, 22)",11.654359181901013
"(22, 27, 45)",11.652833912260014
"(6, 34, 40)",11.65259680630982
"(16, 33, 42)",11.652256038194707
"(24, 26, 48)",11.652252265223884
"(14, 22, 28)",11.651580885101545
"(12, 16, 18)",11.651329997748997
"(9, 17, 21)",11.651329576501459
"(17, 26, 39)",11.650385595470706
"(0, 15, 17)",11.650051801341501
"(19, 22, 23)",11.648367532261911
"(3, 32, 43)",11.64764936068112
"(10, 18, 26)",11.647648714391769
"(2, 43, 45)",11.647565194074668
"(6, 28, 45)",11.646480648996507
"(4, 28, 40)",11.645966688469432
"(8, 28, 40)",11.645966688469432
"(28, 38, 40)",11.645966688469432
"(28, 40, 47)",11.645966688469432
"(3, 16, 34)",11.645902781600457
"(17, 21, 23)",11.645337926862357
"(11, 24, 45)",11.643915466488025
"(9, 36)",11.643609321473102
"(22, 26, 33)",11.643586463069031
"(19, 40, 44)",11.64240329172479
"(0, 45, 46)",11.641854076912207
"(3, 22, 24)",11.640095870754928
"(3, 4, 35)",11.640000835593739
"(3, 8, 35)",11.640000835593739
"(3, 35, 38)",11.640000835593739
"(3, 35, 47)",11.640000835593739
"(4, 9, 12)",11.639742562142423
"(8, 9, 12)",11.639742562142423
"(9, 12, 38)",11.639742562142423
"(9, 12, 47)",11.639742562142423
"(21, 35, 41)",11.638052280422462
"(14, 34, 37)",11.637682284929337
"(32, 39, 40)",11.63725580100628
"(0, 44, 48)",11.637144807107019
"(24, 42, 46)",11.636840239766553
"(7, 37, 46)",11.636480552068218
"(13, 27, 43)",11.636107305721623
"(5, 6, 29)",11.635388630934195
"(23, 36)",11.634621847014449
"(24, 30, 48)",11.63450745595245
"(19, 32, 33)",11.634198014763943
"(4, 19, 27)",11.634188568822967
"(8, 19, 27)",11.634188568822967
"(19, 27, 38)",11.634188568822967
"(19, 27, 47)",11.634188568822967
"(26, 34, 46)",11.633977575486403
"(5, 28, 33)",11.633939382089409
"(2, 7, 17)",11.63388667606197
"(4, 12, 23)",11.633750912503322
"(8, 12, 23)",11.633750912503322
"(12, 23, 38)",11.633750912503322
"(12, 23, 47)",11.633750912503322
"(25, 36, 49)",11.63344673220494
"(12, 14, 44)",11.633400868598315
"(10, 19, 21)",11.633336451407175
"(15, 35, 48)",11.631931968281728
"(1, 29, 34)",11.631479319715744
"(26, 30, 44)",11.631234852207935
"(18, 27, 36)",11.630262377799763
"(10, 18, 30)",11.629903905120335
"(6, 9, 21)",11.629456847432149
"(13, 16, 29)",11.629189303586333
"(6, 26, 39)",11.628512866401396
"(16, 36, 40)",11.628507773696544
"(13, 33, 35)",11.628468226575215
"(0, 6, 15)",11.628179072272191
"(22, 30, 33)",11.625841653797597
"(5, 27, 39)",11.625219048685281
"(9, 32, 42)",11.624837737867978
"(4, 39, 49)",11.62473243374537
"(8, 39, 49)",11.62473243374537
"(38, 39, 49)",11.62473243374537
"(39, 47, 49)",11.62473243374537
"(6, 21, 23)",11.623465197793045
"(1, 37, 42)",11.623231232732817
"(15, 28, 32)",11.622929348137959
"(14, 19, 40)",11.622784074699855
"(2, 13)",11.622383736555019
"(11, 15, 43)",11.621986799501292
"(16, 44, 46)",11.621881706314536
"(11, 34, 44)",11.620931506945354
"(17, 33, 42)",11.620618443745844
"(12, 36, 39)",11.62056012710387
"(18, 29, 43)",11.61996026547117
"(12, 17, 18)",11.619692403300133
"(17, 19)",11.619423369744474
"(1, 12, 48)",11.619359755866162
"(23, 32, 42)",11.618846088228874
"(9, 18, 46)",11.618573509838749
"(10, 22, 32)",11.618145412130486
"(0, 14, 48)",11.617525590082082
"(24, 35, 45)",11.616366465071117
"(30, 34, 46)",11.616232766214969
"(9, 39, 41)",11.616018744144203
"(24, 26, 43)",11.61475809502654
"(28, 36, 42)",11.614366190292579
"(3, 17, 34)",11.614265187151593
"(22, 40)",11.613811350505467
"(18, 23, 46)",11.612581860199647
"(2, 6, 7)",11.612013946992658
"(1, 9, 24)",11.61087308362346
"(14, 30, 31)",11.610806553228032
"(23, 39, 41)",11.610027094505101
"(26, 32)",11.609593232679703
"(10, 15)",11.609095014072597
"(19, 20, 29)",11.60697856736557
"(0, 9, 13)",11.60557147854905
"(1, 23, 24)",11.604881433984357
"(15, 26, 40)",11.603520986041357
"(19, 39, 46)",11.603317265823401
"(3, 43, 48)",11.602413485473049
"(14, 16, 46)",11.602262489289599
"(11, 14, 34)",11.601312289920417
"(12, 34, 41)",11.600729617621285
"(15, 45, 49)",11.600254513912406
"(7, 11, 46)",11.600110557059299
"(0, 43, 44)",11.599650636909672
"(0, 13, 23)",11.599579828909949
"(12, 21, 32)",11.59882671560569
"(6, 33, 42)",11.598745714676532
"(6, 12, 18)",11.597819674230822
"(13, 17, 29)",11.59755170913747
"(24, 30, 43)",11.597013285755105
"(17, 36, 40)",11.59687017924768
"(15, 35, 43)",11.594437798084384
"(1, 2, 21)",11.593507441002895
"(21, 33, 46)",11.59348852802217
"(34, 35, 44)",11.593382505528446
"(3, 6, 34)",11.592392458082283
"(39, 40, 48)",11.592019925798208
"(18, 19, 37)",11.591907575976816
"(17, 44, 46)",11.590244111865672
"(5, 10, 40)",11.589089969054262
"(19, 33, 48)",11.588962139555871
"(12, 22, 42)",11.588276749987145
"(15, 37, 39)",11.587758886607833
"(1, 11, 42)",11.586861237723898
"(6, 19)",11.586614276140509
"(15, 30, 40)",11.585776176769922
"(3, 4, 28)",11.585762340241896
"(3, 8, 28)",11.585762340241896
"(3, 28, 38)",11.585762340241896
"(3, 28, 47)",11.585762340241896
"(10, 41, 44)",11.58495246509219
"(16, 26, 41)",11.584593324305533
"(0, 41, 42)",11.584444399640685
"(21, 28, 41)",11.583813785070621
"(37, 45)",11.583789214277182
"(30, 32)",11.58297601877255
"(3, 19, 44)",11.582198943497254
"(1, 12, 43)",11.581865585668817
"(7, 9, 10)",11.580547204947905
"(0, 14, 43)",11.580031419884737
"(36, 37, 44)",11.579702145822822
"(9, 42, 48)",11.579601862659906
"(15, 28, 48)",11.577693472929887
"(3, 32, 39)",11.577051452778743
"(2, 39, 45)",11.576967286172291
"(6, 13, 29)",11.575678980068158
"(3, 40, 45)",11.575610873277252
"(6, 36, 40)",11.57499745017837
"(7, 10, 23)",11.574555555308802
"(13, 28, 33)",11.574229731223372
"(14, 34, 35)",11.57376328850351
"(23, 42, 48)",11.573610213020805
"(10, 22, 48)",11.572909536922415
"(7, 35, 46)",11.572561555642391
"(14, 17, 46)",11.570624894840735
"(1, 20, 49)",11.569130003181513
"(2, 15, 34)",11.568756990617283
"(6, 44, 46)",11.56837138279636
"(3, 16, 36)",11.568303425469008
"(24, 34, 40)",11.568244127032587
"(16, 30, 41)",11.5668485150341
"(4, 7, 31)",11.566088793435133
"(7, 8, 31)",11.566088793435133
"(7, 31, 38)",11.566088793435133
"(7, 31, 47)",11.566088793435133
"(21, 29, 34)",11.5657104042472
"(13, 27, 39)",11.565509397819246
"(10, 14, 41)",11.565333248067253
"(3, 14, 19)",11.562579726472318
"(24, 28, 45)",11.562127969719274
"(19, 25, 29)",11.562002847051568
"(20, 27, 44)",11.561863102089617
"(14, 36, 37)",11.560082928797886
"(1, 35, 42)",11.55931223630699
"(21, 37, 42)",11.557462317264271
"(9, 20, 40)",11.556800301510613
"(5, 22, 49)",11.556673485750457
"(26, 36, 46)",11.556378219354954
"(11, 18, 19)",11.555537580967897
"(39, 40, 43)",11.554525755600864
"(1, 29, 36)",11.553879963584295
"(12, 21, 48)",11.553590840397618
"(17, 26, 41)",11.55295572985667
"(33, 41)",11.551714014506747
"(19, 33, 43)",11.551467969358526
"(11, 15, 39)",11.551388891598915
"(5, 24, 29)",11.551035951656962
"(20, 23, 40)",11.55080865187151
"(18, 29, 39)",11.549362357568793
"(6, 14, 46)",11.548752165771425
"(0, 1, 19)",11.545775765176788
"(9, 21, 24)",11.545104168154916
"(24, 26, 39)",11.544160187124163
"(0, 15, 24)",11.543826392994958
"(11, 36, 44)",11.543332150813903
"(3, 15, 26)",11.54331663781382
"(14, 20, 27)",11.542243885064682
"(9, 42, 43)",11.542107692462562
"(26, 48)",11.541739419867596
"(7, 27, 32)",11.540483475826964
"(15, 28, 43)",11.540199302732542
"(5, 26, 37)",11.539925200393885
"(32, 40, 41)",11.539825935392244
"(28, 34, 44)",11.539144010176603
"(21, 23, 24)",11.539112518515815
"(30, 36, 46)",11.53863341008352
"(3, 17, 36)",11.536665831020144
"(23, 42, 43)",11.53611604282346
"(10, 22, 43)",11.53541536672507
"(17, 30, 41)",11.535210920585236
"(3, 39, 48)",11.531815577570672
"(6, 26, 41)",11.53108300078736
"(10, 13, 40)",11.529380318188228
"(11, 45)",11.529234221763804
"(0, 39, 44)",11.529052729007297
"(3, 5, 10)",11.528885620826726
"(18, 19, 35)",11.527988579550989
"(5, 27, 41)",11.527789183071246
"(2, 7, 24)",11.527661267715427
"(4, 41, 49)",11.527302568131335
"(8, 41, 49)",11.527302568131335
"(38, 41, 49)",11.527302568131335
"(41, 47, 49)",11.527302568131335
"(3, 15, 30)",11.525571828542386
"(1, 25, 49)",11.52415428286751
"(15, 35, 39)",11.523839890182007
"(11, 14, 36)",11.523712933788968
"(3, 22)",11.523504828164162
"(12, 36, 41)",11.523130261489834
"(9, 19, 34)",11.522303089951135
"(5, 30, 37)",11.52218039112245
"(2, 18, 42)",11.522112374595313
"(11, 21, 42)",11.521092322255353
"(1, 18, 27)",11.520969928462334
"(27, 34, 45)",11.520777820310137
"(5, 12, 46)",11.520641698069898
"(14, 28, 34)",11.519524793151668
"(0, 33, 45)",11.519406872544957
"(1, 16, 40)",11.519215324359115
"(42, 46)",11.518621381681596
"(7, 28, 46)",11.518323060290548
"(12, 20, 26)",11.51742723507927
"(25, 27, 44)",11.516887381775614
"(19, 23, 34)",11.516311440312032
"(12, 21, 43)",11.516096670200273
"(35, 36, 44)",11.515783149396995
"(29, 32, 45)",11.51560639725551
"(30, 48)",11.515122205960443
"(3, 6, 36)",11.514793101950834
"(24, 33, 42)",11.514393035399301
"(7, 33, 37)",11.514033347700966
"(12, 18, 24)",11.51346699495359
"(6, 30, 41)",11.513338191515926
"(9, 25, 40)",11.51182458119661
"(26, 33, 34)",11.511530371119152
"(1, 12, 39)",11.51126767776644
"(16, 20, 37)",11.50961278223842
"(0, 14, 39)",11.50943351198236
"(3, 24, 34)",11.50803977880505
"(4, 26, 29)",11.506349502123552
"(8, 26, 29)",11.506349502123552
"(26, 29, 38)",11.506349502123552
"(26, 29, 47)",11.506349502123552
"(19, 41, 46)",11.505887400209366
"(23, 25, 40)",11.505832931557508
"(5, 11, 26)",11.503555205384966
"(20, 21, 49)",11.503361087712968
"(12, 20, 30)",11.499682425807835
"(16, 33, 44)",11.499434501947285
"(14, 25, 27)",11.497268164750679
"(13, 22, 49)",11.496963834884422
"(3, 9, 20)",11.496595953283077
"(14, 35, 36)",11.49616393237206
"(9, 18, 33)",11.496126305471499
"(3, 39, 43)",11.494321407373327
"(0, 18, 26)",11.494319112692843
"(30, 33, 34)",11.493785561847718
"(21, 35, 42)",11.493543320838445
"(13, 24, 29)",11.491326300790927
"(2, 15, 36)",11.491157634485834
"(24, 36, 40)",11.490644770901138
"(3, 20, 23)",11.490604303643973
"(15, 37, 41)",11.490329020993798
"(2, 5, 19)",11.49026299474033
"(18, 23, 33)",11.490134655832396
"(4, 29, 30)",11.488604692852117
"(8, 29, 30)",11.488604692852117
"(29, 30, 38)",11.488604692852117
"(29, 30, 47)",11.488604692852117
"(21, 29, 36)",11.488111048115751
"(35, 45)",11.487910719638442
"(1, 17, 40)",11.487577729910251
"(10, 20, 46)",11.486647996557206
"(15, 22, 29)",11.486124240342587
"(10, 32, 34)",11.486089320180609
"(5, 11, 30)",11.485810396113532
"(26, 43)",11.485498164571577
"(0, 4, 10)",11.484708926474454
"(0, 10, 38)",11.484708926474454
"(0, 10, 47)",11.484708926474454
"(24, 44, 46)",11.48401870351913
"(19, 33, 39)",11.48087006145615
"(13, 26, 37)",11.48021554952785
"(0, 19, 21)",11.480006849708246
"(14, 16, 33)",11.47981528492235
"(1, 9)",11.479670647466957
"(3, 32, 41)",11.479621587164708
"(2, 41, 45)",11.479537420558255
"(17, 20, 37)",11.477975187789557
"(7, 11, 33)",11.477663352692048
"(0, 18, 30)",11.476574303421408
"(5, 26, 35)",11.476006203968058
"(18, 19, 28)",11.473750084199146
"(11, 16, 20)",11.473242787229504
"(12, 25, 26)",11.472451514765268
"(9, 39, 42)",11.471509784560187
"(9, 15, 16)",11.471324915095831
"(1, 23)",11.470683173008304
"(1, 37, 44)",11.470409696485394
"(29, 45, 48)",11.470370522047439
"(15, 28, 39)",11.469601394830166
"(3, 10, 13)",11.469175969960691
"(13, 27, 41)",11.468079532205211
"(17, 33, 44)",11.467796907498421
"(1, 6, 40)",11.465705000840941
"(23, 39, 42)",11.465518134921084
"(15, 16, 23)",11.465333265456728
"(10, 22, 39)",11.464817458822694
"(0, 22, 32)",11.46481581043156
"(16, 25, 37)",11.46463706192442
"(14, 24, 46)",11.464399486494193
"(12, 16, 45)",11.464246084127922
"(13, 30, 37)",11.462470740256416
"(28, 36, 44)",11.461544654045156
"(12, 13, 46)",11.460932047203864
"(10, 26, 45)",11.460564800770694
"(19, 24)",11.460085257224659
"(1, 3, 16)",11.459010976131578
"(30, 43)",11.458880950664426
"(21, 25, 49)",11.458385367398966
"(5, 30, 35)",11.458261394696624
"(7, 27, 43)",11.457753430421548
"(40, 41, 43)",11.457095889986828
"(12, 34, 42)",11.456220658037267
"(6, 20, 37)",11.456102458720247
"(18, 21, 27)",11.45520101299379
"(12, 25, 30)",11.454706705493834
"(11, 15, 41)",11.45395902598488
"(16, 21, 40)",11.45344640889057
"(9, 14, 32)",11.45239698459562
"(18, 29, 41)",11.451932491954757
"(3, 9, 25)",11.451620232969073
"(7, 16, 29)",11.450835428286258
"(1, 14, 37)",11.450790479460458
"(7, 33, 35)",11.45011435127514
"(5, 9, 23)",11.448924999081449
"(14, 17, 33)",11.448177690473486
"(24, 26, 41)",11.446730321510127
"(14, 23, 32)",11.446405334956516
"(6, 33, 44)",11.44592417842911
"(16, 20, 35)",11.445693785812594
"(3, 23, 25)",11.445628583329972
"(12, 21, 39)",11.445498762297897
"(9, 19, 36)",11.444703733819686
"(11, 13, 26)",11.443845554518932
"(27, 36, 45)",11.443178464178688
"(10, 30, 45)",11.44281999149926
"(16, 17, 32)",11.441996715773222
"(14, 28, 36)",11.441925437020219
"(10, 25, 46)",11.441672276243207
"(11, 17, 20)",11.44160519278064
"(30, 31, 39)",11.441593862556507
"(10, 34, 48)",11.440853444972538
"(10, 42, 44)",11.44044350550817
"(16, 26, 42)",11.440084364721518
"(22, 34, 37)",11.43973663007074
"(9, 15, 17)",11.439687320646968
"(21, 28, 42)",11.439304825486605
"(19, 23, 36)",11.438712084180583
"(0, 5, 40)",11.435760367355336
"(12, 22, 44)",11.435455213739722
"(1, 11, 44)",11.434039701476475
"(26, 33, 36)",11.433931014987703
"(15, 17, 23)",11.433695671007865
"(17, 25, 37)",11.432999467475556
"(29, 43, 45)",11.432876351850094
"(12, 17, 45)",11.432608489679058
"(0, 41, 44)",11.431622863393262
"(9, 45, 46)",11.431489596217673
"(2, 13, 19)",11.430553343874296
"(3, 24, 36)",11.430440422673602
"(24, 30, 41)",11.428985512238693
"(11, 16, 25)",11.4282670669155
"(1, 3, 17)",11.427373381682715
"(0, 7, 9)",11.427217603248977
"(9, 44, 48)",11.426780326412484
"(15, 35, 41)",11.426410024567971
"(6, 14, 33)",11.426304961404174
"(11, 13, 30)",11.426100745247497
"(23, 45, 46)",11.42549794657857
"(19, 22, 40)",11.424838419841262
"(5, 34, 49)",11.42461739380058
"(16, 30, 42)",11.422339555450083
"(19, 26, 32)",11.422026341290753
"(17, 21, 40)",11.421808814441707
"(5, 26, 28)",11.421767708616217
"(2, 20, 32)",11.421759557426157
"(10, 15, 19)",11.421694195552682
"(0, 7, 23)",11.421225953609873
"(10, 14, 42)",11.420824288483235
"(23, 44, 48)",11.420788676773382
"(6, 16, 32)",11.420123986703912
"(6, 11, 20)",11.419732463711329
"(0, 22, 48)",11.419579935223489
"(7, 17, 29)",11.419197833837394
"(6, 9, 15)",11.417814591577658
"(13, 26, 35)",11.416296553102024
"(30, 33, 36)",11.416186205716269
"(12, 14, 22)",11.415835996714785
"(34, 40)",11.415727212580649
"(1, 11, 14)",11.414420484451538
"(17, 20, 35)",11.41405619136373
"(1, 12, 41)",11.413837812152405
"(22, 26, 30)",11.413669980324405
"(0, 14, 41)",11.412003646368325
"(6, 15, 23)",11.411822941938556
"(6, 25, 37)",11.411126738406246
"(6, 12, 45)",11.410735760609747
"(4, 12, 40)",11.410221800082674
"(8, 12, 40)",11.410221800082674
"(12, 38, 40)",11.410221800082674
"(12, 40, 47)",11.410221800082674
"(10, 32, 36)",11.40848996404916
"(17, 26, 42)",11.408446770272654
"(9, 14, 48)",11.407161109387548
"(28, 45)",11.40655297661068
"(1, 35, 44)",11.406490700059567
"(1, 3, 6)",11.405500652613405
"(19, 37, 45)",11.404823662355739
"(21, 37, 44)",11.404640781016848
"(16, 22, 46)",11.404316834431004
"(19, 30, 32)",11.404281532019318
"(5, 28, 30)",11.404022899344783
"(11, 22, 34)",11.403366635061824
"(10, 34, 43)",11.403359274775193
"(14, 23, 48)",11.401169459748445
"(16, 25, 35)",11.400718065498593
"(6, 21, 40)",11.399936085372397
"(13, 30, 35)",11.39855174383059
"(5, 12, 33)",11.398194493702649
"(6, 7, 29)",11.397325104768086
"(3, 41, 43)",11.396891541759292
"(16, 17, 48)",11.39676084056515
"(11, 17, 25)",11.396629472466637
"(7, 28, 33)",11.395875855923299
"(32, 40, 42)",11.395316975808228
"(3, 16, 21)",11.393242060663034
"(6, 20, 35)",11.39218346229442
"(16, 20, 28)",11.391455290460751
"(17, 30, 42)",11.39070196100122
"(5, 29)",11.38991494951721
"(9, 43, 44)",11.389286156215139
"(9, 13, 23)",11.389215348215414
"(18, 40, 46)",11.389052747778997
"(6, 17, 32)",11.388486392255048
"(12, 15, 32)",11.387184459751198
"(7, 27, 39)",11.387155522519171
"(1, 14, 35)",11.386871483034632
"(6, 26, 42)",11.386574041203342
"(39, 40, 41)",11.386497982084451
"(14, 21, 37)",11.385021563991913
"(19, 33, 41)",11.383440195842114
"(23, 43, 44)",11.383294506576036
"(5, 27, 42)",11.38328022348723
"(4, 42, 49)",11.382793608547317
"(8, 42, 49)",11.382793608547317
"(38, 42, 49)",11.382793608547317
"(42, 47, 49)",11.382793608547317
"(0, 22, 43)",11.382085765026144
"(1, 2, 15)",11.381865185148405
"(15, 33, 46)",11.38184627216768
"(1, 24, 40)",11.381352321563709
"(21, 26, 46)",11.381316854548981
"(9, 21)",11.381017274264142
"(26, 39)",11.379601302718015
"(0, 15)",11.379100611524207
"(1, 21, 29)",11.378818598778322
"(12, 36, 42)",11.378621301905817
"(19, 26, 48)",11.376790466082682
"(2, 25, 32)",11.376783837112153
"(2, 20, 48)",11.376523682218085
"(0, 13, 40)",11.3760507164893
"(22, 34, 35)",11.375817633644914
"(0, 3, 5)",11.3755560191278
"(6, 16, 48)",11.37488811149584
"(6, 11, 25)",11.374756743397326
"(9, 41, 42)",11.374079918946151
"(17, 22, 46)",11.37267923998214
"(15, 28, 41)",11.37217152921613
"(21, 23)",11.372029799805489
"(20, 24, 37)",11.371749779443014
"(9, 14, 43)",11.369666939190203
"(2, 18, 44)",11.36929083834789
"(17, 25, 35)",11.36908047104973
"(6, 30, 42)",11.368829231931908
"(11, 19, 45)",11.36845366734682
"(11, 21, 44)",11.36827078600793
"(23, 41, 42)",11.368088269307048
"(10, 22, 41)",11.367387593208658
"(22, 31, 47)",11.366682893302867
"(13, 34, 49)",11.364907742934545
"(3, 19, 22)",11.364634071613724
"(10, 20, 33)",11.364200792189957
"(14, 23, 43)",11.3636752895511
"(21, 30, 46)",11.363572045277547
"(10, 36, 48)",11.363254088841089
"(29, 39, 45)",11.362278443947718
"(22, 36, 37)",11.362137273939293
"(13, 26, 28)",11.362058057750183
"(3, 17, 21)",11.361604466214171
"(24, 33, 44)",11.361571499151879
"(19, 42, 46)",11.361378440625348
"(17, 20, 28)",11.359817696011888
"(2, 4, 16)",11.359321511342849
"(2, 8, 16)",11.359321511342849
"(2, 16, 38)",11.359321511342849
"(2, 16, 47)",11.359321511342849
"(16, 17, 43)",11.359266670367806
"(19, 30, 48)",11.359045656811247
"(2, 7)",11.354852923604907
"(15, 29, 34)",11.35406814839271
"(7, 10, 40)",11.351026442888152
"(6, 22, 46)",11.35080651091283
"(40, 42, 48)",11.350081100600157
"(3, 4, 12)",11.350017451855138
"(3, 8, 12)",11.350017451855138
"(3, 12, 38)",11.350017451855138
"(3, 12, 47)",11.350017451855138
"(2, 14, 18)",11.349671621322955
"(11, 14, 21)",11.348651568982994
"(12, 21, 41)",11.348068896683861
"(6, 25, 35)",11.34720774198042
"(5, 36, 49)",11.34701803766913
"(16, 25, 28)",11.346479570146752
"(15, 37, 42)",11.345820061409782
"(13, 28, 30)",11.344313248478748
"(20, 22, 27)",11.344298230206087
"(6, 17, 48)",11.343250517046977
"(14, 24, 33)",11.341952282126943
"(12, 15, 48)",11.341948584543127
"(19, 35, 45)",11.340904665929912
"(21, 35, 44)",11.340721784591022
"(3, 6, 21)",11.339731737144861
"(19, 26, 43)",11.339296295885337
"(2, 20, 43)",11.33902951202074
"(12, 13, 33)",11.338484842836614
"(6, 20, 28)",11.33794496694258
"(6, 16, 43)",11.337393941298496
"(16, 24, 32)",11.335771307426679
"(1, 9, 19)",11.335411284482255
"(11, 20, 24)",11.335379784434096
"(3, 32, 42)",11.335112627580692
"(2, 42, 45)",11.33502846097424
"(33, 42)",11.334950575130721
"(1, 27, 45)",11.333886014841259
"(12, 18)",11.333561514462154
"(9, 15, 24)",11.333461912300425
"(0, 20, 46)",11.33331839485828
"(10, 34, 39)",11.332761366872816
"(0, 32, 34)",11.33275971848168
"(2, 25, 48)",11.331547961904082
"(4, 37, 46)",11.330277792900233
"(8, 37, 46)",11.330277792900233
"(37, 38, 46)",11.330277792900233
"(37, 46, 47)",11.330277792900233
"(1, 19, 23)",11.329419634843152
"(3, 18, 46)",11.328848399551461
"(2, 4, 17)",11.327683916893985
"(2, 8, 17)",11.327683916893985
"(2, 17, 38)",11.327683916893985
"(2, 17, 47)",11.327683916893985
"(15, 23, 24)",11.327470262661322
"(24, 25, 37)",11.326774059129013
"(12, 24, 45)",11.326383081332516
"(3, 39, 41)",11.326293633856915
"(11, 22, 36)",11.325767278930375
"(10, 36, 43)",11.325759918643744
"(3, 34)",11.325420690239344
"(13, 27, 42)",11.323570572621193
"(22, 28, 34)",11.321579138293073
"(19, 30, 43)",11.321551486613902
"(1, 3, 24)",11.321147973336172
"(14, 21, 35)",11.321102567566086
"(10, 25, 33)",11.319225071875955
"(9, 39, 44)",11.318688248312764
"(2, 15, 21)",11.31609626967986
"(0, 3, 13)",11.315846368261765
"(21, 24, 40)",11.315583406095165
"(17, 25, 28)",11.314841975697888
"(7, 24, 29)",11.312972425490852
"(23, 39, 44)",11.31269659867366
"(40, 42, 43)",11.312586930402812
"(32, 46, 48)",11.311501491759135
"(0, 22, 39)",11.311487857123767
"(11, 15, 42)",11.309450066400863
"(9, 33, 45)",11.309042391850422
"(20, 24, 35)",11.307830783017188
"(18, 29, 42)",11.307423532370741
"(0, 26, 45)",11.307235199071766
"(2, 4, 6)",11.305811187824675
"(2, 6, 8)",11.305811187824675
"(2, 6, 38)",11.305811187824675
"(2, 6, 47)",11.305811187824675
"(6, 17, 43)",11.305756346849632
"(12, 15, 43)",11.304454414345782
"(17, 24, 32)",11.304133712977816
"(12, 34, 44)",11.303399121789845
"(23, 33, 45)",11.30305074221132
"(24, 26, 42)",11.302221361926112
"(7, 26, 37)",11.301861674227776
"(13, 29)",11.300350473218158
"(36, 40)",11.299328178383476
"(22, 25, 27)",11.299322509892086
"(1, 10, 32)",11.29919751471173
"(9, 14, 39)",11.299069031287827
"(22, 35, 36)",11.298218277513467
"(2, 25, 43)",11.294053791706737
"(4, 11, 46)",11.293907797891315
"(8, 11, 46)",11.293907797891315
"(11, 38, 46)",11.293907797891315
"(11, 46, 47)",11.293907797891315
"(14, 23, 39)",11.293077381648724
"(6, 25, 28)",11.292969246628576
"(19, 34, 40)",11.292782327891384
"(15, 20, 49)",11.291718831858478
"(3, 7, 10)",11.290822094660616
"(16, 24, 48)",11.290535432218608
"(11, 24, 25)",11.290404064120095
"(3, 42, 48)",11.28987675237262
"(7, 27, 41)",11.289725656905135
"(0, 30, 45)",11.289490389800331
"(44, 46)",11.289389077310462
"(16, 17, 39)",11.288668762465429
"(0, 25, 46)",11.288342674544278
"(0, 34, 48)",11.287523843273611
"(13, 36, 49)",11.287308386803096
"(16, 26, 44)",11.287262828474095
"(0, 42, 44)",11.287113903809246
"(19, 28, 45)",11.28666617057807
"(21, 28, 44)",11.286483289239182
"(10, 16, 18)",11.285931881386492
"(24, 30, 42)",11.284476552654677
"(7, 30, 37)",11.284116864956342
"(9, 18, 26)",11.283954631998308
"(12, 14, 34)",11.283779904764907
"(7, 12, 46)",11.28257817190379
"(6, 24, 32)",11.282260983908506
"(15, 35, 42)",11.281901064983956
"(16, 22, 33)",11.281869630063753
"(26, 30, 34)",11.281613888374528
"(18, 23, 26)",11.277962982359206
"(15, 29, 36)",11.27646879226126
"(5, 19, 29)",11.275574152515759
"(4, 9, 10)",11.27434444577992
"(9, 10, 38)",11.27434444577992
"(9, 10, 47)",11.27434444577992
"(32, 43, 46)",11.27400732156179
"(16, 34, 46)",11.272260742481127
"(9, 19, 21)",11.269642369013713
"(16, 30, 44)",11.26951801920266
"(1, 12, 42)",11.269328852568389
"(19, 26, 39)",11.26869838798296
"(2, 20, 39)",11.268431604118364
"(0, 15, 19)",11.268364593853754
"(4, 10, 23)",11.268352796140817
"(10, 23, 38)",11.268352796140817
"(10, 23, 47)",11.268352796140817
"(21, 27, 45)",11.268117099372715
"(10, 14, 44)",11.268002752235812
"(14, 16, 26)",11.267643611449158
"(0, 14, 42)",11.267494686784307
"(3, 20, 40)",11.267075191223324
"(14, 21, 28)",11.266864072214245
"(6, 16, 39)",11.266796033396119
"(18, 33, 40)",11.266605543411748
"(22, 24, 46)",11.266453831635598
"(4, 35, 46)",11.266358796474407
"(8, 35, 46)",11.266358796474407
"(35, 38, 46)",11.266358796474407
"(35, 46, 47)",11.266358796474407
"(9, 18, 30)",11.266209822726873
"(7, 11, 26)",11.265491679218858
"(29, 41, 45)",11.264848578333682
"(19, 21, 23)",11.26365071937461
"(24, 25, 35)",11.262855062703187
"(18, 23, 30)",11.260218173087772
"(14, 46)",11.259960251773057
"(4, 8, 31)",11.25988603426715
"(4, 31, 38)",11.25988603426715
"(4, 31, 47)",11.25988603426715
"(8, 31, 38)",11.25988603426715
"(8, 31, 47)",11.25988603426715
"(31, 38, 47)",11.25988603426715
"(17, 24, 48)",11.258897837769744
"(21, 26, 33)",11.25886965018173
"(17, 26, 44)",11.255625234025231
"(3, 21, 24)",11.255379057867628
"(10, 36, 39)",11.255162010741367
"(0, 32, 36)",11.255160362350232
"(9, 22, 32)",11.254451329737025
"(10, 17, 18)",11.254294286937629
"(1, 10, 48)",11.25396163950366
"(20, 24, 28)",11.253592287665347
"(16, 24, 43)",11.253041262021263
"(1, 22, 37)",11.252844824601862
"(3, 42, 43)",11.252382582175276
"(2, 7, 19)",11.252199468574222
"(17, 22, 33)",11.25023203561489
"(0, 34, 43)",11.250029673076266
"(22, 23, 32)",11.248459680097923
"(7, 11, 30)",11.247746869947424
"(15, 25, 49)",11.246743111544475
"(22, 28, 36)",11.243979782161624
"(15, 18, 27)",11.243558757139299
"(39, 40, 42)",11.241989022500434
"(15, 16, 40)",11.24180415303608
"(21, 30, 33)",11.241124840910295
"(17, 34, 46)",11.240623148032263
"(19, 33, 42)",11.238931236258097
"(12, 18, 19)",11.238005195812388
"(7, 26, 35)",11.23794267780195
"(17, 30, 44)",11.237880424753797
"(1, 5, 49)",11.2377255883317
"(6, 24, 48)",11.237025108700434
"(14, 17, 26)",11.236006017000294
"(10, 34, 41)",11.23533150125878
"(6, 17, 39)",11.235158438947256
"(4, 27, 32)",11.234280716658981
"(8, 27, 32)",11.234280716658981
"(27, 32, 38)",11.234280716658981
"(27, 32, 47)",11.234280716658981
"(12, 15, 39)",11.233856506443406
"(6, 26, 44)",11.23375250495592
"(26, 41)",11.23345650429696
"(10, 21, 32)",11.233428599243187
"(3, 19, 34)",11.232577979663846
"(6, 10, 18)",11.232421557868319
"(5, 27, 44)",11.230458687239807
"(34, 36, 37)",11.230081181989416
"(4, 44, 49)",11.229972072299894
"(8, 44, 49)",11.229972072299894
"(38, 44, 49)",11.229972072299894
"(44, 47, 49)",11.229972072299894
"(43, 46, 48)",11.228771446353718
"(6, 22, 33)",11.228359306545581
"(15, 28, 42)",11.227662569632113
"(12, 36, 44)",11.225799765658394
"(5, 9, 40)",11.2253958866608
"(2, 25, 39)",11.22345588380436
"(10, 22, 42)",11.222878633624642
"(14, 32, 40)",11.222876222535868
"(3, 25, 40)",11.222099470909324
"(2, 4, 24)",11.221458508547443
"(2, 8, 24)",11.221458508547443
"(2, 24, 38)",11.221458508547443
"(2, 24, 47)",11.221458508547443
"(17, 24, 43)",11.2214036675724
"(9, 41, 44)",11.221258382698728
"(7, 30, 35)",11.220197868530516
"(5, 23, 40)",11.219404237021699
"(6, 34, 46)",11.218750418962953
"(1, 11, 22)",11.216474829592944
"(1, 10, 43)",11.216467469306314
"(6, 30, 44)",11.216007695684485
"(13, 19, 29)",11.215864501649722
"(23, 41, 44)",11.215266733059625
"(19, 36, 40)",11.215182971759933
"(6, 14, 26)",11.214133287930984
"(0, 22, 41)",11.214057991509732
"(20, 27, 34)",11.21224213825621
"(4, 28, 46)",11.212120301122566
"(8, 28, 46)",11.212120301122566
"(28, 38, 46)",11.212120301122566
"(28, 46, 47)",11.212120301122566
"(0, 20, 33)",11.21087119049103
"(7, 9, 23)",11.21086147291534
"(5, 14, 27)",11.21083947021487
"(4, 14, 49)",11.210352855274959
"(8, 14, 49)",11.210352855274959
"(14, 38, 49)",11.210352855274959
"(14, 47, 49)",11.210352855274959
"(15, 17, 40)",11.210166558587217
"(0, 36, 48)",11.20992448714216
"(9, 22, 48)",11.209215454528954
"(3, 36)",11.209021656042172
"(24, 25, 28)",11.208616567351346
"(19, 44, 46)",11.208556904377925
"(4, 33, 37)",11.207830588532984
"(8, 33, 37)",11.207830588532984
"(33, 37, 38)",11.207830588532984
"(33, 37, 47)",11.207830588532984
"(20, 29, 32)",11.207070715201581
"(30, 41)",11.206839290389809
"(3, 18, 33)",11.20640119518421
"(12, 14, 36)",11.206180548633458
"(26, 30, 36)",11.204014532243079
"(12, 21, 42)",11.203559937099843
"(32, 39, 46)",11.203409413659413
"(22, 23, 48)",11.203223804889852
"(40, 45, 46)",11.201968834157922
"(9, 14, 41)",11.201639165673791
"(6, 24, 43)",11.19953093850309
"(0, 7, 40)",11.197696841189225
"(40, 44, 48)",11.197259564352734
"(14, 23, 41)",11.195647516034688
"(16, 36, 46)",11.194661386349678
"(11, 34, 36)",11.193711186980497
"(15, 37, 44)",11.19299852516236
"(18, 32, 37)",11.191999723812827
"(16, 17, 41)",11.191238896851393
"(32, 33, 48)",11.189054287391883
"(14, 19, 46)",11.18893768735299
"(1, 22, 35)",11.188925828176036
"(6, 15, 40)",11.188293829517907
"(10, 21, 48)",11.188192724035115
"(21, 22, 37)",11.18707590913332
"(5, 12, 26)",11.186022820229457
"(7, 26, 28)",11.183704182450107
"(16, 24, 39)",11.182443354118886
"(2, 44, 45)",11.182206924726817
"(3, 39, 42)",11.181784674272897
"(3, 15, 16)",11.181599804808544
"(0, 34, 39)",11.17943176517389
"(5, 16, 37)",11.17820836738861
"(1, 13, 49)",11.178015937465666
"(14, 40, 48)",11.177640347327797
"(14, 15, 37)",11.173379308137424
"(0, 36, 43)",11.172430316944816
"(5, 21, 49)",11.171956672863157
"(9, 22, 43)",11.171721284331609
"(4, 11, 33)",11.171460593524065
"(8, 11, 33)",11.171460593524065
"(11, 33, 38)",11.171460593524065
"(11, 33, 47)",11.171460593524065
"(19, 26, 41)",11.171268522368925
"(2, 20, 41)",11.171001738504328
"(13, 27, 44)",11.17074903637377
"(15, 26, 46)",11.16967459869449
"(6, 16, 41)",11.169366167782083
"(5, 12, 30)",11.168278010958023
"(25, 27, 34)",11.167266417942207
"(1, 15, 29)",11.167176342923831
"(34, 35, 36)",11.16616218556359
"(7, 28, 30)",11.165959373178673
"(0, 25, 33)",11.165895470177027
"(22, 23, 43)",11.165729634692507
"(9, 13, 40)",11.165686235794766
"(3, 5, 9)",11.165191538433264
"(17, 36, 46)",11.163023791900814
"(3, 14, 32)",11.162671874308332
"(2, 14, 45)",11.16258770770188
"(25, 29, 32)",11.162094994887582
"(20, 29, 48)",11.16183483999351
"(7, 12, 33)",11.160130967536539
"(40, 43, 44)",11.15976539415539
"(13, 23, 40)",11.159694586155663
"(3, 5, 23)",11.159199888794163
"(39, 46, 48)",11.158173538451342
"(10, 36, 41)",11.157732145127332
"(11, 15, 44)",11.15662853015344
"(12, 16, 20)",11.155710402073995
"(11, 18, 32)",11.155629728803909
"(5, 10, 46)",11.155243581707396
"(3, 19, 36)",11.154978623532397
"(18, 29, 44)",11.154601996123318
"(19, 30, 41)",11.15352371309749
"(10, 20, 26)",11.152029118716765
"(15, 30, 46)",11.151929789423056
"(2, 18, 22)",11.15172596646436
"(32, 33, 43)",11.151560117194538
"(4, 27, 43)",11.151550671253565
"(8, 27, 43)",11.151550671253565
"(27, 38, 43)",11.151550671253565
"(27, 43, 47)",11.151550671253565
"(13, 14, 27)",11.151129819348835
"(17, 24, 39)",11.150805759670023
"(11, 21, 22)",11.1507059141244
"(10, 21, 43)",11.15069855383777
"(3, 15, 17)",11.14996221035968
"(16, 33, 34)",11.149813538113877
"(24, 26, 44)",11.149399825678689
"(10, 18, 24)",11.148068878591086
"(18, 37, 48)",11.146763848604756
"(5, 17, 37)",11.146570772939747
"(1, 10, 39)",11.145869561403938
"(0, 1, 32)",11.145867913012802
"(7, 27, 42)",11.145216697321118
"(4, 16, 29)",11.144632669118275
"(8, 16, 29)",11.144632669118275
"(16, 29, 38)",11.144632669118275
"(16, 29, 47)",11.144632669118275
"(40, 41, 42)",11.144559156886398
"(22, 24, 33)",11.144006627268348
"(4, 33, 35)",11.143911592107157
"(8, 33, 35)",11.143911592107157
"(33, 35, 38)",11.143911592107157
"(33, 35, 47)",11.143911592107157
"(5, 11, 16)",11.141838372379691
"(3, 45, 46)",11.141764485930386
"(6, 36, 46)",11.141151062831504
"(14, 40, 43)",11.140146177130452
"(6, 17, 41)",11.13772857333322
"(0, 3, 7)",11.13749249296169
"(3, 44, 48)",11.137055216125198
"(11, 14, 15)",11.137009313128504
"(12, 15, 41)",11.13642664082937
"(1, 40)",11.135389504377331
"(14, 18, 29)",11.134982779098381
"(20, 27, 36)",11.13464278212476
"(24, 34, 46)",11.13439773968572
"(10, 20, 30)",11.13428430944533
"(0, 16, 18)",11.132602279687566
"(24, 30, 44)",11.131655016407255
"(14, 24, 26)",11.129780608653752
"(15, 35, 44)",11.129079528736533
"(6, 24, 39)",11.128933030600713
"(3, 6, 15)",11.12808948129037
"(18, 32, 35)",11.128080727387001
"(12, 13, 26)",11.126313169363423
"(2, 25, 41)",11.126026018190325
"(5, 6, 37)",11.124698043870435
"(20, 29, 43)",11.124340669796165
"(12, 17, 20)",11.124072807625131
"(21, 22, 35)",11.123156912707493
"(9, 20, 46)",11.122953914163745
"(9, 32, 34)",11.122395237787147
"(0, 4, 9)",11.121014844080992
"(0, 8, 9)",11.121014844080992
"(0, 9, 38)",11.121014844080992
"(0, 9, 47)",11.121014844080992
"(20, 37)",11.12098569119629
"(1, 34, 37)",11.120788732651985
"(39, 43, 46)",11.120679368253997
"(29, 42, 45)",11.120339618749664
"(13, 16, 37)",11.118498716522573
"(17, 33, 34)",11.118175943665014
"(3, 14, 48)",11.11743599910026
"(20, 23, 46)",11.116962264524643
"(25, 29, 48)",11.11685911967951
"(1, 12, 44)",11.116507316320966
"(23, 32, 34)",11.116403588148044
"(0, 4, 23)",11.115023194441891
"(0, 8, 23)",11.115023194441891
"(0, 23, 38)",11.115023194441891
"(0, 23, 47)",11.115023194441891
"(0, 14, 44)",11.114673150536884
"(5, 16, 35)",11.114289370962783
"(4, 17, 29)",11.112995074669412
"(8, 17, 29)",11.112995074669412
"(17, 29, 38)",11.112995074669412
"(17, 29, 47)",11.112995074669412
"(13, 21, 49)",11.112247021997122
"(28, 34, 36)",11.111923690211746
"(12, 16, 25)",11.110734681759991
"(11, 18, 48)",11.110393853595838
"(5, 11, 17)",11.110200777930828
"(14, 15, 35)",11.109460311711597
"(18, 37, 43)",11.109269678407411
"(12, 13, 30)",11.108568360091988
"(10, 25, 26)",11.107053398402766
"(33, 43, 48)",11.106324241986467
"(32, 41, 46)",11.105979548045378
"(1, 19, 40)",11.105890522422504
"(33, 44)",11.105718270759587
"(3, 9, 13)",11.10548188756723
"(15, 24, 40)",11.103941150240674
"(6, 12, 20)",11.10220007855582
"(0, 36, 39)",11.10183240904244
"(15, 21, 29)",11.101407427455287
"(9, 22, 39)",11.101123376429232
"(0, 17, 18)",11.100964685238703
"(0, 1, 48)",11.100632037804731
"(3, 43, 44)",11.099561045927853
"(3, 13, 23)",11.099490237928126
"(10, 16, 45)",11.098847967765417
"(1, 12, 14)",11.096888099296029
"(9, 26, 45)",11.096870718377232
"(6, 33, 34)",11.096303214595702
"(19, 20, 37)",11.09628798030181
"(10, 13, 46)",11.09553393084136
"(22, 23, 39)",11.09513172679013
"(1, 26, 30)",11.09472208290565
"(4, 6, 29)",11.091122345600102
"(6, 8, 29)",11.091122345600102
"(6, 29, 38)",11.091122345600102
"(6, 29, 47)",11.091122345600102
"(23, 26, 45)",11.09087906873813
"(10, 34, 42)",11.090822541674765
"(2, 5, 32)",11.090355142576344
"(4, 28, 33)",11.089673096755316
"(8, 28, 33)",11.089673096755316
"(28, 33, 38)",11.089673096755316
"(28, 33, 47)",11.089673096755316
"(25, 27, 36)",11.089667061810758
"(10, 25, 30)",11.089308589131331
"(39, 40, 44)",11.089167486253011
"(5, 6, 11)",11.088328048861516
"(13, 17, 37)",11.08686112207371
"(19, 33, 44)",11.086109700010674
"(12, 22, 34)",11.085834249906314
"(16, 24, 41)",11.08501348850485
"(1, 11, 34)",11.084418737643066
"(3, 41, 42)",11.084354808658862
"(18, 35, 48)",11.08284485217893
"(5, 17, 35)",11.08265177651392
"(11, 13, 16)",11.082128721513655
"(0, 34, 41)",11.082001899559854
"(32, 33, 39)",11.080962209292164
"(4, 27, 39)",11.080952763351188
"(8, 27, 39)",11.080952763351188
"(27, 38, 39)",11.080952763351188
"(27, 39, 47)",11.080952763351188
"(10, 21, 39)",11.080100645935394
"(0, 21, 32)",11.080098997544258
"(3, 14, 43)",11.079941828902916
"(33, 40, 45)",11.079521629790673
"(25, 29, 43)",11.079364949482166
"(9, 30, 45)",11.079125909105798
"(12, 17, 25)",11.079097087311128
"(0, 6, 18)",11.07909195616939
"(9, 25, 46)",11.077978193849745
"(9, 34, 48)",11.077159362579076
"(9, 42, 44)",11.076749423114709
"(14, 33)",11.076289445222182
"(15, 28, 44)",11.07484103338469
"(18, 28, 32)",11.073842232035158
"(23, 30, 45)",11.073134259466695
"(11, 18, 43)",11.072899683398493
"(16, 33, 36)",11.072214181982428
"(23, 25, 46)",11.071986544210642
"(23, 34, 48)",11.071167712939975
"(23, 42, 44)",11.07075777347561
"(10, 22, 44)",11.07005709737722
"(16, 22, 26)",11.069697956590563
"(0, 22, 42)",11.069549031925714
"(14, 39, 40)",11.069548269228076
"(21, 22, 28)",11.06891841735565
"(10, 17, 45)",11.067210373316554
"(16, 32)",11.067017983171787
"(14, 19, 33)",11.066490482985738
"(11, 20)",11.066430698682913
"(6, 13, 37)",11.0649883930044
"(9, 15)",11.063553890482405
"(0, 1, 43)",11.063137867607386
"(5, 6, 35)",11.060779047444608
"(16, 19, 32)",11.060309508285474
"(5, 16, 28)",11.06005087561094
"(11, 19, 20)",11.059917985292893
"(9, 15, 19)",11.05800011315922
"(6, 12, 25)",11.057224358241816
"(9, 14, 42)",11.057130206089774
"(1, 34, 35)",11.056869736226158
"(24, 36, 46)",11.056798383554272
"(15, 27, 45)",11.056474843518224
"(14, 15, 28)",11.055221816359754
"(21, 34, 37)",11.055019817183442
"(13, 16, 35)",11.054579720096747
"(15, 23)",11.054566416023752
"(18, 26, 40)",11.054433869938556
"(20, 29, 39)",11.05374276189379
"(25, 37)",11.053522110725288
"(17, 24, 41)",11.053375894055987
"(12, 45)",11.05293564403054
"(15, 19, 23)",11.052008463520117
"(16, 22, 30)",11.051953147319129
"(19, 25, 37)",11.05131225998781
"(18, 45, 49)",11.051167397809607
"(14, 23, 42)",11.05113855645067
"(12, 19, 45)",11.050921282191311
"(12, 21, 44)",11.05073840085242
"(11, 13, 17)",11.050491127064792
"(10, 14, 22)",11.050437880352282
"(1, 10, 41)",11.048439695789902
"(15, 26, 33)",11.04722739432724
"(19,)",11.046892558512853
"(16, 17, 42)",11.046729937267376
"(1, 3, 19)",11.04568617419497
"(18, 35, 43)",11.045350681981585
"(6, 10, 45)",11.045337644247244
"(2, 5, 48)",11.045119267368273
"(1, 3)",11.045082982036027
"(4, 10, 40)",11.04482368372017
"(10, 38, 40)",11.04482368372017
"(10, 40, 47)",11.04482368372017
"(9, 32, 36)",11.044795881655698
"(3, 15, 24)",11.043736802013138
"(1, 36, 37)",11.043189376520537
"(17, 33, 36)",11.040576587533565
"(5, 24, 37)",11.040345364593204
"(19, 21, 40)",11.04012160695396
"(9, 34, 43)",11.039665192381731
"(23, 32, 36)",11.038804232016595
"(18, 37, 39)",11.038671770505035
"(17, 22, 26)",11.0380603621417
"(7, 19, 29)",11.037510626349649
"(21, 40)",11.036736131174516
"(18, 30, 40)",11.036689060667122
"(33, 39, 48)",11.035726334084092
"(0, 21, 48)",11.034863122336187
"(23, 34, 43)",11.03367354274263
"(7, 29)",11.032819660268046
"(5, 10, 33)",11.032796377340144
"(19, 20, 35)",11.032368983875983
"(6, 24, 41)",11.031503164986677
"(12, 14, 21)",11.031119183827485
"(2, 13, 32)",11.03064549171031
"(15, 30, 33)",11.029482585055806
"(3, 39, 44)",11.028963138025475
"(21, 26, 30)",11.028953167437106
"(17, 19, 32)",11.028671913836611
"(6, 11, 13)",11.028618397995482
"(18, 28, 48)",11.028606356827087
"(5, 17, 28)",11.028413281162077
"(19, 26, 42)",11.026759562784907
"(2, 20, 42)",11.02649277892031
"(1, 20, 27)",11.02535033278733
"(20, 35)",11.025107196557551
"(22, 32, 40)",11.024930567677274
"(6, 16, 42)",11.024857208198068
"(41, 43, 46)",11.023249502639962
"(13, 17, 35)",11.022942125647884
"(10, 15, 32)",11.021786343388696
"(17, 22, 30)",11.020315552870265
"(2, 18, 34)",11.019669874514483
"(16, 21, 46)",11.019600021543704
"(17, 32)",11.019561591498492
"(3, 33, 45)",11.019317281563136
"(6, 33, 36)",11.018703858464253
"(11, 21, 34)",11.018649822174522
"(12, 20, 24)",11.017847399278587
"(26, 42)",11.016693064920936
"(6, 22, 26)",11.01618763307239
"(16, 19, 48)",11.015073633077403
"(11, 19, 25)",11.01494226497889
"(10, 36, 42)",11.013223185543314
"(5, 22, 27)",11.012893815356275
"(4, 22, 49)",11.012407200416364
"(8, 22, 49)",11.012407200416364
"(22, 38, 49)",11.012407200416364
"(24, 33, 34)",11.011950535318471
"(3, 14, 39)",11.00934392100054
"(19, 30, 42)",11.009014753513473
"(25, 29, 39)",11.00876704157979
"(12, 22, 36)",11.008234893774866
"(2, 5, 43)",11.007625097170928
"(1, 11, 36)",11.006819381511617
"(6, 19, 32)",11.006799184767303
"(4, 24, 29)",11.00676966632287
"(8, 24, 29)",11.00676966632287
"(24, 29, 38)",11.00676966632287
"(24, 29, 47)",11.00676966632287
"(5, 6, 28)",11.006540552092767
"(32, 37, 45)",11.00491581019175
"(0, 36, 41)",11.004402543428405
"(5, 11, 24)",11.003975369584285
"(9, 22, 41)",11.003693510815197
"(11, 18, 39)",11.002301775496116
"(0, 5, 46)",11.001913980008467
"(6, 13, 35)",11.001069396578574
"(9, 20, 33)",11.000506709796495
"(13, 16, 28)",11.000341224744904
"(9, 36, 48)",10.999560006447627
"(16, 48)",10.99916417035968
"(11, 25)",10.99896711821191
"(0, 20, 26)",10.998699517017839
"(6, 22, 30)",10.998442823800955
"(33, 39, 43)",10.998232163886748
"(22, 23, 41)",10.997701861176095
"(0, 21, 43)",10.997368952138842
"(4, 26, 37)",10.995658915059792
"(8, 26, 37)",10.995658915059792
"(26, 37, 38)",10.995658915059792
"(26, 37, 47)",10.995658915059792
"(0, 18, 24)",10.99473927689216
"(20, 23, 33)",10.994515060157394
"(3, 18, 26)",10.99422952171102
"(23, 36, 48)",10.993568356808524
"(6, 17, 42)",10.993219613749204
"(0, 1, 39)",10.99253995970501
"(7, 27, 44)",10.992395161073695
"(12, 15, 42)",10.991917681245354
"(40, 41, 44)",10.991737620638975
"(18, 28, 43)",10.991112186629742
"(21, 34, 35)",10.991100820757616
"(19, 22, 46)",10.990992032494395
"(30, 42)",10.990075851013783
"(17, 21, 46)",10.98796242709484
"(19, 25, 35)",10.987393263561984
"(7, 9, 40)",10.98733236049469
"(6, 32)",10.986752497894528
"(2, 13, 48)",10.985409616502238
"(3, 4, 10)",10.984619335492633
"(3, 10, 38)",10.984619335492633
"(3, 10, 47)",10.984619335492633
"(32, 33, 41)",10.983532343678128
"(4, 27, 41)",10.983522897737153
"(8, 27, 41)",10.983522897737153
"(27, 38, 41)",10.983522897737153
"(27, 41, 47)",10.983522897737153
"(17, 19, 48)",10.98343603862854
"(10, 21, 41)",10.982670780321358
"(2, 25, 42)",10.981517058606308
"(7, 23, 40)",10.981340710855589
"(0, 20, 30)",10.980954707746404
"(13, 24, 37)",10.980635713727168
"(1, 25, 27)",10.980374612473328
"(3, 19, 21)",10.979917258726424
"(22, 40, 48)",10.979694692469202
"(1, 35, 36)",10.97927038009471
"(19, 20, 28)",10.978130488524142
"(4, 30, 37)",10.977914105788358
"(8, 30, 37)",10.977914105788358
"(30, 37, 38)",10.977914105788358
"(30, 37, 47)",10.977914105788358
"(16, 19, 43)",10.977579462880058
"(21, 36, 37)",10.977420461051992
"(26, 32, 48)",10.976882613918693
"(10, 15, 48)",10.976550468180625
"(3, 18, 30)",10.976484712439586
"(5, 24, 35)",10.976426368167377
"(4, 12, 46)",10.976375412735806
"(8, 12, 46)",10.976375412735806
"(12, 38, 46)",10.976375412735806
"(12, 46, 47)",10.976375412735806
"(15, 22, 37)",10.975433653278827
"(18, 35, 39)",10.974752774079208
"(10, 13, 33)",10.97308672647411
"(12, 24, 25)",10.972871678964585
"(7, 14, 27)",10.97277594404876
"(14, 40, 41)",10.97211840361404
"(9, 34, 39)",10.969067284479355
"(13, 17, 28)",10.96870363029604
"(11, 32, 45)",10.968545815182832
"(29, 44, 45)",10.967518082502242
"(6, 21, 46)",10.966089698025531
"(3, 22, 32)",10.964726219449737
"(2, 22, 45)",10.964642052843285
"(23, 34, 39)",10.963075634840253
"(22, 46)",10.963041769485166
"(9, 36, 43)",10.962065836250282
"(6, 19, 48)",10.961563309559232
"(32, 42, 46)",10.96147058846136
"(10, 24, 45)",10.960984964970011
"(5, 15, 49)",10.960314417008666
"(37, 45, 48)",10.95967993498368
"(20, 21, 27)",10.959581417318788
"(4, 11, 26)",10.959288920050874
"(8, 11, 26)",10.959288920050874
"(11, 26, 38)",10.959288920050874
"(11, 26, 47)",10.959288920050874
"(30, 32, 48)",10.95913780464726
"(25, 35)",10.957643616086548
"(20, 29, 41)",10.956312896279755
"(23, 36, 43)",10.956074186611179
"(9, 25, 33)",10.955530989482494
"(0, 25, 26)",10.953723796703837
"(13, 22, 27)",10.95318416449024
"(39, 41, 46)",10.952651594737585
"(17, 48)",10.951707778686385
"(23, 25, 33)",10.94953933984339
"(7, 12, 26)",10.947959294063349
"(2, 13, 43)",10.947915446304894
"(14, 29, 45)",10.947898865477306
"(6, 13, 28)",10.946830901226733
"(3, 21)",10.946429608833212
"(2, 4, 19)",10.945996709406238
"(2, 8, 19)",10.945996709406238
"(2, 19, 38)",10.945996709406238
"(2, 19, 47)",10.945996709406238
"(17, 19, 43)",10.945941868431195
"(0, 16, 45)",10.94551836606649
"(11, 13, 24)",10.944265718718249
"(20, 28)",10.943749453529788
"(16, 43)",10.942922915063662
"(0, 13, 46)",10.942204329142433
"(22, 40, 43)",10.942200522271857
"(2, 18, 36)",10.942070518383034
"(4, 11, 30)",10.94154411077944
"(8, 11, 30)",10.94154411077944
"(11, 30, 38)",10.94154411077944
"(11, 30, 47)",10.94154411077944
"(18, 37, 41)",10.941241904891
"(11, 21, 36)",10.941050466043073
"(32, 35, 45)",10.940996813765924
"(16, 24, 42)",10.940504528920833
"(7, 16, 37)",10.9401448412225
"(26, 32, 43)",10.939388443721349
"(11, 15, 22)",10.939063658269909
"(10, 15, 43)",10.93905629798328
"(10, 34, 44)",10.938001005427342
"(16, 26, 34)",10.937641864640685
"(0, 34, 42)",10.937492939975836
"(18, 22, 29)",10.937037124239787
"(2, 5, 39)",10.937027189268552
"(21, 28, 34)",10.936862325405773
"(0, 25, 30)",10.935978987432403
"(3, 5, 40)",10.935670776373513
"(1, 9, 32)",10.935503432318269
"(24, 33, 36)",10.934351179187022
"(19, 25, 28)",10.93315476821014
"(22, 24, 26)",10.931834953795157
"(4, 26, 35)",10.931739918633966
"(8, 26, 35)",10.931739918633966
"(26, 35, 38)",10.931739918633966
"(26, 35, 47)",10.931739918633966
"(3, 41, 44)",10.93153327241144
"(7, 12, 30)",10.930214484791914
"(1, 23, 32)",10.929511782679166
"(3, 7, 9)",10.927128012267154
"(0, 21, 39)",10.926771044236467
"(6, 19, 43)",10.924069139361887
"(11, 45, 48)",10.92330993997476
"(19, 24, 32)",10.92244650549007
"(9, 16, 18)",10.92223779899303
"(5, 24, 28)",10.922187872815535
"(37, 43, 45)",10.922185764786335
"(30, 32, 43)",10.921643634449914
"(3, 7, 23)",10.921136362628053
"(18, 28, 39)",10.920514278727365
"(16, 30, 34)",10.919897055369251
"(3, 22, 48)",10.919490344241666
"(6, 48)",10.918898685082421
"(10, 14, 34)",10.918381788402405
"(7, 10, 46)",10.917180055541287
"(0, 22, 44)",10.916727495678291
"(13, 24, 35)",10.916716717301341
"(16, 18, 23)",10.916246149353928
"(42, 46, 48)",10.916234713253289
"(21, 25, 27)",10.914605697004784
"(22, 24, 30)",10.914090144523723
"(4, 30, 35)",10.913995109362531
"(8, 30, 35)",10.913995109362531
"(30, 35, 38)",10.913995109362531
"(30, 35, 47)",10.913995109362531
"(0, 17, 45)",10.913880771617627
"(21, 35, 36)",10.913501464626165
"(3, 14, 41)",10.911914055386504
"(15, 22, 35)",10.911514656853
"(25, 29, 41)",10.911337175965754
"(17, 24, 42)",10.90886693447197
"(7, 17, 37)",10.908507246773636
"(16, 19, 39)",10.906981554977683
"(17, 26, 34)",10.906004270191822
"(11, 18, 41)",10.90487190988208
"(4, 9, 23)",10.904658713747356
"(8, 9, 23)",10.904658713747356
"(9, 23, 38)",10.904658713747356
"(9, 23, 47)",10.904658713747356
"(9, 14, 44)",10.90430866984235
"(1, 10, 42)",10.903930736205886
"(7, 11, 16)",10.903774846213581
"(33, 41, 43)",10.900802298272712
"(13, 15, 49)",10.900604766142632
"(1, 12, 22)",10.898942444437434
"(14, 23, 44)",10.898317020203248
"(16, 21, 33)",10.897152817176455
"(0, 14, 22)",10.897108278653354
"(35, 45, 48)",10.895760938557853
"(2, 4)",10.895548784852933
"(2, 8)",10.895548784852933
"(2, 38)",10.895548784852933
"(2, 47)",10.895548784852933
"(17, 43)",10.895466523390368
"(0, 1, 41)",10.895110094090974
"(26, 43, 48)",10.894152568513277
"(16, 17, 44)",10.893908401019953
"(20, 40, 46)",10.893433152103995
"(32, 34, 40)",10.892874475727396
"(0, 6, 45)",10.892008042548316
"(0, 4, 40)",10.891494082021243
"(0, 8, 40)",10.891494082021243
"(0, 38, 40)",10.891494082021243
"(0, 40, 47)",10.891494082021243
"(9, 36, 39)",10.891467928347906
"(9, 17, 18)",10.890600204544167
"(1, 9, 48)",10.890267557110198
"(17, 30, 34)",10.888259460920388
"(6, 24, 42)",10.886994205402662
"(28, 32, 45)",10.886758318414083
"(6, 7, 37)",10.886634517704326
"(11, 43, 45)",10.885815769777416
"(23, 36, 39)",10.885476278708804
"(17, 18, 23)",10.884608554905064
"(1, 23, 48)",10.884275907471094
"(6, 26, 34)",10.884131541122512
"(3, 22, 43)",10.881996174044321
"(21, 24, 46)",10.881737018748298
"(5, 27, 34)",10.880837723406398
"(4, 34, 49)",10.880351108466487
"(8, 34, 49)",10.880351108466487
"(34, 38, 49)",10.880351108466487
"(34, 47, 49)",10.880351108466487
"(0, 5, 33)",10.879466775641218
"(42, 43, 46)",10.878740543055944
"(4, 26, 28)",10.877501423282125
"(8, 26, 28)",10.877501423282125
"(26, 28, 38)",10.877501423282125
"(26, 28, 47)",10.877501423282125
"(18, 35, 41)",10.877322908465173
"(2, 13, 39)",10.877317538402517
"(19, 24, 48)",10.877210630281999
"(30, 43, 48)",10.876407759241843
"(25, 28)",10.876285873058785
"(7, 16, 35)",10.876225844796673
"(12, 34, 36)",10.876178801824988
"(3, 13, 40)",10.875961125507477
"(5, 29, 32)",10.87566630035177
"(17, 19, 39)",10.87534396052882
"(14, 16, 17)",10.874289183995018
"(19, 26, 44)",10.873938026537484
"(2, 20, 44)",10.873671242672888
"(10, 18, 19)",10.872607079449882
"(7, 11, 17)",10.872137251764718
"(6, 16, 44)",10.872035671950645
"(9, 34, 41)",10.871637418865319
"(22, 39, 40)",10.871602614369483
"(9, 21, 32)",10.869734516849725
"(26, 32, 39)",10.868790535818972
"(6, 9, 18)",10.868727475474858
"(19, 22, 33)",10.868544828127146
"(10, 15, 39)",10.868458390080903
"(0, 15, 32)",10.868456741689767
"(1, 21, 37)",10.868128011714564
"(26, 40, 45)",10.867349956317481
"(6, 30, 34)",10.866386731851078
"(23, 34, 41)",10.865645769226218
"(17, 21, 33)",10.865515222727591
"(21, 23, 32)",10.863742867210622
"(6, 18, 23)",10.862735825835756
"(6, 43)",10.862657429786402
"(13, 24, 28)",10.8624782219495
"(10, 36, 44)",10.860401649295891
"(24, 32)",10.860223478978678
"(16, 26, 36)",10.860042508509236
"(0, 36, 42)",10.859893583844388
"(4, 28, 30)",10.85975661401069
"(8, 28, 30)",10.85975661401069
"(28, 30, 38)",10.85975661401069
"(28, 30, 47)",10.85975661401069
"(21, 28, 36)",10.859262969274324
"(9, 22, 42)",10.85918455123118
"(19, 34, 46)",10.858935940544516
"(35, 43, 45)",10.858266768360508
"(15, 22, 28)",10.85727616150116
"(19, 30, 44)",10.85619321726605
"(14, 19, 26)",10.854318809512549
"(2, 14, 20)",10.854052025647952
"(4, 12, 33)",10.853928208368556
"(8, 12, 33)",10.853928208368556
"(12, 33, 38)",10.853928208368556
"(12, 33, 47)",10.853928208368556
"(6, 19, 39)",10.85347123145951
"(22, 23, 42)",10.853192901592077
"(1, 9, 43)",10.852773386912853
"(6, 14, 16)",10.852416454925708
"(2, 7, 32)",10.852291616410234
"(37, 39, 45)",10.85158785688396
"(6, 7, 11)",10.850264522695408
"(30, 40, 45)",10.849605147046047
"(25, 40, 46)",10.848457431789992
"(34, 40, 48)",10.847638600519325
"(11, 37, 49)",10.847470593410492
"(40, 42, 44)",10.84722866105496
"(1, 23, 43)",10.84678173727375
"(7, 17, 35)",10.84458825034781
"(6, 21, 33)",10.84364249365828
"(15, 34, 37)",10.84337756132895
"(16, 30, 36)",10.842297699237802
"(28, 45, 48)",10.841522443206012
"(10, 14, 36)",10.840782432270956
"(6, 17, 44)",10.840398077501781
"(19, 24, 43)",10.839716460084654
"(2, 5, 41)",10.839597323654516
"(12, 15, 44)",10.839096144997932
"(32, 33, 42)",10.83902338409411
"(4, 27, 42)",10.839013938153137
"(8, 27, 42)",10.839013938153137
"(27, 38, 42)",10.839013938153137
"(27, 42, 47)",10.839013938153137
"(10, 21, 42)",10.83816182073734
"(12, 18, 32)",10.8380973436484
"(16, 39)",10.8370260532101
"(3, 20, 46)",10.833228803876459
"(12, 21, 22)",10.83317352896889
"(1, 2, 18)",10.832778069045604
"(18, 33, 46)",10.832759156064881
"(3, 32, 34)",10.83267012749986
"(2, 34, 45)",10.832585960893407
"(1, 11, 21)",10.831758016705644
"(0, 3, 4)",10.831289733793707
"(0, 3, 8)",10.831289733793707
"(0, 3, 38)",10.831289733793707
"(0, 3, 47)",10.831289733793707
"(5, 29, 48)",10.8304304251437
"(33, 39, 41)",10.830204390370335
"(0, 21, 41)",10.829341178622432
"(2, 25, 44)",10.828695522358885
"(15, 19, 40)",10.82847935109947
"(17, 26, 36)",10.828404914060373
"(14, 40, 42)",10.827609444030024
"(9, 21, 48)",10.824498641641654
"(5, 12, 16)",10.824305987224182
"(26, 39, 48)",10.8235546606109
"(0, 15, 48)",10.823220866481696
"(18, 28, 41)",10.82308441311333
"(6, 7, 35)",10.8227155212785
"(7, 16, 28)",10.821987349444832
"(13, 27, 34)",10.821128072540363
"(6, 14, 17)",10.820778860476844
"(5, 10, 26)",10.820624703866955
"(0, 13, 33)",10.819757124775183
"(12, 14, 15)",10.819476927972994
"(21, 23, 48)",10.81850699200255
"(15, 26, 30)",10.817310911582615
"(13, 29, 32)",10.815956649485734
"(32, 36, 40)",10.815275119595947
"(11, 39, 45)",10.815217861875041
"(20, 29, 42)",10.811803936695737
"(3, 22, 39)",10.811398266141945
"(17, 30, 36)",10.810660104788939
"(34, 40, 43)",10.81014443032198
"(16, 19, 41)",10.809551689363648
"(2, 14, 25)",10.80907630533395
"(39, 42, 46)",10.808142635153569
"(15, 16, 46)",10.807957765689213
"(0, 24, 45)",10.807655363271085
"(3, 26, 45)",10.807145608089945
"(2, 7, 48)",10.807055741202163
"(11, 15, 34)",10.807007566320031
"(6, 26, 36)",10.806532184991063
"(18, 29, 34)",10.80498103228991
"(1, 21, 35)",10.804209015288738
"(28, 43, 45)",10.804028273008667
"(5, 27, 36)",10.803238367274949
"(5, 10, 30)",10.80287989459552
"(4, 36, 49)",10.802751752335038
"(8, 36, 49)",10.802751752335038
"(36, 38, 49)",10.802751752335038
"(36, 47, 49)",10.802751752335038
"(7, 24, 37)",10.802281838427094
"(24, 26, 34)",10.79977886184528
"(18, 37, 42)",10.796732945306982
"(7, 10, 33)",10.794732851174036
"(9, 36, 41)",10.79403806273387
"(33, 42, 48)",10.793787508886039
"(5, 29, 43)",10.792936254946355
"(12, 18, 48)",10.792861468440329
"(5, 12, 17)",10.792668392775319
"(24, 48)",10.792369666166572
"(5, 9, 46)",10.791549499313934
"(7, 17, 28)",10.790349754995969
"(10, 16, 20)",10.79031228571149
"(17, 39)",10.789569661536804
"(3, 30, 45)",10.78940079881851
"(14, 32, 46)",10.789029835189002
"(6, 30, 36)",10.788787375719629
"(9, 20, 26)",10.788335036323303
"(3, 25, 46)",10.788253083562456
"(23, 36, 41)",10.788046413094769
"(16, 24, 44)",10.78768299267341
"(35, 39, 45)",10.787668860458133
"(26, 44)",10.787460760549802
"(3, 34, 48)",10.787434252291789
"(3, 42, 44)",10.787024312827423
"(9, 21, 43)",10.787004471444309
"(26, 39, 43)",10.786060490413556
"(0, 15, 43)",10.785726696284351
"(5, 23, 46)",10.78555784967483
"(10, 18)",10.785464339918398
"(0, 34, 44)",10.784671403728414
"(9, 18, 24)",10.784374796197625
"(20, 23, 26)",10.782343386684202
"(1, 9, 39)",10.782175479010476
"(24, 30, 34)",10.782034052573845
"(19, 36, 46)",10.781336584413069
"(21, 23, 43)",10.781012821805206
"(2, 13, 41)",10.779887672788481
"(15, 34, 35)",10.779458564903123
"(22, 33)",10.77937096293429
"(18, 23, 24)",10.778383146558523
"(17, 19, 41)",10.777914094914784
"(15, 17, 46)",10.77632017124035
"(1, 23, 39)",10.776183829371373
"(7, 22, 27)",10.774830289190167
"(22, 40, 41)",10.774172748755445
"(26, 32, 41)",10.771360670204936
"(10, 15, 41)",10.771028524466868
"(20, 33, 40)",10.770985947736744
"(5, 6, 12)",10.770795663706007
"(13, 29, 48)",10.770720774277663
"(9, 20, 30)",10.77059022705187
"(36, 40, 48)",10.770039244387876
"(2, 7, 43)",10.769561571004818
"(19, 24, 39)",10.769118552182277
"(6, 7, 28)",10.768477025926657
"(3, 15, 19)",10.768275002871935
"(14, 16, 24)",10.768063775648475
"(3, 14, 42)",10.767405095802488
"(2, 18, 21)",10.76700915357706
"(1, 12, 34)",10.766886352487557
"(25, 29, 42)",10.766828216381736
"(7, 11, 24)",10.765911843418175
"(15, 36, 37)",10.765778205197503
"(0, 14, 34)",10.765052186703477
"(34, 46)",10.76495763156035
"(5, 19, 37)",10.764883565452
"(20, 23, 30)",10.764598577412768
"(12, 13, 16)",10.764596336358146
"(0, 7, 46)",10.763850453842359
"(44, 46, 48)",10.763413177005866
"(10, 13, 26)",10.760915053000918
"(30, 44)",10.760843546642649
"(11, 18, 42)",10.760362950298063
"(21, 24, 33)",10.759289814381049
"(10, 17, 20)",10.758674691262627
"(14, 26)",10.758031935012397
"(6, 39)",10.75676056793284
"(33, 42, 43)",10.756293338688694
"(17, 24, 44)",10.756045398224547
"(6, 19, 41)",10.756041365845475
"(12, 18, 43)",10.755367298242984
"(3, 32, 36)",10.75507077136841
"(2, 36, 45)",10.754986604761958
"(6, 15, 46)",10.75444744217104
"(37, 41, 45)",10.754157991269924
"(30, 32, 41)",10.753615860933502
"(1, 10, 44)",10.751109199958464
"(1, 16, 26)",10.750750059171807
"(0, 1, 42)",10.750601134506958
"(22, 29, 45)",10.749953210618711
"(3, 34, 43)",10.749940082094444
"(15, 20, 27)",10.747939161464295
"(10, 16, 25)",10.745336565397487
"(14, 46, 48)",10.74379395998093
"(13, 27, 36)",10.743528716408914
"(9, 25, 26)",10.743359316009304
"(10, 13, 30)",10.743170243729484
"(18, 20, 49)",10.742631715755678
"(12, 19, 20)",10.742385600137384
"(34, 39, 40)",10.739546522419603
"(7, 24, 35)",10.738362842001267
"(23, 25, 26)",10.7373676663702
"(6, 10, 20)",10.736801962193317
"(19, 33, 34)",10.736488736177266
"(14, 17, 24)",10.736426181199612
"(24, 43)",10.736128410870554
"(9, 16, 45)",10.735153885371956
"(6, 24, 44)",10.734172669155239
"(28, 39, 45)",10.73343036510629
"(13, 29, 43)",10.733226604080318
"(1, 16, 30)",10.733005249900373
"(12, 13, 17)",10.732958741909282
"(18, 35, 42)",10.732813948881155
"(36, 40, 43)",10.732545074190531
"(9, 13, 46)",10.731839848447898
"(1, 10, 14)",10.731489982933526
"(4, 19, 29)",10.731307867181666
"(8, 19, 29)",10.731307867181666
"(19, 29, 38)",10.731307867181666
"(19, 29, 47)",10.731307867181666
"(11, 15, 36)",10.729408210188582
"(16, 23, 45)",10.729162235732854
"(5, 11, 19)",10.72851357044308
"(18, 29, 36)",10.72738167615846
"(9, 34, 42)",10.727128459281303
"(25, 33, 40)",10.726010227422742
"(43, 44, 46)",10.725919006808521
"(13, 23, 46)",10.725848198808796
"(9, 25, 30)",10.72561450673787
"(15, 28, 34)",10.725220069551282
"(5, 29, 39)",10.722338347043978
"(24, 26, 36)",10.72217950571383
"(23, 34, 42)",10.7211368096422
"(10, 22, 34)",10.72043613354381
"(23, 25, 30)",10.719622857098766
"(0, 18, 19)",10.719277477750957
"(15, 40)",10.719272747392779
"(1, 17, 26)",10.719112464722944
"(11, 41, 45)",10.717787996261006
"(9, 21, 39)",10.716406563541932
"(0, 15, 39)",10.715128788381975
"(6, 14, 24)",10.714553452130302
"(3, 22, 41)",10.713968400527909
"(10, 17, 25)",10.713698970948624
"(6, 12, 13)",10.711086012839973
"(3, 20, 33)",10.710781599509207
"(41, 42, 46)",10.710712769539533
"(21, 23, 39)",10.71041491390283
"(3, 36, 48)",10.70983489616034
"(0, 36, 44)",10.707072047596965
"(9, 22, 44)",10.706363014983758
"(14, 43, 46)",10.706299789783586
"(1, 32, 40)",10.705982670258518
"(13, 19, 37)",10.705173914585963
"(24, 30, 36)",10.704434696442396
"(9, 17, 45)",10.703516290923092
"(15, 25, 27)",10.702963441150294
"(15, 35, 36)",10.701859208771674
"(1, 17, 30)",10.70136765545151
"(12, 21, 34)",10.701117437019013
"(5, 19, 35)",10.700964569026173
"(22, 23, 44)",10.700371365344655
"(2, 7, 39)",10.698963663102443
"(18, 25, 49)",10.697655995441675
"(3, 7, 40)",10.697607250207405
"(17, 23, 45)",10.69752464128399
"(12, 19, 25)",10.69740987982338
"(1, 6, 26)",10.697239735653634
"(20, 32, 37)",10.696380128137823
"(2, 5, 42)",10.6950883640705
"(1, 5, 27)",10.69394591793752
"(1, 4, 49)",10.693459302997608
"(1, 8, 49)",10.693459302997608
"(1, 38, 49)",10.693459302997608
"(1, 47, 49)",10.693459302997608
"(16, 18, 40)",10.69271703693328
"(6, 10, 25)",10.691826241879314
"(16, 41)",10.690881254789044
"(35, 41, 45)",10.690238994844098
"(1, 12, 36)",10.689286996356108
"(26, 41, 43)",10.68863062479952
"(0, 14, 36)",10.687452830572028
"(9, 14, 22)",10.68674379795882
"(5, 12, 24)",10.686442984428776
"(4, 27, 44)",10.686192401905714
"(8, 27, 44)",10.686192401905714
"(27, 38, 44)",10.686192401905714
"(27, 44, 47)",10.686192401905714
"(33, 39, 42)",10.685695430786318
"(10, 19, 45)",10.685523165828808
"(15, 16, 33)",10.685510561321962
"(10, 21, 44)",10.685340284489918
"(16, 21, 26)",10.684981143703263
"(0, 21, 42)",10.684832219038414
"(12, 18, 39)",10.684769390340607
"(1, 9, 41)",10.68474561339644
"(7, 24, 28)",10.684124346649426
"(6, 9, 45)",10.681643561853782
"(4, 9, 40)",10.681129601326708
"(8, 9, 40)",10.681129601326708
"(9, 38, 40)",10.681129601326708
"(9, 40, 47)",10.681129601326708
"(14, 22, 23)",10.68075214831972
"(1, 6, 30)",10.6794949263822
"(3, 34, 39)",10.679342174192067
"(1, 23, 41)",10.678753963757337
"(18, 28, 42)",10.678575453529312
"(16, 17, 22)",10.676343529136423
"(6, 23, 45)",10.67565191221468
"(4, 23, 40)",10.675137951687606
"(8, 23, 40)",10.675137951687606
"(23, 38, 40)",10.675137951687606
"(23, 40, 47)",10.675137951687606
"(14, 40, 44)",10.674787907782601
"(3, 36, 43)",10.672340725962995
"(19, 24, 41)",10.671688686568242
"(30, 41, 43)",10.670885815528086
"(15, 24, 46)",10.670094762893807
"(5, 9, 33)",10.669102294946683
"(11, 13, 19)",10.668803919577044
"(0, 5, 26)",10.667295102168026
"(16, 21, 30)",10.667236334431829
"(14, 32, 33)",10.66658263082175
"(4, 14, 27)",10.666573184880777
"(8, 14, 27)",10.666573184880777
"(14, 27, 38)",10.666573184880777
"(14, 27, 47)",10.666573184880777
"(3, 25, 33)",10.665805879195206
"(10, 14, 21)",10.665721067464982
"(16, 19, 42)",10.66504272977963
"(5, 23, 33)",10.663110645307581
"(13, 29, 39)",10.662628696177944
"(36, 39, 40)",10.661947166288154
"(17, 18, 40)",10.661079442484416
"(1, 40, 48)",10.660746795050446
"(11, 20, 32)",10.660010133128905
"(20, 29, 44)",10.658982400448314
"(19, 33, 36)",10.658889380045817
"(9, 15, 32)",10.658092260995234
"(1, 15, 37)",10.656485755860071
"(19, 22, 26)",10.656373154653954
"(2, 20, 22)",10.656106370789358
"(39, 44, 46)",10.655321098906146
"(6, 16, 22)",10.654470800067113
"(15, 17, 33)",10.653872966873099
"(17, 21, 26)",10.6533435492544
"(10, 20, 24)",10.652449282916084
"(15, 23, 32)",10.652100611356131
"(25, 32, 37)",10.651404407823822
"(20, 37, 48)",10.651144252929752
"(12, 32, 45)",10.651013430027323
"(0, 5, 30)",10.649550292896592
"(9, 36, 42)",10.649529103149852
"(36, 46)",10.648558597363175
"(15, 28, 36)",10.647620713419833
"(5, 19, 28)",10.64672607367433
"(1, 3, 32)",10.645778322030981
"(1, 2, 45)",10.645694155424529
"(33, 45, 46)",10.645675242443804
"(18, 37, 44)",10.643911409059559
"(23, 36, 42)",10.643537453510751
"(17, 41)",10.64342486311575
"(10, 22, 36)",10.642836777412361
"(7, 27, 34)",10.642774197240287
"(34, 40, 41)",10.642116656805568
"(4, 12, 26)",10.641756534895364
"(8, 12, 26)",10.641756534895364
"(12, 26, 38)",10.641756534895364
"(12, 26, 47)",10.641756534895364
"(0, 7, 33)",10.641403249475108
"(13, 19, 35)",10.641254918160136
"(33, 44, 48)",10.640965972638616
"(21, 32, 40)",10.640213754789974
"(14, 20, 29)",10.639363183423377
"(6, 18, 40)",10.639206713415106
"(19, 22, 30)",10.63862834538252
"(7, 29, 32)",10.637602774185662
"(0, 16, 20)",10.636982684012564
"(28, 41, 45)",10.636000499492255
"(14, 39, 46)",10.635701881881209
"(17, 21, 30)",10.635598739982965
"(2, 13, 42)",10.635378713204464
"(1, 13, 27)",10.634236267071483
"(4, 16, 37)",10.633942082054517
"(8, 16, 37)",10.633942082054517
"(16, 37, 38)",10.633942082054517
"(16, 37, 47)",10.633942082054517
"(17, 19, 42)",10.633405135330767
"(3, 16, 18)",10.632512688705743
"(20, 32, 35)",10.632461131711997
"(6, 15, 33)",10.63200023780379
"(6, 21, 26)",10.63147082018509
"(24, 39)",10.63023154901699
"(22, 40, 42)",10.629663789171428
"(3, 15)",10.628966225051474
"(5, 21, 27)",10.628177002468975
"(4, 21, 49)",10.627690387529064
"(8, 21, 49)",10.627690387529064
"(21, 38, 49)",10.627690387529064
"(21, 47, 49)",10.627690387529064
"(26, 32, 42)",10.626851710620919
"(12, 13, 24)",10.62673333356274
"(10, 15, 42)",10.626519564882852
"(5, 29, 41)",10.624908481429943
"(14, 18, 37)",10.624292192034623
"(4, 12, 30)",10.62401172562393
"(8, 12, 30)",10.62401172562393
"(12, 30, 38)",10.62401172562393
"(12, 30, 47)",10.62401172562393
"(5, 37)",10.623879068921573
"(12, 21, 36)",10.623518080887564
"(1, 40, 43)",10.623252624853102
"(6, 17, 22)",10.62283320561825
"(12, 15, 22)",10.6215312731144
"(14, 33, 48)",10.62134675561368
"(3, 4, 9)",10.620925253099172
"(3, 8, 9)",10.620925253099172
"(3, 9, 38)",10.620925253099172
"(3, 9, 47)",10.620925253099172
"(18, 26, 46)",10.62058748259169
"(1, 11, 15)",10.620115760851153
"(9, 21, 41)",10.618976697927897
"(1, 18, 29)",10.61808922682103
"(26, 39, 41)",10.618032716897144
"(29, 34, 45)",10.617897118668834
"(0, 15, 41)",10.61769892276794
"(16, 32, 48)",10.615165780913417
"(11, 25, 32)",10.615034412814904
"(3, 4, 23)",10.61493360346007
"(3, 8, 23)",10.61493360346007
"(3, 23, 38)",10.61493360346007
"(3, 23, 47)",10.61493360346007
"(11, 20, 48)",10.614774257920834
"(3, 14, 44)",10.614583559555065
"(25, 29, 44)",10.614006680134313
"(6, 21, 30)",10.613726010913656
"(20, 37, 43)",10.613650082732407
"(21, 23, 41)",10.612985048288795
"(1, 24, 26)",10.612887056376401
"(9, 15, 48)",10.612856385787163
"(6, 19, 42)",10.611532406261457
"(2, 22, 25)",10.611130650475355
"(4, 10, 46)",10.610977296373303
"(10, 38, 46)",10.610977296373303
"(10, 46, 47)",10.610977296373303
"(6, 41)",10.610615769511785
"(37, 42, 45)",10.609649031685906
"(9, 13, 33)",10.609392644080648
"(30, 32, 42)",10.609106901349485
"(0, 13, 26)",10.607585451301992
"(11, 18, 44)",10.60754141405064
"(10, 24, 25)",10.607473562602081
"(15, 23, 48)",10.60686473614806
"(19, 21, 46)",10.606275219607095
"(25, 37, 48)",10.60616853261575
"(12, 45, 48)",10.605777554819252
"(0, 17, 20)",10.6053450895637
"(33, 43, 44)",10.603471802441272
"(13, 23, 33)",10.603400994441547
"(18, 30, 46)",10.602842673320255
"(4, 17, 37)",10.602304487605654
"(8, 17, 37)",10.602304487605654
"(17, 37, 38)",10.602304487605654
"(17, 37, 47)",10.602304487605654
"(3, 36, 39)",10.601742818060618
"(2, 7, 41)",10.601533797488408
"(3, 17, 18)",10.60087509425688
"(1, 3, 48)",10.60054244682291
"(0, 1, 44)",10.597779598259535
"(4, 11, 16)",10.597572087045599
"(8, 11, 16)",10.597572087045599
"(11, 16, 38)",10.597572087045599
"(11, 16, 47)",10.597572087045599
"(9, 24, 45)",10.59729088257655
"(1, 24, 30)",10.595142247104967
"(21, 40, 48)",10.594977879581903
"(14, 25, 29)",10.594387463109376
"(1, 15, 35)",10.592566759434245
"(7, 29, 48)",10.592366898977591
"(0, 16, 25)",10.59200696369856
"(23, 24, 45)",10.591299232937448
"(22, 32, 46)",10.591084180330407
"(15, 21, 37)",10.59071684039153
"(12, 20)",10.590132120949649
"(0, 13, 30)",10.589840642030557
"(33, 41, 42)",10.588265565172282
"(11, 14, 18)",10.587922197025703
"(25, 32, 35)",10.587485411397996
"(12, 18, 41)",10.587339524726572
"(20, 35, 48)",10.587225256503926
"(13, 19, 28)",10.587016422808295
"(7, 12, 16)",10.586242461058072
"(14, 33, 43)",10.583852585416334
"(17, 32, 48)",10.583528186464553
"(0, 6, 20)",10.583472360494389
"(7, 10, 26)",10.582561177700846
"(3, 34, 41)",10.581912308578032
"(26, 42, 48)",10.581615835412848
"(33, 34)",10.581286825009474
"(4, 6, 37)",10.580431758536342
"(6, 8, 37)",10.580431758536342
"(6, 37, 38)",10.580431758536342
"(6, 37, 47)",10.580431758536342
"(3, 21, 32)",10.580009406562437
"(18, 35, 44)",10.579992412633732
"(2, 21, 45)",10.579925239955985
"(3, 6, 18)",10.57900236518757
"(20, 28, 32)",10.578222636360156
"(0, 1, 14)",10.578160381234598
"(16, 32, 43)",10.577671610716072
"(11, 20, 43)",10.577280087723489
"(9, 15, 43)",10.575362215589818
"(9, 34, 44)",10.57430692303388
"(4, 29)",10.573515521516072
"(8, 29)",10.573515521516072
"(29, 38)",10.573515521516072
"(29, 47)",10.573515521516072
"(11, 42, 45)",10.573279036676988
"(16, 22, 24)",10.57011812078988
"(4, 16, 35)",10.57002308562869
"(8, 16, 35)",10.57002308562869
"(16, 35, 38)",10.57002308562869
"(16, 35, 47)",10.57002308562869
"(11, 25, 48)",10.569798537606832
"(3, 22, 42)",10.569459440943891
"(15, 23, 43)",10.569370565950715
"(5, 11)",10.569324076408195
"(25, 37, 43)",10.568674362418406
"(13, 21, 27)",10.56846735160294
"(23, 34, 44)",10.568315273394777
"(12, 43, 45)",10.568283384621907
"(0, 22, 34)",10.567106531844884
"(4, 11, 17)",10.565934492596735
"(8, 11, 17)",10.565934492596735
"(11, 17, 38)",10.565934492596735
"(11, 17, 47)",10.565934492596735
"(13, 29, 41)",10.565198830563908
"(7, 27, 36)",10.565174841108838
"(7, 10, 30)",10.564816368429412
"(36, 40, 41)",10.564517300674119
"(30, 42, 48)",10.563871026141413
"(1, 3, 43)",10.563048276625565
"(5, 40, 46)",10.562028737254183
"(6, 32, 48)",10.561655457395243
"(14, 18, 35)",10.560373195608797
"(0, 17, 25)",10.560369369249697
"(20, 26, 40)",10.558814274263554
"(41, 44, 46)",10.55789123329211
"(21, 40, 43)",10.557483709384558
"(20, 45, 49)",10.555547802134603
"(0, 18)",10.555469937370008
"(2, 15, 18)",10.55536689772257
"(7, 29, 43)",10.554872728780246
"(18, 24, 40)",10.554854034137875
"(9, 14, 34)",10.554687706008943
"(7, 12, 17)",10.554604866609209
"(11, 15, 21)",10.554346845382609
"(7, 9, 46)",10.553485973147826
"(1, 39, 40)",10.552654716950725
"(18, 21, 29)",10.552320311352487
"(20, 35, 43)",10.549731086306581
"(14, 23, 34)",10.54869605636984
"(15, 24, 33)",10.547647558526556
"(7, 23, 46)",10.547494323508722
"(21, 24, 26)",10.547118140907857
"(2, 4, 32)",10.546088857242252
"(2, 8, 32)",10.546088857242252
"(2, 32, 38)",10.546088857242252
"(2, 32, 47)",10.546088857242252
"(17, 32, 43)",10.546034016267209
"(22, 46, 48)",10.545848305122336
"(35, 42, 45)",10.54573003526008
"(16, 17, 34)",10.544287437186545
"(26, 42, 43)",10.544121665215503
"(4, 6, 11)",10.544061763527424
"(6, 8, 11)",10.544061763527424
"(6, 11, 38)",10.544061763527424
"(6, 11, 47)",10.544061763527424
"(20, 37, 39)",10.54305217483003
"(2, 5, 44)",10.542266827823077
"(25, 35, 48)",10.542249536189924
"(20, 30, 40)",10.54106946499212
"(29, 36, 45)",10.540297762537385
"(1, 9, 42)",10.540236653812425
"(0, 6, 25)",10.538496640180385
"(17, 22, 24)",10.538480526341017
"(4, 17, 35)",10.538385491179827
"(8, 17, 35)",10.538385491179827
"(17, 35, 38)",10.538385491179827
"(17, 35, 47)",10.538385491179827
"(14, 41, 46)",10.538272016267173
"(31, 36, 49)",10.535974268877645
"(3, 21, 48)",10.534773531354366
"(13, 37)",10.53431459262252
"(1, 23, 42)",10.534245004173322
"(1, 10, 22)",10.533544328074932
"(25, 28, 32)",10.533246916046153
"(20, 28, 48)",10.532986761152085
"(33, 39, 44)",10.532873894538895
"(6, 7, 12)",10.532732137539899
"(16, 43, 48)",10.532435735508
"(11, 25, 43)",10.532304367409488
"(0, 19, 45)",10.53219356412988
"(0, 21, 44)",10.532010682790991
"(21, 24, 30)",10.529373331636423
"(5, 35)",10.528000574282833
"(19, 24, 42)",10.527179726984226
"(7, 19, 37)",10.526820039285889
"(15, 21, 35)",10.526797843965703
"(30, 42, 43)",10.526376855944068
"(18, 28, 44)",10.52575391728189
"(19, 26, 34)",10.524317062704077
"(6, 32, 43)",10.524161287197899
"(2, 20, 34)",10.52405027883948
"(12, 25)",10.522668540478646
"(2, 5, 14)",10.52264761079814
"(6, 16, 34)",10.522414708117235
"(6, 22, 24)",10.516607797271707
"(4, 6, 35)",10.516512762110516
"(6, 8, 35)",10.516512762110516
"(6, 35, 38)",10.516512762110516
"(6, 35, 47)",10.516512762110516
"(4, 16, 28)",10.515784590276848
"(8, 16, 28)",10.515784590276848
"(16, 28, 38)",10.515784590276848
"(16, 28, 47)",10.515784590276848
"(1, 12, 21)",10.514225631550135
"(25, 26, 40)",10.513838553949551
"(14, 33, 39)",10.51325467751396
"(0, 14, 21)",10.512391465766054
"(16, 19, 44)",10.512221193532207
"(10, 34, 36)",10.510780685462484
"(25, 45, 49)",10.510572081820602
"(9, 18, 19)",10.50891299705642
"(22, 43, 46)",10.508354134924991
"(18, 27, 45)",10.507387727415423
"(16, 32, 39)",10.507073702813695
"(11, 20, 39)",10.506682179821112
"(19, 30, 34)",10.506572253432642
"(14, 18, 28)",10.506134700256954
"(16, 40, 45)",10.505633123312204
"(10, 45)",10.504838469486785
"(9, 15, 39)",10.504764307687442
"(25, 35, 43)",10.50475536599258
"(3, 36, 41)",10.504312952446583
"(18, 19, 23)",10.50292134741732
"(13, 40, 46)",10.502319086388148
"(3, 5, 46)",10.501824389026647
"(2, 4, 48)",10.50085298203418
"(2, 8, 48)",10.50085298203418
"(2, 38, 48)",10.50085298203418
"(2, 47, 48)",10.50085298203418
"(17, 43, 48)",10.500798141059137
"(0, 20, 24)",10.499119681217156
"(15, 23, 39)",10.498772658048338
"(3, 20, 26)",10.498609926036018
"(18, 26, 33)",10.49814027822444
"(25, 37, 39)",10.49807645451603
"(12, 39, 45)",10.497685476719532
"(34, 40, 42)",10.49760769722155
"(3, 21, 43)",10.497279361157021
"(9, 36, 44)",10.49670756690243
"(25, 30, 40)",10.496093744678117
"(4, 24, 37)",10.496079079259111
"(8, 24, 37)",10.496079079259111
"(24, 37, 38)",10.496079079259111
"(24, 37, 47)",10.496079079259111
"(20, 28, 43)",10.49549259095474
"(3, 18, 24)",10.494649685910337
"(14, 16, 19)",10.49260197650727
"(1, 3, 39)",10.492450368723189
"(28, 42, 45)",10.491491539908239
"(6, 17, 34)",10.490777113668372
"(23, 36, 44)",10.490715917263328
"(7, 11, 19)",10.490450044276972
"(0, 22, 36)",10.489507175713435
"(12, 15, 34)",10.489475181164522
"(4, 10, 33)",10.488530092006052
"(10, 33, 38)",10.488530092006052
"(10, 33, 47)",10.488530092006052
"(25, 28, 48)",10.488011040838082
"(21, 39, 40)",10.486885801482181
"(7, 29, 39)",10.48427482087787
"(4, 17, 28)",10.484146995827984
"(8, 17, 28)",10.484146995827984
"(17, 28, 38)",10.484146995827984
"(17, 28, 47)",10.484146995827984
"(24, 41)",10.484086750595937
"(19, 21, 33)",10.483828015239844
"(2, 13, 44)",10.482557176957041
"(3, 20, 30)",10.480865116764583
"(17, 19, 44)",10.480583599083344
"(5, 29, 42)",10.480399521845925
"(18, 30, 33)",10.480395468953006
"(11, 13)",10.479759600109142
"(20, 35, 39)",10.479133178404204
"(2, 25, 34)",10.479074558525477
"(6, 43, 48)",10.478925411989827
"(24, 32, 48)",10.47730277811801
"(9, 14, 36)",10.477088349877494
"(22, 40, 44)",10.476842252924005
"(17, 32, 39)",10.475436108364832
"(9, 21, 42)",10.47446773834388
"(16, 42)",10.47411781541302
"(17, 40, 45)",10.473995528863341
"(10, 15, 44)",10.473698028635429
"(26, 39, 42)",10.473523757313128
"(15, 16, 26)",10.473338887848772
"(0, 15, 42)",10.473189963183923
"(10, 18, 32)",10.472699227285895
"(15, 21, 28)",10.47255934861386
"(14, 23, 36)",10.471096700238391
"(22, 32, 33)",10.468636975963157
"(4, 22, 27)",10.468627530022182
"(8, 22, 27)",10.468627530022182
"(22, 27, 38)",10.468627530022182
"(21, 23, 42)",10.468476088704778
"(10, 21, 22)",10.467775412606388
"(16, 17, 36)",10.466688081055096
"(33, 36)",10.4648877908123
"(2, 4, 43)",10.463358811836835
"(2, 8, 43)",10.463358811836835
"(2, 38, 43)",10.463358811836835
"(2, 43, 47)",10.463358811836835
"(2, 13, 14)",10.462937959932106
"(7, 19, 35)",10.462901042860063
"(4, 6, 28)",10.462274266758675
"(6, 8, 28)",10.462274266758675
"(6, 28, 38)",10.462274266758675
"(6, 28, 47)",10.462274266758675
"(16, 39, 48)",10.461837827605624
"(11, 25, 39)",10.461706459507111
"(22, 26)",10.461113452724504
"(14, 17, 19)",10.460964382058407
"(4, 11, 24)",10.459709084250193
"(8, 11, 24)",10.459709084250193
"(11, 24, 38)",10.459709084250193
"(11, 24, 47)",10.459709084250193
"(32, 34, 46)",10.45902808838053
"(5, 10, 16)",10.458907870861678
"(6, 19, 44)",10.458710870014034
"(0, 4, 46)",10.457647694674375
"(0, 8, 46)",10.457647694674375
"(0, 38, 46)",10.457647694674375
"(0, 46, 47)",10.457647694674375
"(14, 22, 40)",10.45722303589907
"(2, 7, 42)",10.45702483790439
"(5, 9, 26)",10.456930621473493
"(37, 44, 45)",10.456827495438484
"(1, 7, 27)",10.455882391771409
"(27, 41, 48)",10.455787451726506
"(15, 16, 30)",10.455594078577338
"(1, 40, 41)",10.45522485133669
"(14, 26, 32)",10.45441095734856
"(0, 24, 25)",10.454143960903155
"(10, 14, 15)",10.454078811610492
"(3, 25, 26)",10.453634205722015
"(6, 32, 39)",10.453563379295522
"(6, 40, 45)",10.452122799794031
"(5, 23, 26)",10.45093897183439
"(25, 28, 43)",10.450516870640737
"(7, 12, 24)",10.448379458262666
"(19, 32)",10.447030780266871
"(19, 26, 36)",10.446717706572628
"(5, 28)",10.44664283125507
"(2, 20, 36)",10.446450922708031
"(20, 37, 41)",10.445622309215995
"(3, 16, 45)",10.445428775084668
"(6, 16, 36)",10.444815351985786
"(12, 18, 42)",10.442830565142554
"(3, 13, 46)",10.442114738160612
"(15, 17, 26)",10.441701293399909
"(20, 22, 29)",10.441417528564784
"(24, 32, 43)",10.439808607920666
"(5, 33, 40)",10.439581532886933
"(5, 9, 30)",10.439185812202059
"(6, 14, 19)",10.439091652989099
"(13, 35)",10.43843609798378
"(16, 24, 34)",10.438062028840003
"(22, 39, 46)",10.437756227022614
"(3, 34, 42)",10.437403348994014
"(14, 37, 45)",10.437208278413546
"(3, 25, 30)",10.43588939645058
"(33, 41, 44)",10.43544402892486
"(22, 30)",10.434496238817353
"(25, 35, 39)",10.434157458090203
"(26, 45, 46)",10.433503568970615
"(5, 23, 30)",10.433194162562955
"(4, 24, 35)",10.432160082833285
"(8, 24, 35)",10.432160082833285
"(24, 35, 38)",10.432160082833285
"(24, 35, 47)",10.432160082833285
"(7, 9, 33)",10.431038768780574
"(1, 29, 45)",10.431005313199956
"(17, 39, 48)",10.43020023315676
"(0, 7, 26)",10.429231576001918
"(19, 30, 36)",10.428972897301193
"(26, 44, 48)",10.428794299165425
"(15, 32, 40)",10.428571498935483
"(10, 18, 48)",10.427463352077824
"(5, 10, 17)",10.427270276412814
"(3, 21, 39)",10.426681453254645
"(17, 42)",10.426661423739725
"(9, 16, 20)",10.426618203318029
"(18, 22, 37)",10.426346537176029
"(7, 23, 33)",10.425047119141471
"(20, 28, 39)",10.424894683052363
"(16, 39, 43)",10.42434365740828
"(15, 17, 30)",10.423956484128475
"(22, 33, 48)",10.423401100755086
"(13, 29, 42)",10.42068987097989
"(16, 20, 23)",10.420626553678925
"(11, 44, 45)",10.420457500429565
"(36, 40, 42)",10.420008341090103
"(6, 15, 26)",10.419828564330599
"(3, 22, 44)",10.416637904696469
"(5, 15, 27)",10.416534746614484
"(4, 15, 49)",10.416048131674573
"(8, 15, 49)",10.416048131674573
"(15, 38, 49)",10.416048131674573
"(15, 47, 49)",10.416048131674573
"(14, 33, 41)",10.415824811899924
"(30, 45, 46)",10.41575875969918
"(34, 46, 48)",10.413792213172458
"(3, 17, 45)",10.413791180635805
"(42, 44, 46)",10.413382273708093
"(6, 17, 36)",10.413177757536923
"(12, 15, 36)",10.411875825033073
"(0, 7, 30)",10.411486766730484
"(5, 18, 49)",10.411227300905866
"(30, 44, 48)",10.41104948989399
"(5, 12, 19)",10.410981185287572
"(16, 32, 41)",10.40964383719966
"(11, 20, 41)",10.409252314207077
"(14, 26, 48)",10.40917508214049
"(7, 19, 28)",10.408662547508222
"(6, 39, 48)",10.40832750408745
"(9, 15, 41)",10.407334442073406
"(17, 24, 34)",10.40642443439114
"(5, 6, 10)",10.405397547343505
"(6, 15, 30)",10.402083755059165
"(1, 10, 34)",10.401488236125054
"(2, 25, 36)",10.401475202394028
"(15, 23, 41)",10.401342792434303
"(11, 14, 45)",10.400838283404628
"(25, 37, 41)",10.400646588901994
"(12, 41, 45)",10.400255611105496
"(10, 13, 16)",10.399198219995643
"(9, 13, 26)",10.397220970607457
"(3, 14, 22)",10.397018687671533
"(22, 25, 29)",10.396441808250781
"(1, 3, 41)",10.395020503109153
"(9, 17, 20)",10.394980608869165
"(15, 19, 46)",10.394632963752603
"(24, 43, 48)",10.394572732712595
"(6, 42)",10.393852330135761
"(14, 42, 46)",10.393763056683156
"(35, 44, 45)",10.392908499012657
"(2, 4, 39)",10.392760903934459
"(2, 8, 39)",10.392760903934459
"(2, 38, 39)",10.392760903934459
"(2, 39, 47)",10.392760903934459
"(17, 39, 43)",10.392706062959416
"(3, 6, 45)",10.391918451566495
"(3, 4, 40)",10.39140449103942
"(3, 8, 40)",10.39140449103942
"(3, 38, 40)",10.39140449103942
"(3, 40, 47)",10.39140449103942
"(26, 43, 44)",10.39130012896808
"(13, 23, 26)",10.391229320968355
"(7, 21, 27)",10.390113476302865
"(11, 18, 22)",10.38997654216711
"(10, 18, 43)",10.38996918188048
"(21, 40, 41)",10.389455935868146
"(17, 20, 23)",10.388988959230062
"(1, 9, 44)",10.387415117565002
"(7, 29, 41)",10.386844955263834
"(21, 46)",10.385966550154215
"(22, 33, 43)",10.385906930557741
"(6, 24, 34)",10.38455170532183
"(15, 40, 48)",10.383335623727412
"(20, 35, 41)",10.381703312790169
"(9, 16, 25)",10.381642483004025
"(32, 36, 46)",10.38142873224908
"(1, 23, 44)",10.381423467925899
"(0, 1, 22)",10.380214726376003
"(25, 28, 39)",10.379918962738362
"(13, 33, 40)",10.379871882020897
"(9, 13, 30)",10.379476161336022
"(3, 5, 33)",10.379377184659397
"(19, 48)",10.379176967454764
"(17, 32, 41)",10.378006242750796
"(4, 24, 28)",10.377921587481442
"(8, 24, 28)",10.377921587481442
"(24, 28, 38)",10.377921587481442
"(24, 28, 47)",10.377921587481442
"(10, 19, 20)",10.376987483774881
"(34, 43, 46)",10.376298042975113
"(26, 41, 42)",10.376093891699092
"(16, 23, 25)",10.375650833364924
"(19, 24, 44)",10.374358190736803
"(30, 43, 44)",10.373555319696646
"(13, 23, 30)",10.37348451169692
"(14, 35, 45)",10.37328928198772
"(6, 9, 20)",10.373107879799855
"(14, 26, 43)",10.371680911943145
"(6, 39, 43)",10.370833333890106
"(24, 32, 39)",10.36921070001829
"(3, 15, 32)",10.368367150707947
"(2, 15, 45)",10.368282984101494
"(1, 9, 14)",10.367795900540065
"(24, 40, 45)",10.367770120516798
"(10, 13, 17)",10.36756062554678
"(6, 20, 23)",10.367116230160752
"(21, 29, 45)",10.365236397731412
"(5, 32, 37)",10.364975713288011
"(11, 25, 41)",10.364276593893075
"(18, 22, 35)",10.362427540750202
"(1, 14, 23)",10.361804250900963
"(16, 24, 36)",10.360462672708554
"(3, 36, 42)",10.359803992862567
"(30, 41, 42)",10.358349082427658
"(0, 34, 36)",10.357451083763557
"(1, 16, 17)",10.357395631717667
"(13, 28)",10.357078354956018
"(13, 15, 27)",10.356825095748448
"(9, 22, 34)",10.356742051150349
"(6, 32, 41)",10.356133513681486
"(14, 19, 24)",10.354738973711866
"(13, 18, 49)",10.351517650039831
"(12, 13, 19)",10.351271534421535
"(22, 23, 34)",10.350750401511247
"(9, 17, 25)",10.350004888555162
"(15, 40, 43)",10.345841453530067
"(6, 10, 13)",10.34568789647747
"(34, 40, 44)",10.344786160974127
"(17, 23, 25)",10.34401323891606
"(12, 20, 32)",10.342477747973396
"(15, 18, 29)",10.340678055497996
"(22, 41, 46)",10.340326361408579
"(28, 44, 45)",10.338670003660816
"(1, 19, 26)",10.337425257235196
"(1, 2, 20)",10.337158473370602
"(20, 33, 46)",10.337139560389877
"(25, 35, 41)",10.336727592476167
"(32, 33, 34)",10.33658088401328
"(4, 27, 34)",10.336571438072305
"(8, 27, 34)",10.336571438072305
"(27, 34, 38)",10.336571438072305
"(27, 34, 47)",10.336571438072305
"(36, 46, 48)",10.33619285704101
"(10, 21, 34)",10.33571932065651
"(1, 6, 16)",10.335522902648357
"(15, 24, 26)",10.335475885053366
"(0, 4, 33)",10.335200490307125
"(0, 8, 33)",10.335200490307125
"(0, 33, 38)",10.335200490307125
"(0, 33, 47)",10.335200490307125
"(10, 19, 25)",10.332011763460878
"(4, 29, 32)",10.331400015017678
"(8, 29, 32)",10.331400015017678
"(29, 32, 38)",10.331400015017678
"(29, 32, 47)",10.331400015017678
"(3, 21, 41)",10.32925158764061
"(17, 24, 36)",10.32882507825969
"(5, 11, 32)",10.328605718279093
"(6, 9, 25)",10.328132159485852
"(5, 29, 44)",10.327577985598502
"(20, 28, 41)",10.327464817438328
"(16, 41, 43)",10.326913791794244
"(14, 34, 40)",10.325166943949192
"(2, 5, 22)",10.324701955939545
"(24, 39, 48)",10.323974824810218
"(7, 40, 46)",10.323965211088073
"(1, 10, 36)",10.323888879993605
"(3, 15, 48)",10.323131275499875
"(19, 43)",10.322935712158749
"(6, 23, 25)",10.322140509846749
"(9, 19, 45)",10.321829083435347
"(9, 21, 44)",10.321646202096456
"(5, 10, 24)",10.321044868066272
"(26, 39, 44)",10.320702221065705
"(0, 15, 44)",10.3203684269365
"(5, 37, 48)",10.31973983807994
"(1, 19, 30)",10.319680447963762
"(3, 13, 33)",10.31966753379336
"(10, 18, 39)",10.319371273978103
"(0, 18, 32)",10.319369625586969
"(14, 28, 45)",10.319050786635879
"(15, 24, 30)",10.317731075781932
"(19, 23, 45)",10.315837433796244
"(21, 23, 44)",10.315654552457355
"(22, 33, 39)",10.315309022655365
"(0, 21, 22)",10.314445810907461
"(26, 33, 45)",10.311056364603363
"(1, 40, 42)",10.310715891752672
"(20, 29, 34)",10.309361436614907
"(18, 22, 28)",10.308189045398361
"(5, 14, 29)",10.307958768573567
"(3, 24, 45)",10.307565772289262
"(6, 24, 36)",10.30695234919038
"(34, 39, 46)",10.305700135072737
"(0, 5, 16)",10.305578269162751
"(13, 32, 37)",10.305266062421977
"(2, 7, 44)",10.304203301656967
"(1, 6, 17)",10.303885308199494
"(11, 27, 37)",10.303690923016308
"(1, 12, 15)",10.302583375695644
"(9, 14, 21)",10.302026985071521
"(20, 37, 42)",10.30111334963198
"(14, 26, 39)",10.301083004040768
"(5, 32, 35)",10.301056716862185
"(0, 14, 15)",10.300749209911563
"(36, 43, 46)",10.298698686843665
"(12, 25, 32)",10.297502027659394
"(12, 20, 48)",10.297241872765325
"(14, 21, 23)",10.296035335432418
"(2, 4, 41)",10.295331038320423
"(2, 8, 41)",10.295331038320423
"(2, 38, 41)",10.295331038320423
"(2, 41, 47)",10.295331038320423
"(17, 41, 43)",10.29527619734538
"(16, 19, 22)",10.294656321648677
"(18, 34, 37)",10.294290445226151
"(30, 33, 45)",10.293311555331929
"(1, 2, 25)",10.292182753056599
"(25, 33, 46)",10.292163840075876
"(16, 17, 21)",10.291626716249123
"(33, 34, 48)",10.291345008805209
"(33, 42, 44)",10.290935069340843
"(12, 18, 44)",10.290009028895131
"(9, 20, 24)",10.288755200522623
"(24, 39, 43)",10.286480654612873
"(4, 29, 48)",10.286164139809607
"(8, 29, 48)",10.286164139809607
"(29, 38, 48)",10.286164139809607
"(29, 47, 48)",10.286164139809607
"(3, 15, 43)",10.28563710530253
"(10, 32, 45)",10.28561531366482
"(2, 7, 14)",10.28458408463203
"(3, 34, 44)",10.284581812746591
"(5, 11, 48)",10.283369843071021
"(20, 23, 24)",10.28276355088352
"(25, 28, 41)",10.282489097124326
"(5, 37, 43)",10.282245667882595
"(4, 12, 16)",10.28003970189009
"(8, 12, 16)",10.28003970189009
"(12, 16, 38)",10.28003970189009
"(12, 16, 47)",10.28003970189009
"(18, 19, 40)",10.27939223499667
"(9, 22, 36)",10.2791426950189
"(4, 10, 26)",10.276358418532862
"(10, 26, 38)",10.276358418532862
"(10, 26, 47)",10.276358418532862
"(15, 39, 40)",10.27524354562769
"(0, 45)",10.274844066938394
"(0, 18, 48)",10.274133750378898
"(0, 5, 17)",10.273940674713888
"(6, 41, 43)",10.27340346827607
"(22, 23, 36)",10.273151045379798
"(15, 19, 33)",10.272185759385351
"(24, 32, 41)",10.271780834404254
"(19, 21, 26)",10.271656341766654
"(2, 20, 21)",10.271389557902058
"(14, 33, 42)",10.271315852315906
"(12, 14, 18)",10.270389811870194
"(6, 16, 21)",10.269753987179813
"(11, 13, 32)",10.268896067413058
"(18, 26, 30)",10.268223795479814
"(13, 29, 44)",10.267868334732468
"(24, 42)",10.267323311219911
"(36, 40, 44)",10.26718680484268
"(7, 37)",10.266783779672409
"(16, 32, 42)",10.265134877615644
"(2, 13, 22)",10.26499230507351
"(3, 14, 34)",10.264962595721656
"(11, 20, 42)",10.26474335462306
"(25, 29, 34)",10.264385716300904
"(3, 7, 46)",10.263760862860536
"(26, 34)",10.263029314799688
"(17, 19, 22)",10.263018727199814
"(9, 15, 42)",10.26282548248939
"(10, 13, 24)",10.261335217200237
"(13, 37, 48)",10.260030187213905
"(12, 20, 43)",10.25974770256798
"(32, 33, 36)",10.25898152788183
"(4, 27, 36)",10.258972081940856
"(8, 27, 36)",10.258972081940856
"(27, 36, 38)",10.258972081940856
"(27, 36, 47)",10.258972081940856
"(16, 18, 46)",10.258870649586413
"(4, 10, 30)",10.258613609261428
"(10, 30, 38)",10.258613609261428
"(10, 30, 47)",10.258613609261428
"(10, 21, 36)",10.258119964525061
"(11, 18, 34)",10.257920450217233
"(15, 23, 42)",10.256833832850287
"(22, 26, 32)",10.256465302489966
"(16, 39, 41)",10.256315883891867
"(25, 37, 42)",10.256137629317976
"(10, 15, 22)",10.256133156751897
"(5, 35, 48)",10.255820841654113
"(12, 42, 45)",10.255746651521479
"(19, 21, 30)",10.25391153249522
"(33, 34, 43)",10.253850838607864
"(12, 25, 48)",10.252266152451323
"(0, 5, 6)",10.252067945644576
"(1, 16, 24)",10.251170223371124
"(1, 3, 42)",10.250511543525135
"(4, 29, 43)",10.248669969612262
"(8, 29, 43)",10.248669969612262
"(29, 38, 43)",10.248669969612262
"(29, 43, 47)",10.248669969612262
"(4, 12, 17)",10.248402107441226
"(8, 12, 17)",10.248402107441226
"(12, 17, 38)",10.248402107441226
"(12, 17, 47)",10.248402107441226
"(13, 14, 29)",10.248249117707532
"(0, 1, 34)",10.248158634426126
"(14, 36, 40)",10.247567587817743
"(4, 9, 46)",10.247283213979841
"(8, 9, 46)",10.247283213979841
"(9, 38, 46)",10.247283213979841
"(9, 46, 47)",10.247283213979841
"(5, 28, 32)",10.246818221510344
"(5, 11, 43)",10.245875672873677
"(0, 13, 16)",10.245868618296715
"(21, 40, 42)",10.24494697628413
"(16, 44)",10.244885511041886
"(9, 24, 25)",10.24377948020862
"(7, 29, 42)",10.242335995679817
"(13, 32, 35)",10.24134706599615
"(4, 23, 46)",10.241291564340738
"(8, 23, 46)",10.241291564340738
"(23, 38, 46)",10.241291564340738
"(23, 46, 47)",10.241291564340738
"(6, 19, 22)",10.241145998130504
"(14, 44, 46)",10.240941520435733
"(10, 45, 48)",10.240379438456749
"(9, 18)",10.239923216328206
"(22, 37, 45)",10.239262623554954
"(22, 30, 32)",10.238720493218532
"(6, 17, 21)",10.23811639273095
"(23, 24, 25)",10.237787830569518
"(20, 35, 42)",10.237194353206153
"(12, 15, 21)",10.2368144602271
"(0, 18, 43)",10.236639580181553
"(30, 34)",10.236412100892537
"(17, 32, 42)",10.23349728316678
"(20, 29, 36)",10.231762080483456
"(18, 23)",10.230935741869553
"(18, 34, 35)",10.230371448800325
"(36, 39, 46)",10.228100778941288
"(5, 26, 40)",10.227409859413742
"(17, 18, 46)",10.22723305513755
"(4, 6, 12)",10.226529378371914
"(6, 8, 12)",10.226529378371914
"(6, 12, 38)",10.226529378371914
"(6, 12, 47)",10.226529378371914
"(2, 21, 25)",10.226413837588055
"(17, 39, 41)",10.224678289443004
"(5, 45, 49)",10.22414338728479
"(11, 13, 48)",10.223660192204987
"(0, 19, 20)",10.223657882075953
"(26, 41, 44)",10.22327235545167
"(13, 37, 43)",10.22253601701656
"(10, 18, 41)",10.221941408364067
"(7, 10, 16)",10.220844344695568
"(4, 19, 37)",10.220617280117906
"(8, 19, 37)",10.220617280117906
"(19, 37, 38)",10.220617280117906
"(19, 37, 47)",10.220617280117906
"(16, 42, 48)",10.219899002407573
"(11, 25, 42)",10.219767634309058
"(1, 17, 24)",10.219532628922261
"(3, 18, 19)",10.219187886769134
"(7, 9, 26)",10.218867095307385
"(5, 35, 43)",10.218326671456769
"(22, 33, 41)",10.21787915704133
"(19, 39)",10.217038850305183
"(18, 36, 37)",10.216691089094702
"(14, 16)",10.215456685504481
"(3, 15, 39)",10.215039197400154
"(12, 25, 43)",10.214771982253978
"(0, 13, 17)",10.214231023847852
"(33, 36, 48)",10.213745652673758
"(7, 23, 26)",10.212875445668281
"(7, 11)",10.212228787159031
"(5, 37, 39)",10.21164775998022
"(6, 32, 42)",10.211624554097469
"(22, 26, 48)",10.211229427281895
"(5, 30, 40)",10.209665050142307
"(34, 41, 46)",10.208270269458701
"(3, 36, 44)",10.206982456615144
"(21, 32, 46)",10.206367367443107
"(30, 41, 44)",10.205527546180235
"(6, 18, 46)",10.20536032606824
"(14, 26, 41)",10.203653138426732
"(11, 22, 45)",10.202892628546035
"(10, 43, 45)",10.202885268259404
"(6, 39, 41)",10.202805560373694
"(21, 33)",10.20229574360334
"(20, 25, 49)",10.202036399766673
"(19, 32, 48)",10.201840978976808
"(5, 28, 48)",10.201582346302272
"(7, 33, 40)",10.201518006720823
"(7, 9, 30)",10.20112228603595
"(18, 20, 27)",10.198852045361496
"(1, 6, 24)",10.197659899852951
"(17, 44)",10.197429119368591
"(16, 20, 40)",10.197097441258276
"(13, 35, 48)",10.196111190788079
"(22, 42, 46)",10.195817401824563
"(7, 23, 30)",10.195130636396847
"(22, 30, 48)",10.19348461801046
"(2, 5, 34)",10.192645863989668
"(0, 6, 13)",10.192358294778542
"(25, 35, 42)",10.19221863289215
"(7, 10, 17)",10.189206750246704
"(12, 20, 39)",10.189149794665603
"(24, 41, 43)",10.189050788998838
"(17, 42, 48)",10.18826140795871
"(3, 14, 36)",10.187363239590207
"(13, 28, 32)",10.187108570644309
"(25, 29, 36)",10.186786360169457
"(11, 13, 43)",10.186166022007642
"(16, 21, 24)",10.18540130790258
"(3, 21, 42)",10.184742628056593
"(4, 11, 19)",10.184247285108988
"(8, 11, 19)",10.184247285108988
"(11, 19, 38)",10.184247285108988
"(11, 19, 47)",10.184247285108988
"(33, 34, 39)",10.183252930705487
"(20, 28, 42)",10.18295585785431
"(16, 42, 43)",10.182404832210228
"(0, 21, 34)",10.182389718957584
"(11, 18, 36)",10.180321094085784
"(0, 19, 25)",10.17868216176195
"(7, 15, 27)",10.178471220448374
"(4, 29, 39)",10.178072061709885
"(8, 29, 39)",10.178072061709885
"(29, 38, 39)",10.178072061709885
"(29, 39, 47)",10.178072061709885
"(15, 40, 41)",10.177813680013655
"(33, 36, 43)",10.176251482476413
"(18, 28, 34)",10.176132953448482
"(22, 35, 45)",10.175343627129127
"(5, 11, 39)",10.175277764971302
"(22, 26, 43)",10.17373525708455
"(7, 12, 19)",10.172917659121463
"(7, 35)",10.170905285033669
"(0, 1, 36)",10.170559278294677
"(1, 9, 22)",10.16985024568147
"(14, 17)",10.168000293831186
"(0, 5, 24)",10.167715266367345
"(13, 26, 40)",10.167700208547707
"(6, 7, 10)",10.167334021177396
"(3, 5, 26)",10.167205511186205
"(6, 42, 48)",10.166388678889398
"(0, 18, 39)",10.166041672279176
"(17, 20, 40)",10.165459846809412
"(6, 44)",10.164620025764627
"(13, 45, 49)",10.164433736418756
"(19, 32, 43)",10.164346808779463
"(5, 28, 43)",10.164088176104928
"(1, 22, 23)",10.163858596042367
"(16, 19, 34)",10.1626002296988
"(21, 46, 48)",10.161131492235036
"(13, 35, 43)",10.158617020590734
"(1, 40, 44)",10.157894355505249
"(19, 22, 24)",10.156793318853271
"(4, 19, 35)",10.15669828369208
"(8, 19, 35)",10.15669828369208
"(19, 35, 38)",10.15669828369208
"(19, 35, 47)",10.15669828369208
"(22, 30, 43)",10.155990447813116
"(18, 25, 27)",10.153876325047495
"(17, 21, 24)",10.153763713453717
"(15, 29, 45)",10.15359414187692
"(18, 35, 36)",10.152772092668876
"(16, 25, 40)",10.152121720944276
"(13, 37, 39)",10.151938109114184
"(2, 4, 42)",10.150822078736407
"(2, 8, 42)",10.150822078736407
"(2, 38, 42)",10.150822078736407
"(2, 42, 47)",10.150822078736407
"(17, 42, 43)",10.150767237761364
"(13, 30, 40)",10.149955399276273
"(1, 4, 27)",10.149679632603426
"(1, 8, 27)",10.149679632603426
"(1, 27, 38)",10.149679632603426
"(1, 27, 47)",10.149679632603426
"(3, 5, 30)",10.149460701914771
"(1, 10, 21)",10.148827515187632
"(20, 37, 44)",10.148291813384557
"(5, 35, 39)",10.147728763554394
"(9, 34, 36)",10.147086603069022
"(26, 36)",10.146630280602515
"(12, 25, 39)",10.144174074351602
"(6, 20, 40)",10.143587117740104
"(4, 12, 24)",10.142176699094684
"(8, 12, 24)",10.142176699094684
"(12, 24, 38)",10.142176699094684
"(12, 24, 47)",10.142176699094684
"(13, 28, 48)",10.141872695436238
"(3, 7, 33)",10.141313658493287
"(23, 34, 36)",10.14109495342992
"(1, 14, 40)",10.138275138480314
"(25, 28, 42)",10.137980137540309
"(3, 16, 20)",10.136893093030741
"(16, 18, 33)",10.136423445219162
"(6, 14)",10.135191200227222
"(2, 13, 34)",10.132936213123632
"(10, 39, 45)",10.132287360357028
"(0, 32, 45)",10.132285711965892
"(6, 21, 24)",10.131890984384407
"(17, 19, 34)",10.130962635249936
"(36, 41, 46)",10.130670913327252
"(6, 42, 43)",10.128894508692053
"(14, 20, 37)",10.12867259635962
"(24, 32, 42)",10.127271874820238
"(22, 34, 40)",10.127221289090597
"(7, 32, 37)",10.126912187121903
"(20, 26, 46)",10.124967886916686
"(4, 9, 33)",10.12483600961259
"(8, 9, 33)",10.12483600961259
"(9, 33, 38)",10.12483600961259
"(9, 33, 47)",10.12483600961259
"(26, 32, 34)",10.124409210540088
"(10, 15, 34)",10.12407706480202
"(21, 43, 46)",10.123637322037691
"(0, 4, 26)",10.123028816833934
"(0, 8, 26)",10.123028816833934
"(0, 26, 38)",10.123028816833934
"(0, 26, 47)",10.123028816833934
"(1, 20, 29)",10.122469631146028
"(22, 28, 45)",10.121105131777284
"(18, 24, 46)",10.121007646791007
"(17, 25, 40)",10.120484126495413
"(30, 36)",10.120013066695362
"(19, 43, 48)",10.119110933571392
"(4, 23, 33)",10.118844359973489
"(8, 23, 33)",10.118844359973489
"(23, 33, 38)",10.118844359973489
"(23, 33, 47)",10.118844359973489
"(14, 33, 44)",10.118494316068483
"(24, 39, 41)",10.118452881096463
"(3, 15, 41)",10.117609331786118
"(11, 13, 39)",10.115568114105265
"(2, 5, 36)",10.115046507858219
"(5, 37, 41)",10.114217894366185
"(11, 20, 44)",10.111921818375638
"(16, 39, 42)",10.11180692430785
"(5, 22, 29)",10.110013113714972
"(9, 15, 44)",10.110003946241967
"(6, 19, 34)",10.109089906180625
"(9, 18, 32)",10.109005144892434
"(0, 13, 24)",10.108005615501309
"(3, 13, 26)",10.10749586032017
"(1, 18, 37)",10.107398639757271
"(20, 30, 46)",10.107223077645251
"(34, 37, 45)",10.107206531605076
"(30, 32, 34)",10.106664401268654
"(33, 36, 39)",10.105653574574038
"(0, 4, 30)",10.1052840075625
"(0, 8, 30)",10.1052840075625
"(0, 30, 38)",10.1052840075625
"(0, 30, 47)",10.1052840075625
"(3, 17, 20)",10.105255498581878
"(0, 21, 36)",10.104790362826133
"(17, 18, 33)",10.104785850770298
"(13, 28, 43)",10.104378525238893
"(9, 21, 22)",10.104081330212926
"(15, 23, 44)",10.104012296602864
"(25, 37, 44)",10.103316093070553
"(22, 26, 39)",10.103137349182173
"(18, 23, 32)",10.103013495253332
"(12, 44, 45)",10.102925115274056
"(0, 15, 22)",10.102803555052969
"(4, 19, 28)",10.102459788340237
"(8, 19, 28)",10.102459788340237
"(19, 28, 38)",10.102459788340237
"(19, 28, 47)",10.102459788340237
"(41, 48, 49)",10.099267534071084
"(6, 25, 40)",10.098611397426101
"(18, 28, 36)",10.098533597317033
"(21, 22, 23)",10.098089680573825
"(1, 3, 44)",10.097690007277713
"(5, 9, 16)",10.095213788468216
"(19, 32, 39)",10.093748900877086
"(5, 28, 39)",10.093490268202551
"(5, 12)",10.093025498674931
"(14, 16, 32)",10.092694124343284
"(19, 40, 45)",10.092308321375594
"(11, 14, 20)",10.092302601350701
"(21, 40, 44)",10.092125440036707
"(3, 16, 25)",10.091917372716738
"(12, 20, 41)",10.091719929051568
"(7, 11, 32)",10.090542192112984
"(9, 14, 15)",10.09038472921703
"(3, 13, 30)",10.089751051048736
"(7, 28)",10.089547542005906
"(7, 29, 44)",10.089514459432394
"(5, 16, 23)",10.089222138829115
"(13, 35, 39)",10.088019112688357
"(0, 45, 48)",10.08704983675782
"(2, 7, 22)",10.086638429773437
"(33, 34, 41)",10.085823065091452
"(16, 19, 36)",10.085000873567349
"(14, 15, 23)",10.084393079577929
"(20, 35, 44)",10.08437281695873
"(21, 32, 33)",10.083920163075856
"(4, 21, 27)",10.083910717134883
"(8, 21, 27)",10.083910717134883
"(21, 27, 38)",10.083910717134883
"(21, 27, 47)",10.083910717134883
"(14, 25, 37)",10.083696876045618
"(3, 6, 20)",10.083382769512568
"(12, 14, 45)",10.083305898249119
"(7, 10, 24)",10.082981341900163
"(6, 18, 33)",10.08291312170099
"(24, 42, 48)",10.082035999612167
"(7, 37, 48)",10.081676311913832
"(26, 30, 45)",10.08113988185874
"(4, 29, 41)",10.08064219609585
"(8, 29, 41)",10.08064219609585
"(29, 38, 41)",10.08064219609585
"(29, 41, 47)",10.08064219609585
"(17, 39, 42)",10.080169329858986
"(25, 26, 46)",10.079992166602686
"(15, 16, 17)",10.079984460394632
"(26, 34, 48)",10.079173335332017
"(26, 42, 44)",10.078763395867652
"(1, 3, 14)",10.078070790252777
"(5, 11, 41)",10.077847899357266
"(1, 25, 29)",10.077493910832025
"(10, 18, 42)",10.077432448780051
"(22, 33, 42)",10.073370197457312
"(14, 21, 40)",10.07250622301177
"(12, 18, 22)",10.072444157011601
"(16, 45, 46)",10.071786735965338
"(1, 11, 18)",10.071028644748353
"(19, 41)",10.070894051884132
"(11, 34, 45)",10.070836536596158
"(7, 14, 29)",10.069895242407457
"(0, 18, 41)",10.06861180666514
"(15, 46)",10.068503166372478
"(0, 7, 16)",10.067514742996641
"(16, 44, 48)",10.06707746616015
"(3, 22, 34)",10.067016940863061
"(11, 25, 44)",10.066946098061635
"(14, 20, 35)",10.064753599933793
"(9, 18, 48)",10.063769269684363
"(34, 42, 46)",10.063761309874685
"(5, 9, 17)",10.063576194019353
"(7, 32, 35)",10.062993190696076
"(25, 30, 46)",10.062247357331252
"(30, 34, 48)",10.061428526060583
"(14, 17, 32)",10.06105652989442
"(30, 42, 44)",10.061018586596218
"(3, 17, 25)",10.060279778267875
"(15, 19, 26)",10.060014085912162
"(2, 15, 20)",10.059747302047567
"(20, 24, 40)",10.059234438462871
"(14, 26, 42)",10.059144178842715
"(6, 39, 42)",10.058296600789678
"(6, 15, 16)",10.058111731325322
"(18, 23, 48)",10.057777620045261
"(5, 17, 23)",10.057584544380251
"(20, 21, 29)",10.056700715677483
"(2, 13, 36)",10.055336856992184
"(13, 37, 41)",10.054508243500148
"(17, 19, 36)",10.053363279118486
"(21, 39, 46)",10.053039414135315
"(13, 22, 29)",10.050303462848937
"(5, 35, 41)",10.050298897940358
"(22, 36, 40)",10.049621932959148
"(0, 43, 45)",10.049555666560476
"(19, 39, 48)",10.048513025669015
"(32, 44, 49)",10.047594651833425
"(14, 16, 48)",10.047458249135213
"(11, 14, 25)",10.047326881036698
"(26, 32, 36)",10.04680985440864
"(12, 25, 41)",10.046744208737566
"(10, 15, 36)",10.04647770867057
"(5, 10, 19)",10.045583068925069
"(7, 11, 48)",10.045306316904913
"(24, 42, 43)",10.044541829414822
"(7, 37, 43)",10.044182141716487
"(1, 18, 35)",10.043479643331445
"(34, 35, 45)",10.04328753517925
"(22, 44, 46)",10.04299586557714
"(15, 19, 30)",10.042269276640727
"(10, 20)",10.042034946405893
"(5, 6, 9)",10.041703464950043
"(26, 34, 43)",10.041679165134672
"(18, 21, 37)",10.041629724288729
"(17, 45, 46)",10.040149141516475
"(25, 35, 44)",10.039397096644727
"(6, 14, 32)",10.03918380082511
"(21, 33, 48)",10.038684287867785
"(3, 6, 25)",10.038407049198565
"(24, 44)",10.038091006848777
"(1, 9, 34)",10.037794153731593
"(0, 7, 17)",10.035877148547778
"(5, 6, 23)",10.03571181531094
"(9, 13, 16)",10.035504137602182
"(17, 44, 48)",10.035439871711286
"(10, 41, 45)",10.034857494742992
"(13, 28, 39)",10.033780617336516
"(15, 40, 42)",10.033304720429637
"(3, 19, 45)",10.032103973148057
"(3, 21, 44)",10.03192109180917
"(1, 23, 34)",10.03180250409249
"(6, 19, 36)",10.031490550049178
"(20, 28, 44)",10.030134321606887
"(36, 37, 45)",10.029607175473625
"(16, 43, 44)",10.029583295962805
"(13, 16, 23)",10.029512487963078
"(30, 32, 36)",10.029065045137205
"(6, 15, 17)",10.026474136876459
"(9, 18, 43)",10.026275099487018
"(19, 24, 34)",10.024737226903394
"(30, 34, 43)",10.023934355863238
"(14, 22, 46)",10.023376648552203
"(18, 23, 43)",10.020283449847916
"(14, 25, 35)",10.019777879619792
"(6, 45, 46)",10.018276412447165
"(11, 13, 41)",10.01813824849123
"(4, 40, 46)",10.01776245192009
"(8, 40, 46)",10.01776245192009
"(38, 40, 46)",10.01776245192009
"(40, 46, 47)",10.01776245192009
"(7, 35, 48)",10.017757315488005
"(14, 17, 48)",10.01582065468635
"(2, 15, 25)",10.014771581733564
"(16, 41, 42)",10.014377058693814
"(24, 25, 40)",10.01425871814887
"(0, 6, 7)",10.014004419478466
"(6, 44, 48)",10.013567142641975
"(9, 19, 20)",10.01329340138142
"(3, 14, 21)",10.012301874784233
"(20, 27, 45)",10.011768131740421
"(21, 25, 29)",10.011724995363481
"(5, 12, 32)",10.011073333123583
"(19, 39, 43)",10.01101885547167
"(14, 20, 28)",10.010515104581952
"(14, 16, 43)",10.009964078937868
"(7, 28, 32)",10.008754695344233
"(14, 24)",10.008662181311372
"(33, 36, 41)",10.008223708960003
"(7, 11, 43)",10.007812146707568
"(19, 20, 23)",10.007301751742315
"(1, 2, 5)",10.00575405852079
"(5, 33, 46)",10.005735145540065
"(22, 26, 41)",10.005707483568138
"(11, 18, 21)",10.00525972927981
"(9, 13, 17)",10.003866543153318
"(12, 13)",10.003461022375879
"(20, 26, 33)",10.002520682549436
"(26, 36, 48)",10.001573979200568
"(21, 33, 43)",10.00119011767044
"(3, 20, 24)",9.999030090235335
"(18, 24, 33)",9.998560442423758
"(2, 4, 44)",9.998000542488985
"(2, 8, 44)",9.998000542488985
"(2, 38, 44)",9.998000542488985
"(2, 44, 47)",9.998000542488985
"(17, 43, 44)",9.997945701513942
"(13, 17, 23)",9.997874893514215
"(19, 32, 41)",9.99631903526305
"(5, 28, 41)",9.996060402588515
"(0, 1, 21)",9.995497913488704
"(15, 32, 46)",9.994725111588616
"(6, 14, 48)",9.99394792561704
"(11, 36, 45)",9.993237180464707
"(27, 31, 36)",9.992194598483463
"(13, 35, 41)",9.990589247074322
"(3, 22, 36)",9.989417584731612
"(7, 26, 40)",9.989346333247632
"(28, 34, 45)",9.989049039827407
"(22, 30, 41)",9.987962674296703
"(36, 42, 46)",9.986161953743235
"(10, 13, 19)",9.985873418059033
"(25, 28, 44)",9.985158601292886
"(20, 30, 33)",9.984775873278002
"(30, 36, 48)",9.983829169929134
"(17, 41, 42)",9.98273946424495
"(1, 26)",9.98269160659637
"(6, 9, 13)",9.981993814084008
"(7, 35, 43)",9.98026314529066
"(0, 39, 45)",9.978957758658101
"(2, 4, 14)",9.978381325464047
"(2, 8, 14)",9.978381325464047
"(2, 14, 38)",9.978381325464047
"(2, 14, 47)",9.978381325464047
"(14, 17, 43)",9.978326484489004
"(5, 29, 34)",9.977957021765095
"(18, 21, 35)",9.977710727862902
"(10, 20, 32)",9.977079631610891
"(6, 43, 44)",9.97607297244463
"(6, 13, 23)",9.976002164444905
"(1, 16, 19)",9.975708424229921
"(10, 25)",9.97457136593489
"(24, 39, 42)",9.973943921512445
"(15, 16, 24)",9.97375905204809
"(7, 37, 39)",9.97358423381411
"(3, 15, 42)",9.9731003722021
"(9, 21, 34)",9.972025238263049
"(7, 30, 40)",9.971601523976197
"(26, 34, 39)",9.971081257232296
"(0, 15, 34)",9.970747463103091
"(5, 37, 42)",9.969708934782167
"(9, 19, 25)",9.968317681067417
"(25, 27, 45)",9.966792411426418
"(21, 23, 34)",9.966033588623947
"(5, 12, 48)",9.965837457915512
"(35, 36, 45)",9.965688179047799
"(14, 25, 28)",9.965539384267949
"(26, 36, 43)",9.964079809003223
"(7, 28, 48)",9.963518820136162
"(19, 23, 25)",9.962326031428313
"(6, 41, 42)",9.960866735175642
"(1, 9, 36)",9.960194797600144
"(9, 45)",9.959297345896593
"(16, 39, 44)",9.958985388060427
"(3, 4, 46)",9.957558103692554
"(3, 8, 46)",9.957558103692554
"(3, 38, 46)",9.957558103692554
"(3, 46, 47)",9.957558103692554
"(25, 26, 33)",9.957544962235435
"(5, 9, 24)",9.95735078567281
"(6, 14, 43)",9.956453755419695
"(1, 30)",9.956074392689217
"(9, 18, 39)",9.955677191584641
"(21, 41, 46)",9.955609548521279
"(14, 24, 32)",9.954831121547878
"(2, 7, 34)",9.95458233782356
"(1, 23, 36)",9.95420314796104
"(3, 24, 25)",9.954054369921332
"(12, 13, 32)",9.951363682257549
"(5, 23, 24)",9.951359136033709
"(23, 45)",9.95030987143794
"(18, 23, 39)",9.94968554194554
"(15, 46, 48)",9.949489236380545
"(16, 33, 45)",9.949339531598088
"(12, 20, 42)",9.947210969467552
"(19, 24, 36)",9.947137870771945
"(30, 36, 43)",9.94633499973179
"(1, 2, 13)",9.946044407654755
"(13, 33, 46)",9.94602549467403
"(1, 17, 19)",9.944070829781058
"(15, 17, 24)",9.942121457599226
"(33, 34, 42)",9.941314105507434
"(12, 18, 34)",9.940388065061724
"(1, 22, 40)",9.940329483621719
"(2, 5, 21)",9.939985143052246
"(25, 30, 33)",9.939800152964
"(14, 16, 39)",9.939366171035491
"(1, 26, 32)",9.93751740507121
"(7, 11, 39)",9.937214238805192
"(1, 10, 15)",9.937185259333141
"(13, 28, 41)",9.93635075172248
"(4, 29, 42)",9.936133236511832
"(8, 29, 42)",9.936133236511832
"(29, 38, 42)",9.936133236511832
"(29, 42, 47)",9.936133236511832
"(24, 45, 46)",9.933923733169934
"(5, 11, 42)",9.933338939773249
"(10, 25, 32)",9.932103911296892
"(10, 20, 48)",9.93184375640282
"(20, 22, 37)",9.930726941501025
"(21, 33, 39)",9.930592209768065
"(0, 7, 24)",9.929651740201235
"(24, 44, 48)",9.929214463364744
"(3, 7, 26)",9.929141985020095
"(5, 12, 43)",9.928343287718167
"(17, 39, 44)",9.927347793611563
"(7, 28, 43)",9.926024649938817
"(10, 18, 44)",9.924610912532629
"(16, 18, 26)",9.924251771745972
"(0, 18, 42)",9.924102847081123
"(18, 21, 28)",9.92347223251106
"(1, 6, 19)",9.922198100711746
"(9, 32, 45)",9.921921231271359
"(22, 33, 44)",9.920548661209889
"(1, 37, 45)",9.920314726136196
"(6, 15, 24)",9.920248728529916
"(1, 30, 32)",9.919772595799776
"(16, 22)",9.918538203216588
"(13, 29, 34)",9.91824737089906
"(17, 33, 45)",9.917701937149225
"(34, 36, 40)",9.91756584100927
"(23, 32, 45)",9.915929581632255
"(5, 20, 49)",9.915607705230864
"(4, 10, 16)",9.914641585527585
"(10, 16, 38)",9.914641585527585
"(10, 16, 47)",9.914641585527585
"(19, 41, 43)",9.913588989857635
"(4, 9, 26)",9.9126643361394
"(8, 9, 26)",9.9126643361394
"(9, 26, 38)",9.9126643361394
"(9, 26, 47)",9.9126643361394
"(15, 43, 46)",9.9119950661832
"(28, 36, 45)",9.911449683695958
"(3, 7, 30)",9.911397175748661
"(34, 44, 46)",9.910939773627263
"(13, 37, 42)",9.909999283916132
"(16, 19, 21)",9.909939508761376
"(7, 35, 39)",9.909665237388284
"(14, 24, 48)",9.909595246339807
"(14, 17, 39)",9.907728576586628
"(4, 23, 26)",9.906672686500297
"(8, 23, 26)",9.906672686500297
"(23, 26, 38)",9.906672686500297
"(23, 26, 47)",9.906672686500297
"(16, 18, 30)",9.906506962474538
"(14, 26, 44)",9.906322642595292
"(12, 13, 48)",9.906127807049478
"(5, 35, 42)",9.90578993835634
"(6, 39, 44)",9.905475064542255
"(10, 14, 18)",9.904991695507691
"(12, 25, 42)",9.902235249153549
"(14, 22, 33)",9.900929444184953
"(5, 29, 36)",9.900357665633646
"(9, 13, 24)",9.897641134806776
"(8, 10, 49)",9.895844622422398
"(6, 33, 45)",9.895829208079913
"(18, 40)",9.89564207323858
"(4, 33, 40)",9.89531524755284
"(8, 33, 40)",9.89531524755284
"(33, 38, 40)",9.89531524755284
"(33, 40, 47)",9.89531524755284
"(4, 9, 30)",9.894919526867966
"(8, 9, 30)",9.894919526867966
"(9, 30, 38)",9.894919526867966
"(9, 30, 47)",9.894919526867966
"(16, 22, 32)",9.89474846948469
"(9, 21, 36)",9.8944258821316
"(11, 20, 22)",9.894356946492106
"(10, 20, 43)",9.894349586205475
"(26, 36, 39)",9.893481901100847
"(0, 15, 36)",9.893148106971642
"(17, 18, 26)",9.892614177297109
"(9, 15, 22)",9.892439074358435
"(1, 26, 48)",9.892281529863139
"(0, 5, 19)",9.89225346722614
"(24, 43, 44)",9.891720293167399
"(13, 23, 24)",9.891649485167672
"(14, 34, 46)",9.891320556602325
"(10, 42, 45)",9.890348535158974
"(4, 23, 30)",9.888927877228863
"(8, 23, 30)",9.888927877228863
"(23, 30, 38)",9.888927877228863
"(23, 30, 47)",9.888927877228863
"(21, 23, 36)",9.888434232492497
"(10, 25, 48)",9.88686803608882
"(15, 22, 23)",9.886447424719332
"(6, 14, 39)",9.885855847517318
"(22, 25, 37)",9.885751221187023
"(12, 22, 45)",9.885360243390526
"(15, 33)",9.884832359821603
"(21, 26)",9.884038233393554
"(1, 11, 45)",9.883944731127277
"(4, 10, 17)",9.883003991078722
"(10, 17, 38)",9.883003991078722
"(10, 17, 47)",9.883003991078722
"(0, 41, 45)",9.881527893044066
"(15, 40, 44)",9.880483184182214
"(2, 13, 21)",9.880275492186211
"(1, 3, 22)",9.880125135394183
"(18, 32, 40)",9.879484382832683
"(17, 19, 21)",9.878301914312512
"(2, 7, 36)",9.876982981692109
"(9, 45, 48)",9.876685356063287
"(24, 41, 42)",9.87651405589841
"(7, 37, 41)",9.876154368200075
"(17, 18, 30)",9.874869368025674
"(21, 22, 40)",9.874560568153175
"(1, 30, 48)",9.874536720591705
"(26, 34, 41)",9.87365139161826
"(11, 13, 42)",9.873629288907214
"(15, 32, 33)",9.872277907221367
"(4, 15, 27)",9.872268461280392
"(8, 15, 27)",9.872268461280392
"(15, 27, 38)",9.872268461280392
"(15, 27, 47)",9.872268461280392
"(14, 24, 43)",9.872101076142462
"(7, 22, 29)",9.871949587548862
"(21, 26, 32)",9.871748489602666
"(10, 15, 21)",9.871416343864597
"(17, 22)",9.871081811543295
"(6, 18, 26)",9.870741448227799
"(23, 45, 48)",9.870693706424184
"(5, 25, 49)",9.87063198491686
"(12, 13, 43)",9.868633636852133
"(5, 18, 27)",9.867447630511684
"(4, 18, 49)",9.866961015571773
"(8, 18, 49)",9.866961015571773
"(18, 38, 49)",9.866961015571773
"(18, 47, 49)",9.866961015571773
"(20, 22, 35)",9.866807945075198
"(4, 12, 19)",9.866714899953479
"(8, 12, 19)",9.866714899953479
"(12, 19, 38)",9.866714899953479
"(12, 19, 47)",9.866714899953479
"(5, 16, 40)",9.865693026408465
"(33, 36, 42)",9.863714749375985
"(17, 22, 32)",9.863110875035826
"(12, 18, 36)",9.862788708930275
"(16, 41, 44)",9.861555522446391
"(22, 26, 42)",9.861198523984122
"(4, 6, 10)",9.861131262009412
"(6, 10, 38)",9.861131262009412
"(6, 10, 47)",9.861131262009412
"(14, 15, 40)",9.860863967157279
"(9, 18, 41)",9.858247325970606
"(5, 12, 39)",9.857745379815793
"(21, 30)",9.857421019486402
"(3, 34, 36)",9.857361492781735
"(7, 9, 16)",9.857150262302106
"(6, 19, 21)",9.856429185243204
"(1, 35, 45)",9.85639572971037
"(30, 34, 41)",9.855906582346826
"(13, 20, 49)",9.855898054364827
"(7, 28, 39)",9.855426742036443
"(1, 26, 43)",9.854787359665794
"(21, 37, 45)",9.854545810667652
"(19, 42)",9.854130612508104
"(21, 30, 32)",9.854003680331232
"(6, 18, 30)",9.852996638956364
"(18, 23, 41)",9.852255676331504
"(19, 32, 42)",9.851810075679033
"(5, 28, 42)",9.8515514430045
"(7, 16, 23)",9.851158612663005
"(16, 22, 48)",9.849512594276618
"(11, 22, 25)",9.849381226178105
"(10, 25, 43)",9.849373865891476
"(32,)",9.847169002020891
"(13, 35, 42)",9.846080287490306
"(18, 19, 46)",9.845545847649804
"(15, 20, 29)",9.845058459822994
"(22, 30, 42)",9.843453714712687
"(19, 39, 41)",9.842991081955258
"(14, 16, 41)",9.841936305421456
"(15, 39, 46)",9.841397158280824
"(6, 22, 32)",9.841238145966516
"(13, 29, 36)",9.84064801476761
"(7, 11, 41)",9.839784373191156
"(9, 43, 45)",9.839191185865943
"(6, 22)",9.83827271793933
"(1, 19, 24)",9.837845421434514
"(1, 30, 43)",9.83704255039436
"(3, 4, 33)",9.835110899325304
"(3, 8, 33)",9.835110899325304
"(3, 33, 38)",9.835110899325304
"(3, 33, 47)",9.835110899325304
"(18, 40, 48)",9.834248507624611
"(5, 17, 40)",9.834055431959602
"(36, 44, 46)",9.833340417495812
"(23, 43, 45)",9.83319953622684
"(21, 33, 41)",9.83316234415403
"(0, 13, 19)",9.832543816360104
"(15, 18, 37)",9.829987468434236
"(17, 41, 44)",9.829917927997528
"(15, 33, 48)",9.827042032013294
"(21, 26, 48)",9.826512614394595
"(7, 9, 17)",9.825512667853243
"(10, 20, 39)",9.8237516783031
"(0, 20, 32)",9.823750029911965
"(22, 25, 35)",9.821832224761197
"(24, 39, 44)",9.821122385265022
"(4, 32, 37)",9.820709427953918
"(8, 32, 37)",9.820709427953918
"(32, 37, 38)",9.820709427953918
"(32, 37, 47)",9.820709427953918
"(3, 15, 44)",9.820278835954678
"(7, 17, 23)",9.819521018214141
"(3, 18, 32)",9.819280034605146
"(2, 18, 45)",9.819195867998694
"(11, 21, 45)",9.818175815658734
"(17, 22, 48)",9.817874999827755
"(5, 37, 44)",9.816887398534744
"(3, 21, 22)",9.814356219925639
"(14, 36, 46)",9.813721200470876
"(20, 22, 28)",9.812569449723357
"(7, 35, 41)",9.812235371774248
"(5, 6, 40)",9.812182702890292
"(0, 20)",9.812040543857503
"(16, 22, 43)",9.812018424079273
"(24, 33, 45)",9.811476528802682
"(21, 42, 46)",9.811100588937261
"(13, 25, 49)",9.810922334050826
"(14, 17, 41)",9.810298710972592
"(21, 30, 48)",9.80876780512316
"(1, 34, 40)",9.808273391671841
"(6, 41, 44)",9.80804519892822
"(13, 18, 27)",9.80773797964565
"(7, 10, 19)",9.807519542758959
"(4, 37)",9.807479640920434
"(8, 37)",9.807479640920434
"(37, 38)",9.807479640920434
"(37, 47)",9.807479640920434
"(19, 42, 48)",9.806574200470962
"(13, 16, 40)",9.805983375542429
"(3, 5, 16)",9.805488678180929
"(3, 18)",9.805335550897276
"(6, 7, 9)",9.803639938783935
"(14, 24, 39)",9.801503168240085
"(3, 14, 15)",9.800659618929743
"(15, 25, 29)",9.80008273950899
"(20, 34, 37)",9.798670849551147
"(12, 13, 39)",9.798035728949756
"(6, 7, 23)",9.797648289144831
"(5, 14, 37)",9.797268181509807
"(18, 40, 43)",9.796754337427267
"(26, 36, 41)",9.796052035486811
"(6, 22, 48)",9.796002270758445
"(12, 20, 44)",9.794389433220129
"(11, 15, 18)",9.793617473425318
"(5, 26, 46)",9.793563472066875
"(13, 28, 42)",9.791841792138463
"(1, 5, 29)",9.791065216296216
"(21, 35, 45)",9.790626814241826
"(15, 33, 43)",9.789547861815949
"(21, 26, 43)",9.78901844419725
"(33, 34, 44)",9.788492569260011
"(6, 14, 41)",9.788425981903282
"(18, 24, 26)",9.786388768950566
"(1, 9, 21)",9.78513343279417
"(4, 11, 32)",9.784339432945
"(8, 11, 32)",9.784339432945
"(11, 32, 38)",9.784339432945
"(11, 32, 47)",9.784339432945
"(1, 26, 39)",9.784189451763417
"(0, 1, 15)",9.783855657634213
"(19, 20, 40)",9.783772639321667
"(4, 29, 44)",9.78331170026441
"(8, 29, 44)",9.78331170026441
"(29, 38, 44)",9.78331170026441
"(29, 44, 47)",9.78331170026441
"(5, 11, 44)",9.780517403525826
"(2, 4, 22)",9.780435670605453
"(2, 8, 22)",9.780435670605453
"(2, 22, 38)",9.780435670605453
"(17, 22, 43)",9.78038082963041
"(32, 48)",9.779315189208784
"(1, 21, 23)",9.779141783155069
"(10, 25, 39)",9.7787759579891
"(0, 25, 32)",9.778774309597964
"(0, 20, 48)",9.778514154703894
"(30, 36, 41)",9.778307226215377
"(4, 10, 24)",9.77677858273218
"(10, 24, 38)",9.77677858273218
"(10, 24, 47)",9.77677858273218
"(5, 30, 46)",9.77581866279544
"(4, 37, 48)",9.775473552745847
"(8, 37, 48)",9.775473552745847
"(37, 38, 48)",9.775473552745847
"(37, 47, 48)",9.775473552745847
"(12, 14, 20)",9.774770216195192
"(13, 17, 40)",9.774345781093565
"(3, 18, 48)",9.774044159397075
"(3, 5, 17)",9.773851083732065
"(7, 12, 32)",9.773009806957475
"(20, 26, 30)",9.77260419980481
"(19, 21, 24)",9.772076505965972
"(0, 18, 44)",9.7712813108337
"(21, 30, 43)",9.771273634925816
"(19, 42, 43)",9.769080030273617
"(14, 33, 34)",9.768873352235076
"(18, 24, 30)",9.768643959679132
"(9, 39, 45)",9.768593277963566
"(1, 2, 7)",9.76769053235468
"(7, 33, 46)",9.767671619373957
"(22, 25, 28)",9.767593729409356
"(15, 18, 35)",9.76606847200841
"(4, 14, 29)",9.763692483239474
"(8, 14, 29)",9.763692483239474
"(14, 29, 38)",9.763692483239474
"(14, 29, 47)",9.763692483239474
"(16, 20, 46)",9.76325105391141
"(16, 32, 34)",9.762692377534812
"(23, 39, 45)",9.762601628324465
"(11, 20, 34)",9.762300854542229
"(0, 4, 16)",9.761311983828659
"(0, 8, 16)",9.761311983828659
"(0, 16, 38)",9.761311983828659
"(0, 16, 47)",9.761311983828659
"(5, 11, 14)",9.760898186500889
"(9, 15, 34)",9.760382982408558
"(5, 12, 41)",9.760315514201757
"(6, 22, 43)",9.7585081005611
"(7, 28, 41)",9.757996876422407
"(13, 37, 44)",9.75717774766871
"(22, 24, 32)",9.756885466689283
"(4, 32, 35)",9.756790431528092
"(8, 32, 35)",9.756790431528092
"(32, 35, 38)",9.756790431528092
"(32, 35, 47)",9.756790431528092
"(15, 23, 34)",9.754391332769455
"(25, 34, 37)",9.753695129237146
"(1, 12, 18)",9.753496259592843
"(12, 34, 45)",9.753304151440648
"(5, 35, 44)",9.752968402108918
"(4, 11)",9.752924648407056
"(8, 11)",9.752924648407056
"(11, 38)",9.752924648407056
"(11, 47)",9.752924648407056
"(6, 13, 40)",9.752473052024257
"(3, 5, 6)",9.751978354662755
"(0, 14, 18)",9.751662093808763
"(12, 25, 44)",9.749413712906126
"(1, 3, 34)",9.748069043444305
"(3, 13, 16)",9.745779027314892
"(0, 25)",9.7445769633865
"(15, 41, 46)",9.743967292666788
"(21, 34, 40)",9.742504476203298
"(16, 22, 39)",9.741420516176897
"(0, 20, 43)",9.741019984506549
"(7, 29, 34)",9.739893495598984
"(4, 11, 48)",9.739103557736929
"(8, 11, 48)",9.739103557736929
"(11, 38, 48)",9.739103557736929
"(11, 47, 48)",9.739103557736929
"(19, 25, 40)",9.738796919007665
"(4, 37, 43)",9.737979382548502
"(8, 37, 43)",9.737979382548502
"(37, 38, 43)",9.737979382548502
"(37, 43, 47)",9.737979382548502
"(13, 14, 37)",9.737558530643772
"(10, 44, 45)",9.737526998911552
"(16, 26, 45)",9.737167858124897
"(0, 42, 45)",9.737018933460048
"(3, 18, 43)",9.73654998919973
"(21, 28, 45)",9.736388318889984
"(7, 12)",9.735930209425767
"(20, 34, 35)",9.73475185312532
"(13, 26, 46)",9.733853821200839
"(0, 25, 48)",9.733538434389892
"(5, 14, 35)",9.73334918508398
"(7, 37, 42)",9.731645408616057
"(17, 20, 46)",9.731613459462547
"(1, 13, 29)",9.731355565430182
"(17, 32, 34)",9.731054783085948
"(1, 36, 40)",9.730674035540392
"(12, 14, 25)",9.729794495881189
"(0, 4, 17)",9.729674389379795
"(0, 8, 17)",9.729674389379795
"(0, 17, 38)",9.729674389379795
"(0, 17, 47)",9.729674389379795
"(26, 34, 42)",9.729142432034244
"(2, 5, 15)",9.728342887197755
"(5, 24, 40)",9.727830023613059
"(7, 12, 48)",9.727773931749404
"(25, 26, 30)",9.72762847949081
"(10, 20, 41)",9.726321812689065
"(18, 39, 40)",9.726156429524892
"(5, 21, 29)",9.725296300827672
"(24, 41, 44)",9.723692519650987
"(3, 19, 20)",9.72356829109413
"(18, 19, 33)",9.723098643282555
"(32, 43)",9.723073933912767
"(20, 36, 37)",9.721071493419698
"(11, 13, 44)",9.720807752659791
"(16, 34)",9.720454065291772
"(16, 30, 45)",9.719423048853463
"(7, 9, 24)",9.719287259506702
"(32, 43, 48)",9.719203081407404
"(15, 33, 39)",9.718949953913572
"(21, 26, 39)",9.718420536294873
"(16, 25, 46)",9.718275333597408
"(0, 15, 21)",9.718086742165669
"(10, 14, 45)",9.717907781886616
"(16, 34, 48)",9.71745650232674
"(11, 25, 34)",9.717325134228227
"(16, 42, 44)",9.717046562862375
"(13, 30, 46)",9.716109011929404
"(3, 13, 17)",9.714141432866029
"(9, 18, 42)",9.71373836638659
"(7, 23, 24)",9.713295609867599
"(15, 18, 28)",9.711829976656569
"(22, 24)",9.711743699023481
"(22, 24, 48)",9.711649591481212
"(4, 35)",9.711601146281694
"(8, 35)",9.711601146281694
"(35, 38)",9.711601146281694
"(35, 47)",9.711601146281694
"(4, 35, 48)",9.71155455632002
"(8, 35, 48)",9.71155455632002
"(35, 38, 48)",9.71155455632002
"(35, 47, 48)",9.71155455632002
"(48,)",9.711461376396677
"(30, 34, 42)",9.71139762276281
"(33, 36, 44)",9.710893213128562
"(17, 22, 39)",9.709782921728033
"(6, 20, 46)",9.709740730393236
"(6, 32, 34)",9.709182054016638
"(22, 26, 44)",9.708376987736699
"(0, 4, 6)",9.707801660310484
"(0, 6, 8)",9.707801660310484
"(0, 6, 38)",9.707801660310484
"(0, 6, 47)",9.707801660310484
"(18, 23, 42)",9.707746716747486
"(10, 18, 22)",9.707046040649097
"(17, 26, 45)",9.705530263676033
"(14, 24, 41)",9.70407330262605
"(4, 28, 32)",9.702551936176251
"(8, 28, 32)",9.702551936176251
"(28, 32, 38)",9.702551936176251
"(28, 32, 47)",9.702551936176251
"(2, 7, 21)",9.701921616886136
"(4, 11, 43)",9.701609387539584
"(8, 11, 43)",9.701609387539584
"(11, 38, 43)",9.701609387539584
"(11, 43, 47)",9.701609387539584
"(11, 13, 14)",9.701188535634854
"(12, 13, 41)",9.70060586333572
"(5, 28, 44)",9.698729906757077
"(19, 39, 42)",9.698482122371242
"(15, 16, 19)",9.698297252906887
"(14, 16, 42)",9.69742734583744
"(0, 25, 43)",9.696044264192548
"(7, 11, 42)",9.695275413607138
"(22, 34, 46)",9.69337490174373
"(13, 35, 44)",9.693258751242883
"(32, 40, 45)",9.692400469211607
"(3, 6, 13)",9.69226870379672
"(14, 33, 36)",9.691273996103625
"(22, 30, 44)",9.690632178465265
"(7, 12, 43)",9.690279761552059
"(25, 34, 35)",9.68977613281132
"(14, 22, 26)",9.688757770711762
"(21, 33, 42)",9.688653384570012
"(6, 22, 39)",9.687910192658723
"(17, 30, 45)",9.6877854544046
"(12, 18, 21)",9.687727344124301
"(1, 26, 41)",9.686759586149382
"(17, 25, 46)",9.686637739148544
"(17, 34, 48)",9.685818907877877
"(17, 42, 44)",9.685408968413512
"(16, 32, 36)",9.685093021403363
"(11, 20, 36)",9.68470149841078
"(6, 26, 45)",9.683657534606724
"(4, 26, 40)",9.683143574079649
"(8, 26, 40)",9.683143574079649
"(26, 38, 40)",9.683143574079649
"(26, 40, 47)",9.683143574079649
"(9, 15, 36)",9.682783626277109
"(3, 21, 34)",9.682300127975761
"(5, 9, 19)",9.681888986531607
"(10, 25, 41)",9.681346092375064
"(20, 28, 34)",9.680513357773478
"(5, 27, 45)",9.680363716890609
"(16, 34, 43)",9.679962332129396
"(4, 45, 49)",9.679877101950698
"(8, 45, 49)",9.679877101950698
"(38, 45, 49)",9.679877101950698
"(45, 47, 49)",9.679877101950698
"(14, 19, 32)",9.679369322406675
"(5, 14, 28)",9.67911068973214
"(3, 19, 25)",9.678592570780127
"(15, 23, 36)",9.676791976638006
"(25, 36, 37)",9.676095773105697
"(5, 19, 23)",9.675897336892504
"(12, 36, 45)",9.675704795309198
"(22, 24, 43)",9.674155421283867
"(4, 35, 43)",9.674060386122676
"(8, 35, 43)",9.674060386122676
"(35, 38, 43)",9.674060386122676
"(35, 43, 47)",9.674060386122676
"(13, 14, 35)",9.673639534217946
"(17, 34)",9.672997673618479
"(9, 41, 45)",9.67116341234953
"(5, 26, 33)",9.671116267699624
"(1, 3, 36)",9.670469687312856
"(0, 20, 39)",9.670422076604172
"(1, 30, 41)",9.669014776877948
"(2, 13, 15)",9.668633236331718
"(13, 24, 40)",9.668120372747024
"(7, 35, 42)",9.66772641219023
"(3, 5, 24)",9.667625675385523
"(4, 37, 39)",9.667381474646128
"(8, 37, 39)",9.667381474646128
"(37, 38, 39)",9.667381474646128
"(37, 39, 47)",9.667381474646128
"(15, 17, 19)",9.666659658458023
"(3, 18, 39)",9.665952081297354
"(6, 30, 45)",9.66591272533529
"(14, 17, 42)",9.665789751388576
"(13, 21, 29)",9.665586649961638
"(4, 30, 40)",9.665398764808215
"(8, 30, 40)",9.665398764808215
"(30, 38, 40)",9.665398764808215
"(30, 40, 47)",9.665398764808215
"(23, 41, 45)",9.665171762710429
"(21, 36, 40)",9.664905120071849
"(6, 25, 46)",9.664765010079236
"(6, 34, 48)",9.663946178808567
"(6, 42, 44)",9.663536239344202
"(15, 22, 40)",9.662918312298684
"(7, 29, 36)",9.662294139467537
"(15, 26, 32)",9.660106233748175
"(19, 45, 46)",9.658461934028729
"(21, 44, 46)",9.658279052689839
"(20, 25, 27)",9.658256729372491
"(4, 28, 48)",9.65731606096818
"(8, 28, 48)",9.65731606096818
"(28, 38, 48)",9.65731606096818
"(28, 47, 48)",9.65731606096818
"(20, 35, 36)",9.657152496993872
"(43, 48)",9.65522012110066
"(0, 7, 19)",9.654189941060032
"(19, 44, 48)",9.65375266422354
"(17, 32, 36)",9.6534554269545
"(5, 30, 33)",9.65337145842819
"(26, 36, 42)",9.651543075902794
"(32, 39, 48)",9.648605173505027
"(2, 4, 34)",9.648379578655575
"(2, 8, 34)",9.648379578655575
"(2, 34, 38)",9.648379578655575
"(2, 34, 47)",9.648379578655575
"(17, 34, 43)",9.648324737680532
"(40, 45, 48)",9.647164594003536
"(5, 10, 32)",9.64567521676108
"(6, 15, 19)",9.644786929388712
"(16, 22, 41)",9.643990650562861
"(6, 14, 42)",9.643917022319265
"(15, 37, 45)",9.642903554813161
"(15, 30, 32)",9.642361424476741
"(16, 20, 33)",9.64080384954416
"(1, 28, 49)",9.6404148584597
"(6, 34)",9.640188580014513
"(16, 36, 48)",9.639857146195292
"(11, 25, 36)",9.639725778096778
"(13, 28, 44)",9.63902025589104
"(14, 21, 46)",9.638659835664903
"(25, 28, 34)",9.635537637459478
"(14, 19, 48)",9.634133447198604
"(30, 36, 42)",9.63379826663136
"(3, 32, 45)",9.632196120984071
"(6, 32, 36)",9.63158269788519
"(4, 11, 39)",9.631011479637209
"(8, 11, 39)",9.631011479637209
"(11, 38, 39)",9.631011479637209
"(11, 39, 47)",9.631011479637209
"(4, 28)",9.630243403253932
"(8, 28)",9.630243403253932
"(28, 38)",9.630243403253932
"(28, 47)",9.630243403253932
"(7, 18, 27)",9.629384104345576
"(18, 40, 41)",9.628726563910854
"(7, 16, 40)",9.627629500242357
"(6, 34, 43)",9.626452008611222
"(0, 25, 39)",9.62544635629017
"(20, 24, 46)",9.625388051116005
"(19, 44)",9.62489830813697
"(24, 32, 34)",9.624829374739406
"(0, 4, 24)",9.623448981033253
"(0, 8, 24)",9.623448981033253
"(0, 24, 38)",9.623448981033253
"(0, 24, 47)",9.623448981033253
"(3, 4, 26)",9.622939225852113
"(3, 8, 26)",9.622939225852113
"(3, 26, 38)",9.622939225852113
"(3, 26, 47)",9.622939225852113
"(9, 13, 19)",9.622179335665571
"(15, 33, 41)",9.621520088299537
"(21, 26, 41)",9.620990670680838
"(13, 27, 45)",9.620654066024574
"(4, 28, 43)",9.619821890770835
"(8, 28, 43)",9.619821890770835
"(28, 38, 43)",9.619821890770835
"(28, 43, 47)",9.619821890770835
"(7, 12, 39)",9.619681853649682
"(13, 14, 28)",9.619401038866105
"(32, 39)",9.617177072059203
"(19, 43, 44)",9.616258494026194
"(13, 19, 23)",9.616187686026468
"(5, 12, 42)",9.61580655461774
"(22, 36, 46)",9.615775545612282
"(2, 11, 37)",9.615499063599579
"(40, 45)",9.615016202806967
"(15, 26, 48)",9.614870358540104
"(7, 28, 42)",9.61348791683839
"(9, 20, 32)",9.61338554921743
"(17, 22, 41)",9.612353056113998
"(25, 35, 36)",9.61217677667987
"(1, 20, 37)",9.611779044082269
"(13, 26, 33)",9.61140661683359
"(32, 39, 43)",9.611111003307682
"(40, 43, 45)",9.609670423806191
"(16, 34, 39)",9.609364424227019
"(17, 20, 33)",9.609166255095296
"(17, 36, 48)",9.608219551746428
"(3, 13, 24)",9.607916024519488
"(20, 23, 32)",9.607393899578328
"(11, 15, 45)",9.606533559804243
"(3, 4, 30)",9.605194416580678
"(3, 8, 30)",9.605194416580678
"(3, 30, 38)",9.605194416580678
"(3, 30, 47)",9.605194416580678
"(3, 21, 36)",9.604700771844312
"(18, 29, 45)",9.60450702577412
"(16, 36)",9.6040550310946
"(22, 24, 39)",9.603557513381492
"(4, 35, 39)",9.603462478220301
"(8, 35, 39)",9.603462478220301
"(35, 38, 39)",9.603462478220301
"(35, 39, 47)",9.603462478220301
"(21, 30, 41)",9.603245861409404
"(20, 28, 36)",9.60291400164203
"(3, 15, 22)",9.602713964071148
"(16, 36, 43)",9.602362975997947
"(19, 41, 42)",9.601052256757207
"(5, 10, 48)",9.60043934155301
"(15, 42, 46)",9.59945833308277
"(5, 22, 37)",9.599322526651214
"(24, 26, 45)",9.59930485532949
"(43,)",9.598978865804643
"(15, 30, 48)",9.59712554926867
"(14, 19, 43)",9.596639277001259
"(7, 17, 40)",9.595991905793493
"(16, 25, 33)",9.595828129230158
"(14, 19)",9.595469482599565
"(13, 30, 33)",9.593661807562155
"(6, 22, 41)",9.590480327044688
"(6, 20, 33)",9.587293526025986
"(3, 45, 48)",9.586960245776
"(6, 36, 48)",9.586346822677118
"(10, 13, 32)",9.585965565895044
"(0, 44, 45)",9.584197397212625
"(10, 20, 42)",9.581812853105047
"(24, 30, 45)",9.581560046058057
"(24, 25, 46)",9.580412330802002
"(24, 34, 48)",9.579593499531335
"(24, 42, 44)",9.57918356006697
"(15, 35, 45)",9.578984558387335
"(7, 37, 44)",9.578823872368634
"(17, 34, 39)",9.577726829778156
"(15, 26, 43)",9.57737618834276
"(12, 20, 22)",9.576824561336597
"(26, 34, 44)",9.576320895786822
"(1, 16, 32)",9.575800572065933
"(1, 11, 20)",9.57540904907335
"(10, 18, 34)",9.57498994869922
"(6, 7, 40)",9.574119176724182
"(1, 9, 15)",9.57349117693968
"(0, 20, 41)",9.572992210990137
"(22, 33, 34)",9.570927697376481
"(2, 4, 36)",9.570780222524126
"(2, 8, 36)",9.570780222524126
"(2, 36, 38)",9.570780222524126
"(2, 36, 47)",9.570780222524126
"(17, 36, 43)",9.570725381549083
"(4, 37, 41)",9.569951609032092
"(8, 37, 41)",9.569951609032092
"(37, 38, 41)",9.569951609032092
"(37, 41, 47)",9.569951609032092
"(3, 18, 41)",9.568522215683318
"(9, 25, 32)",9.56840982890343
"(9, 20, 48)",9.568149674009359
"(1, 15, 23)",9.567499527300576
"(3, 7, 16)",9.56742515201482
"(1, 25, 37)",9.566803323768266
"(15, 26)",9.566574849611818
"(1, 12, 45)",9.566412345971768
"(39, 43, 48)",9.565875128099611
"(4, 22, 29)",9.56574682838088
"(8, 22, 29)",9.56574682838088
"(22, 29, 38)",9.56574682838088
"(0, 14, 45)",9.564578180187688
"(17, 25, 33)",9.564190534781295
"(5, 11, 22)",9.562952531642296
"(5, 10, 43)",9.562945171355665
"(23, 25, 32)",9.562418179264327
"(20, 23, 48)",9.562158024370257
"(9, 18, 44)",9.560916830139167
"(15, 19, 24)",9.560434250111479
"(15, 30, 43)",9.559631379071325
"(14, 24, 42)",9.559564343042034
"(7, 14, 37)",9.559204655343699
"(30, 34, 44)",9.558576086515387
"(25, 28, 36)",9.557938281328028
"(14, 26, 34)",9.556701678761884
"(17, 36)",9.556598639421304
"(12, 13, 42)",9.556096903751705
"(6, 34, 39)",9.555854100708846
"(1, 21, 40)",9.555612670734419
"(7, 26, 46)",9.555499945900767
"(18, 23, 44)",9.554925180500064
"(0, 18, 22)",9.55371643895017
"(1, 7, 29)",9.553001690130106
"(4, 9, 16)",9.550947503134124
"(8, 9, 16)",9.550947503134124
"(9, 16, 38)",9.550947503134124
"(9, 16, 47)",9.550947503134124
"(3, 43, 45)",9.549466075578655
"(39, 48)",9.549323259247096
"(4, 28, 39)",9.549223982868458
"(8, 28, 39)",9.549223982868458
"(28, 38, 39)",9.549223982868458
"(28, 39, 47)",9.549223982868458
"(6, 36, 43)",9.548852652479773
"(1, 20, 35)",9.547860047656442
"(24, 32, 36)",9.547230018607957
"(20, 21, 37)",9.546010128613725
"(19, 39, 44)",9.54566058612382
"(4, 16, 23)",9.544955853495022
"(8, 16, 23)",9.544955853495022
"(16, 23, 38)",9.544955853495022
"(16, 23, 47)",9.544955853495022
"(5, 10)",9.544928324131176
"(14, 16, 44)",9.544605809590017
"(1, 17, 32)",9.54416297761707
"(7, 11, 44)",9.542453877359716
"(6, 25, 33)",9.542317805711985
"(1, 26, 42)",9.542250626565366
"(24, 34, 43)",9.54209932933399
"(9, 14, 18)",9.54129761311423
"(10, 13, 48)",9.540729690686973
"(15, 30)",9.539957635704665
"(13, 22, 37)",9.539612875785178
"(39, 40, 45)",9.539072515903815
"(7, 30, 46)",9.537755136629332
"(10, 25, 42)",9.536837132791046
"(19, 33, 45)",9.536014729661478
"(21, 33, 44)",9.535831848322589
"(3, 7, 17)",9.535787557565957
"(5, 22, 35)",9.535403530225388
"(14, 18, 23)",9.535305963475128
"(4, 11, 41)",9.533581614023174
"(8, 11, 41)",9.533581614023174
"(11, 38, 41)",9.533581614023174
"(11, 41, 47)",9.533581614023174
"(12, 22, 25)",9.531848841022596
"(16, 36, 39)",9.53176506809557
"(16, 17, 18)",9.530897344291832
"(15, 34, 40)",9.530862220348807
"(9, 20, 43)",9.530655503812014
"(1, 16, 48)",9.530564696857862
"(1, 11, 25)",9.530433328759347
"(0, 25, 41)",9.528016490676135
"(9, 42, 45)",9.526654452765513
"(14, 19, 39)",9.526041369098882
"(15, 28, 45)",9.524746063035494
"(3, 45)",9.524709680465662
"(20, 23, 43)",9.524663854172912
"(1, 30, 42)",9.524505817293932
"(5, 13, 49)",9.524493639515017
"(6, 36)",9.52378954581734
"(9, 25, 48)",9.523173953695359
"(7, 11, 14)",9.52283466033478
"(1, 6, 32)",9.52229024854776
"(7, 12, 41)",9.522251988035647
"(23, 42, 45)",9.520662803126411
"(10, 22, 45)",9.519962127028021
"(4, 9, 17)",9.51930990868526
"(8, 9, 17)",9.51930990868526
"(9, 17, 38)",9.51930990868526
"(9, 17, 47)",9.51930990868526
"(23, 25, 48)",9.517182304056256
"(14, 21, 33)",9.516212631297652
"(7, 35, 44)",9.514904875942808
"(3, 6, 7)",9.513914828496645
"(32, 41, 43)",9.513681137693647
"(24, 34)",9.513659561098663
"(5, 15, 29)",9.513654044973181
"(4, 17, 23)",9.513318259046159
"(8, 17, 23)",9.513318259046159
"(17, 23, 38)",9.513318259046159
"(17, 23, 47)",9.513318259046159
"(14, 17, 44)",9.512968215141154
"(16, 34, 41)",9.511934558612984
"(18, 19, 26)",9.510926969809363
"(2, 18, 20)",9.510660185944767
"(16, 21, 32)",9.51003165659739
"(11, 20, 21)",9.509640133604806
"(6, 16, 18)",9.509024615222522
"(9, 15, 21)",9.507722261471136
"(15, 26, 39)",9.506778280440383
"(22, 24, 41)",9.506127647767457
"(4, 35, 41)",9.506032612606266
"(8, 35, 41)",9.506032612606266
"(35, 38, 41)",9.506032612606266
"(35, 41, 47)",9.506032612606266
"(27, 32, 44)",9.503814981439241
"(11, 13, 22)",9.50324288077626
"(10, 13, 43)",9.503235520489628
"(20, 24, 33)",9.502940846748754
"(1, 25, 35)",9.50288432734244
"(24, 36, 48)",9.501994143399886
"(15, 21, 23)",9.501730611832034
"(4, 10, 19)",9.501316783590976
"(10, 19, 38)",9.501316783590976
"(10, 19, 47)",9.501316783590976
"(21, 25, 37)",9.501034408299724
"(12, 21, 45)",9.500643430503224
"(17, 36, 39)",9.500127473646707
"(16, 22, 42)",9.499481690978843
"(1, 17, 48)",9.498927102408999
"(26, 36, 44)",9.49872153965537
"(4, 6, 9)",9.49743717961595
"(6, 8, 9)",9.49743717961595
"(6, 9, 38)",9.49743717961595
"(6, 9, 47)",9.49743717961595
"(10, 18, 36)",9.49739059256777
"(9, 20)",9.496493822815701
"(1, 3, 21)",9.495408322506883
"(7, 14, 35)",9.495285658917872
"(22, 33, 36)",9.493328341245032
"(18, 19, 30)",9.493182160537929
"(39, 43)",9.493082003951079
"(1, 16, 43)",9.493070526660517
"(5, 10, 39)",9.492347263453288
"(0, 5, 32)",9.492345615062153
"(4, 6, 23)",9.491445529976847
"(6, 8, 23)",9.491445529976847
"(6, 23, 38)",9.491445529976847
"(6, 23, 47)",9.491445529976847
"(6, 14, 44)",9.491095486071842
"(2, 7, 15)",9.490279361031645
"(7, 24, 40)",9.48976649744695
"(20, 23)",9.487506348357048
"(7, 21, 29)",9.487232774661562
"(9, 25, 43)",9.485679783498014
"(18, 40, 42)",9.484217604326837
"(34, 36, 46)",9.483719453662404
"(20, 21, 35)",9.482091132187898
"(19, 22, 32)",9.48142366754808
"(5, 22, 28)",9.481165034873545
"(30, 36, 44)",9.480976730383937
"(17, 34, 41)",9.48029696416412
"(23, 25, 43)",9.479688133858911
"(14, 26, 36)",9.479102322630435
"(3, 39, 45)",9.478868167676278
"(17, 21, 32)",9.478394062148526
"(6, 36, 39)",9.478254744577397
"(6, 17, 18)",9.477387020773659
"(1, 6, 48)",9.477054373339689
"(15, 33, 42)",9.477011128715521
"(21, 26, 42)",9.47648171109682
"(12, 15, 18)",9.476085088269809
"(13, 22, 35)",9.475693879359351
"(24, 34, 39)",9.471501421431613
"(32, 41)",9.47103227363815
"(3, 15, 34)",9.47065787212127
"(17, 22, 42)",9.46784409652998
"(5, 34, 37)",9.467266434701337
"(4, 12, 32)",9.46680704778949
"(8, 12, 32)",9.46680704778949
"(12, 32, 38)",9.46680704778949
"(12, 32, 47)",9.46680704778949
"(2, 18, 25)",9.465684465630764
"(16, 21, 48)",9.464795781389318
"(11, 21, 25)",9.464664413290803
"(24, 36, 43)",9.46449997320254
"(5, 12, 44)",9.462985018370317
"(1, 2, 4)",9.461487773186697
"(1, 2, 8)",9.461487773186697
"(1, 2, 38)",9.461487773186697
"(1, 2, 47)",9.461487773186697
"(4, 33, 46)",9.461468860205972
"(8, 33, 46)",9.461468860205972
"(33, 38, 46)",9.461468860205972
"(33, 46, 47)",9.461468860205972
"(1, 17, 43)",9.461432932211654
"(7, 28, 44)",9.460666380590967
"(9, 20, 39)",9.460057595909639
"(21, 30, 42)",9.458736901825386
"(6, 34, 41)",9.45842423509481
"(24, 25, 33)",9.457965126434752
"(6, 21, 32)",9.456521333079216
"(10, 13)",9.455363847832123
"(20, 23, 39)",9.454065946270536
"(13, 15, 29)",9.453944394107147
"(15, 36, 40)",9.453262864217358
"(5, 19, 40)",9.452368224471854
"(4, 28, 41)",9.451794117254423
"(8, 28, 41)",9.451794117254423
"(28, 38, 41)",9.451794117254423
"(28, 41, 47)",9.451794117254423
"(19, 41, 44)",9.448230720509784
"(0, 5, 48)",9.447109739854081
"(15, 44, 46)",9.446636796835348
"(6, 22, 42)",9.445971367460672
"(18, 32, 46)",9.445637995485816
"(12, 20, 34)",9.44476846938672
"(7, 9, 19)",9.443825460365497
"(5, 12, 14)",9.44336580134538
"(32, 39, 41)",9.44308322979127
"(7, 27, 45)",9.442300190724499
"(40, 41, 45)",9.44164265028978
"(5, 26, 30)",9.441199784955
"(7, 14, 28)",9.44104716356603
"(21, 22, 46)",9.440714180806308
"(1, 16)",9.440116357088455
"(1, 6, 43)",9.439560203142344
"(1, 24, 32)",9.437937569270527
"(7, 19, 23)",9.437833810726394
"(21, 25, 35)",9.437115411873897
"(19, 22, 48)",9.436187792340009
"(16, 36, 41)",9.434335202481535
"(4, 29, 34)",9.433690736431002
"(8, 29, 34)",9.433690736431002
"(29, 34, 38)",9.433690736431002
"(29, 34, 47)",9.433690736431002
"(17, 21, 48)",9.433158186940455
"(7, 26, 33)",9.433052741533515
"(10, 13, 39)",9.432637612587254
"(0, 13, 32)",9.432635964196118
"(5, 16, 46)",9.431846639061598
"(5, 11, 34)",9.430896439692418
"(3, 7, 24)",9.429562149219414
"(9, 25)",9.429030242344698
"(10, 20, 44)",9.428991316857624
"(16, 20, 26)",9.42863217607097
"(14, 19, 41)",9.428611503484847
"(0, 20, 42)",9.42848325140612
"(20, 21, 28)",9.427852636836057
"(16, 21, 43)",9.427301611191973
"(14, 15, 46)",9.427017579810412
"(4, 37, 42)",9.425442649448074
"(8, 37, 42)",9.425442649448074
"(37, 38, 42)",9.425442649448074
"(37, 42, 47)",9.425442649448074
"(16, 18, 24)",9.42467193594529
"(3, 18, 42)",9.4240132560993
"(1, 16, 39)",9.42247261875814
"(0, 18, 34)",9.421660347000293
"(4, 12, 48)",9.42157117258142
"(8, 12, 48)",9.42157117258142
"(12, 38, 48)",9.42157117258142
"(12, 47, 48)",9.42157117258142
"(13, 22, 28)",9.42145538400751
"(23, 25)",9.420042767886045
"(7, 30, 33)",9.415307932262081
"(9, 25, 39)",9.415081875595638
"(4, 9, 24)",9.413084500338718
"(8, 9, 24)",9.413084500338718
"(9, 24, 38)",9.413084500338718
"(9, 24, 47)",9.413084500338718
"(6, 21, 48)",9.411285457871145
"(16, 20, 30)",9.410887366799535
"(0, 5, 43)",9.409615569656737
"(10, 14, 20)",9.409372099832689
"(15, 26, 41)",9.409348414826347
"(23, 25, 39)",9.409090225956534
"(7, 10, 32)",9.407611690594972
"(13, 34, 37)",9.4075567838353
"(4, 23, 24)",9.407092850699616
"(8, 23, 24)",9.407092850699616
"(23, 24, 38)",9.407092850699616
"(23, 24, 47)",9.407092850699616
"(14, 24, 44)",9.406742806794611
"(32, 42, 48)",9.406666348306974
"(5, 34, 35)",9.40334743827551
"(12, 13, 44)",9.403275367504282
"(17, 36, 41)",9.402697608032671
"(11, 29, 37)",9.400810221375005
"(18, 46, 48)",9.400402120277745
"(5, 17, 46)",9.400209044612735
"(12, 25, 34)",9.399792749072718
"(19, 22, 43)",9.398693622142664
"(24, 36)",9.39726052690149
"(17, 20, 26)",9.396994581622106
"(2, 4, 21)",9.395718857718153
"(2, 8, 21)",9.395718857718153
"(2, 21, 38)",9.395718857718153
"(2, 21, 47)",9.395718857718153
"(17, 21, 43)",9.39566401674311
"(5, 10, 41)",9.394917397839253
"(24, 36, 39)",9.393902065300164
"(3, 15, 36)",9.393058515989821
"(17, 18, 24)",9.393034341496426
"(1, 24, 48)",9.392701694062456
"(1, 17)",9.39265996541516
"(13, 19, 40)",9.39265857360582
"(3, 5, 19)",9.392163876244318
"(15, 30, 41)",9.391603605554913
"(1, 17, 39)",9.390835024309277
"(5, 36, 37)",9.389667078569886
"(1, 26, 44)",9.389429090317943
"(4, 11, 42)",9.389072654439156
"(8, 11, 42)",9.389072654439156
"(11, 38, 42)",9.389072654439156
"(11, 42, 47)",9.389072654439156
"(1, 10, 18)",9.38809814323034
"(10, 34, 45)",9.387906035078144
"(0, 13, 48)",9.387400088988047
"(39,)",9.387185142097515
"(4, 12, 43)",9.384077002384075
"(8, 12, 43)",9.384077002384075
"(12, 38, 43)",9.384077002384075
"(12, 43, 47)",9.384077002384075
"(10, 25, 44)",9.384015596543623
"(20, 32, 40)",9.38386478715768
"(16, 25, 26)",9.383656455756967
"(12, 13, 14)",9.383656150479345
"(0, 25, 42)",9.383507531092118
"(21, 25, 28)",9.382876916522054
"(13, 26, 30)",9.381490134088963
"(3, 41, 45)",9.381438302062243
"(6, 36, 41)",9.380824878963361
"(17, 20, 30)",9.379249772350672
"(5, 6, 46)",9.378336315543425
"(7, 12, 42)",9.37774302845163
"(6, 20, 26)",9.375121852552795
"(24, 34, 41)",9.374071555817578
"(9, 44, 45)",9.37383291651809
"(6, 21, 43)",9.3737912876738
"(21, 24, 32)",9.372168653801983
"(13, 16, 46)",9.372136988195564
"(5, 20, 27)",9.371828034836682
"(1, 30, 44)",9.371684281046509
"(4, 20, 49)",9.37134141989677
"(8, 20, 49)",9.37134141989677
"(20, 38, 49)",9.37134141989677
"(20, 47, 49)",9.37134141989677
"(11, 13, 34)",9.371186788826382
"(6, 18, 24)",9.371161612427116
"(1, 46, 49)",9.370784658413543
"(1, 14, 26)",9.369809873293006
"(32, 42, 43)",9.369172178109629
"(1, 6, 39)",9.368962295239967
"(23, 44, 45)",9.367841266878989
"(16, 34, 42)",9.367425599028966
"(12, 20, 36)",9.36716911325527
"(0, 22, 45)",9.366632525329095
"(16, 25, 30)",9.365911646485532
"(10, 14, 25)",9.364396379518686
"(18, 43, 46)",9.3629079500804
"(9, 20, 41)",9.362627730295603
"(7, 10, 48)",9.362375815386901
"(22, 24, 42)",9.36161868818344
"(4, 35, 42)",9.361523653022248
"(8, 35, 42)",9.361523653022248
"(35, 38, 42)",9.361523653022248
"(35, 42, 47)",9.361523653022248
"(33, 34, 36)",9.361272249295155
"(7, 22, 37)",9.361259000485104
"(39, 41, 43)",9.360353184385854
"(1, 6)",9.359850871811195
"(1, 33, 49)",9.359666001166634
"(22, 26, 34)",9.35875602390329
"(6, 20, 30)",9.35737704328136
"(16, 21, 39)",9.356703703289597
"(20, 23, 41)",9.3566360806565
"(4, 29, 36)",9.356091380299553
"(8, 29, 36)",9.356091380299553
"(29, 36, 38)",9.356091380299553
"(29, 36, 47)",9.356091380299553
"(1, 24, 43)",9.355207523865111
"(9, 14, 45)",9.354213699493155
"(5, 11, 36)",9.353297083560967
"(8, 10, 27)",9.352064952028217
"(17, 25, 26)",9.352018861308103
"(19, 20, 46)",9.3499262519748
"(0, 13, 43)",9.349905918790702
"(19, 32, 34)",9.349367575598201
"(5, 28, 34)",9.349108942923667
"(14, 23, 45)",9.348222049854051
"(0, 4, 19)",9.347987181892048
"(0, 8, 19)",9.347987181892048
"(0, 19, 38)",9.347987181892048
"(0, 19, 47)",9.347987181892048
"(41, 43)",9.346937205530025
"(16, 22, 44)",9.34666015473142
"(0, 18, 36)",9.344060990868844
"(1, 15, 40)",9.343970414879927
"(16, 17, 45)",9.343813430670757
"(13, 34, 35)",9.343637787409474
"(9, 18, 22)",9.343351958255635
"(16, 21)",9.341462983885638
"(22, 30, 34)",9.341011214631855
"(13, 17, 46)",9.3404993937467
"(0, 5, 39)",9.339017661754362
"(25, 32, 40)",9.338889066843677
"(20, 40, 48)",9.338628911949609
"(18, 22, 23)",9.337360308616534
"(17, 34, 42)",9.335788004580102
"(10, 13, 41)",9.335207746973218
"(15, 20, 37)",9.334367872759234
"(17, 25, 30)",9.334274052036669
"(3, 13, 19)",9.332454225378283
"(18, 40, 44)",9.331396068079414
"(6, 25, 26)",9.330146132238795
"(13, 36, 37)",9.329957427703851
"(19, 22, 39)",9.328095714240288
"(14, 16, 22)",9.327040937706485
"(21, 24, 48)",9.326932778593912
"(5, 25, 27)",9.326852314522679
"(4, 25, 49)",9.326365699582768
"(8, 25, 49)",9.326365699582768
"(25, 38, 49)",9.326365699582768
"(25, 47, 49)",9.326365699582768
"(5, 35, 36)",9.32574808214406
"(17, 21, 39)",9.325066108840733
"(1, 16, 41)",9.325042753144105
"(7, 11, 22)",9.324889005476185
"(7, 10, 43)",9.324881645189556
"(15, 33, 44)",9.324189592468098
"(42, 43, 48)",9.323936302901558
"(19, 26, 45)",9.323843056188288
"(3, 20, 32)",9.323660438930144
"(21, 26, 44)",9.323660174849397
"(2, 20, 45)",9.323576272323692
"(18, 32, 33)",9.323190791118567
"(4, 18, 27)",9.323181345177591
"(8, 18, 27)",9.323181345177591
"(18, 27, 38)",9.323181345177591
"(18, 27, 47)",9.323181345177591
"(10, 18, 21)",9.322329227761797
"(12, 25, 36)",9.32219339294127
"(6, 16, 45)",9.321940701601447
"(4, 16, 40)",9.321426741074372
"(8, 16, 40)",9.321426741074372
"(16, 38, 40)",9.321426741074372
"(16, 40, 47)",9.321426741074372
"(6, 13, 46)",9.318626664677389
"(21, 22, 33)",9.318266976439059
"(9, 25, 41)",9.317652009981602
"(17, 22, 44)",9.315022560282557
"(0, 5)",9.314933921582785
"(6, 34, 42)",9.313915275510794
"(4, 12, 39)",9.3134790944817
"(8, 12, 39)",9.3134790944817
"(12, 38, 39)",9.3134790944817
"(12, 39, 47)",9.3134790944817
"(6, 25, 30)",9.31240132296736
"(13, 20, 27)",9.312118383970645
"(14, 18, 40)",9.311776851054478
"(23, 25, 41)",9.311660360342499
"(10, 36, 45)",9.310306678946695
"(5, 16, 33)",9.309399434694349
"(21, 34, 46)",9.308658088856431
"(4, 28, 42)",9.307285157670407
"(8, 28, 42)",9.307285157670407
"(28, 38, 42)",9.307285157670407
"(28, 42, 47)",9.307285157670407
"(19, 30, 45)",9.306098246916854
"(21, 30, 44)",9.305915365577963
"(19, 25, 46)",9.304950531660799
"(14, 15, 33)",9.304570375443163
"(19, 34, 48)",9.30413170039013
"(14, 21, 26)",9.304040957824462
"(2, 31, 36)",9.304002739066734
"(19, 42, 44)",9.303721760925765
"(6, 21, 39)",9.303193379771423
"(20, 40, 43)",9.301134741752264
"(32, 39, 42)",9.298574270207254
"(19, 22)",9.298551000311676
"(15, 16, 32)",9.298389400742899
"(11, 15, 20)",9.297997877750316
"(7, 22, 35)",9.297340004059278
"(40, 42, 45)",9.297133690705763
"(24, 36, 41)",9.296472199686129
"(18, 20, 29)",9.295971343720193
"(14, 17, 22)",9.295403343257622
"(17, 21)",9.294006592212344
"(5, 24, 46)",9.293983636266193
"(25, 40, 48)",9.293653191635606
"(11, 13, 36)",9.293587432694933
"(1, 17, 41)",9.293405158695242
"(6, 22, 44)",9.293149831213249
"(18, 39, 46)",9.292310042178023
"(20, 24, 26)",9.290769173275564
"(6, 17, 45)",9.290303107152583
"(16, 36, 42)",9.289826242897519
"(4, 17, 40)",9.289789146625509
"(8, 17, 40)",9.289789146625509
"(17, 38, 40)",9.289789146625509
"(17, 40, 47)",9.289789146625509
"(21, 24, 43)",9.289438608396567
"(13, 28, 34)",9.289399292057631
"(15, 25, 37)",9.289392152445231
"(12, 15, 45)",9.289001174648734
"(1, 24, 39)",9.284609615962735
"(14, 19, 42)",9.28410254390083
"(1, 3, 15)",9.283766066652392
"(5, 9, 32)",9.28198113436762
"(22, 26, 36)",9.28115666777184
"(1, 5, 37)",9.280374629232456
"(0, 13, 39)",9.279308010888325
"(3, 25, 32)",9.278684718616141
"(2, 25, 45)",9.278600552009689
"(3, 20, 48)",9.278424563722073
"(15, 21, 40)",9.278201499411384
"(18, 33, 48)",9.277954915910495
"(5, 17, 33)",9.277761840245486
"(4, 12)",9.276626070673792
"(8, 12)",9.276626070673792
"(12, 38)",9.276626070673792
"(12, 47)",9.276626070673792
"(5, 23, 32)",9.275989484728516
"(0, 20, 44)",9.275661715158698
"(7, 15, 29)",9.275590518807071
"(6, 14, 22)",9.273530614188312
"(20, 24, 30)",9.27302436400413
"(4, 37, 44)",9.272621113200652
"(8, 37, 44)",9.272621113200652
"(37, 38, 44)",9.272621113200652
"(37, 44, 47)",9.272621113200652
"(19, 32, 36)",9.271768219466754
"(1, 6, 41)",9.271532429625932
"(5, 28, 36)",9.271509586792218
"(3, 18, 44)",9.271191719851878
"(15, 20, 35)",9.270448876333408
"(4, 6, 40)",9.267916417556199
"(6, 8, 40)",9.267916417556199
"(6, 38, 40)",9.267916417556199
"(6, 40, 47)",9.267916417556199
"(13, 25, 27)",9.267142663656644
"(15, 17, 32)",9.266751806294035
"(19, 34, 43)",9.266637530192785
"(13, 35, 36)",9.266038431278025
"(15, 26, 42)",9.264839455242331
"(22, 30, 36)",9.263411858500406
"(3, 4, 16)",9.261222392846836
"(3, 8, 16)",9.261222392846836
"(3, 16, 38)",9.261222392846836
"(3, 16, 47)",9.261222392846836
"(6, 21)",9.261197498608379
"(16, 21, 41)",9.259273837675561
"(32, 45, 46)",9.258554081864741
"(17, 36, 42)",9.258188648448655
"(1, 12, 20)",9.257876663917841
"(25, 40, 43)",9.256159021438261
"(0, 14, 20)",9.25604249813376
"(5, 6, 33)",9.255889111176174
"(7, 10, 39)",9.25428373728718
"(0, 7, 32)",9.254282088896044
"(32, 42)",9.254268834262124
"(39, 42, 48)",9.253338394999183
"(15, 16, 48)",9.253153525534827
"(11, 15, 25)",9.253022157436313
"(4, 14, 37)",9.253001896175714
"(8, 14, 37)",9.253001896175714
"(14, 37, 38)",9.253001896175714
"(14, 37, 47)",9.253001896175714
"(3, 14, 18)",9.251572502826942
"(18, 25, 29)",9.25099562340619
"(5, 10, 42)",9.250408438255235
"(13, 16, 33)",9.249689783828313
"(4, 26, 46)",9.249297186732782
"(8, 26, 46)",9.249297186732782
"(26, 38, 46)",9.249297186732782
"(26, 46, 47)",9.249297186732782
"(15, 30, 42)",9.247094645970897
"(1, 4, 29)",9.246798930962123
"(1, 8, 29)",9.246798930962123
"(1, 29, 38)",9.246798930962123
"(1, 29, 47)",9.246798930962123
"(24, 25, 26)",9.24579345296156
"(5, 12, 22)",9.245420146486786
"(6, 15, 32)",9.244879077224725
"(18, 46)",9.24487249221828
"(1, 5, 11)",9.244004634223538
"(7, 22, 28)",9.243101508707436
"(0, 5, 41)",9.241587796140326
"(39, 41)",9.241040343676461
"(3, 20, 43)",9.240930393524728
"(18, 33, 43)",9.24046074571315
"(16, 24, 45)",9.237588022324214
"(3, 42, 45)",9.236929342478227
"(5, 9, 48)",9.236745259159548
"(6, 36, 42)",9.236315919379344
"(4, 11, 44)",9.236251118191733
"(8, 11, 44)",9.236251118191733
"(11, 38, 44)",9.236251118191733
"(11, 44, 47)",9.236251118191733
"(0, 1, 18)",9.234768541531412
"(0, 34, 45)",9.234576433379218
"(13, 24, 46)",9.234273985400158
"(14, 32, 48)",9.234225595034616
"(3, 25, 48)",9.23344884340807
"(1, 24)",9.233321852895346
"(4, 30, 46)",9.231552377461348
"(8, 30, 46)",9.231552377461348
"(30, 38, 46)",9.231552377461348
"(30, 46, 47)",9.231552377461348
"(21, 36, 46)",9.231058732724982
"(5, 23, 48)",9.230753609520445
"(0, 25, 44)",9.230685994844695
"(19, 22, 41)",9.230665848626252
"(20, 39, 40)",9.230536833849888
"(3, 4, 17)",9.229584798397973
"(3, 8, 17)",9.229584798397973
"(3, 17, 38)",9.229584798397973
"(3, 17, 47)",9.229584798397973
"(24, 34, 42)",9.22956259623356
"(7, 34, 37)",9.229202908535227
"(15, 22, 46)",9.229071924951818
"(24, 25, 30)",9.228048643690126
"(17, 21, 41)",9.227636243226698
"(19, 20, 33)",9.227479047607549
"(19, 36, 48)",9.226532344258683
"(15, 25, 35)",9.225473156019405
"(0, 13)",9.225369445283732
"(7, 12, 44)",9.224921492204206
"(9, 13, 32)",9.222271483501583
"(15, 17, 48)",9.221515931085964
"(1, 13, 37)",9.220664978366422
"(21, 24, 39)",9.21884070049419
"(9, 20, 42)",9.218118770711586
"(13, 17, 33)",9.21805218937945
"(3, 15, 21)",9.217997151183848
"(4, 11, 14)",9.216631901166796
"(8, 11, 14)",9.216631901166796
"(11, 14, 38)",9.216631901166796
"(11, 14, 47)",9.216631901166796
"(1, 5, 35)",9.21645563280663
"(13, 23, 32)",9.216279833862481
"(15, 20, 28)",9.216210380981565
"(4, 12, 41)",9.216049228867664
"(8, 12, 41)",9.216049228867664
"(12, 38, 41)",9.216049228867664
"(12, 41, 47)",9.216049228867664
"(39, 42, 43)",9.215844224801838
"(15, 16, 43)",9.215659355337483
"(5, 21, 37)",9.214605713763913
"(16, 34, 44)",9.214604062781543
"(7, 19, 40)",9.214304698305746
"(45, 46, 48)",9.21331820665667
"(1, 12, 25)",9.212900943603838
"(20, 23, 42)",9.212127121072484
"(13, 28, 36)",9.211799935926184
"(10, 20, 22)",9.211426444974094
"(9, 18, 34)",9.211295866305758
"(0, 14, 25)",9.211066777819758
"(0, 7, 48)",9.209046213687973
"(22, 24, 44)",9.208797151936016
"(4, 35, 44)",9.208702116774825
"(8, 35, 44)",9.208702116774825
"(35, 38, 44)",9.208702116774825
"(35, 44, 47)",9.208702116774825
"(3, 4, 6)",9.207712069328663
"(3, 6, 8)",9.207712069328663
"(3, 6, 38)",9.207712069328663
"(3, 6, 47)",9.207712069328663
"(17, 24, 45)",9.20595042787535
"(6, 21, 41)",9.205763514157388
"(18, 23, 34)",9.205304216666656
"(7, 12, 14)",9.205302275179271
"(7, 26, 30)",9.203136258788891
"(32, 41, 42)",9.201144404593219
"(1, 10, 45)",9.201014229609266
"(6, 15, 48)",9.199643202016654
"(5, 9, 43)",9.199251088962203
"(14, 32, 43)",9.196731424837271
"(6, 13, 33)",9.19617946031014
"(19, 34, 39)",9.19603962229041
"(3, 25, 43)",9.195954673210725
"(14, 16, 34)",9.194984845756608
"(18, 41, 46)",9.194880176563988
"(7, 16, 46)",9.193783112895488
"(5, 23, 43)",9.1932594393231
"(7, 11, 34)",9.192832913526308
"(12, 20, 21)",9.192107748449297
"(10, 13, 42)",9.1906987873892
"(14, 22, 24)",9.18917793491108
"(4, 14, 35)",9.189082899749888
"(8, 14, 35)",9.189082899749888
"(14, 35, 38)",9.189082899749888
"(14, 35, 47)",9.189082899749888
"(19, 36, 43)",9.189038174061338
"(7, 10)",9.187833034882011
"(1, 24, 41)",9.1871797503487
"(42, 48)",9.186415021450017
"(21, 33, 34)",9.186210884489181
"(12, 13, 22)",9.18571049562075
"(25, 39, 40)",9.185561113535886
"(1, 11, 13)",9.184294983357503
"(6, 24, 45)",9.18407769880604
"(2, 4, 15)",9.184076601863662
"(2, 8, 15)",9.184076601863662
"(2, 15, 38)",9.184076601863662
"(2, 15, 47)",9.184076601863662
"(15, 17, 43)",9.18402176088862
"(4, 24, 40)",9.183563738278966
"(8, 24, 40)",9.183563738278966
"(24, 38, 40)",9.183563738278966
"(24, 40, 47)",9.183563738278966
"(17, 34, 44)",9.18296646833268
"(19, 25, 33)",9.18250332729355
"(0, 13, 41)",9.18187814527429
"(4, 21, 29)",9.18103001549358
"(8, 21, 29)",9.18103001549358
"(21, 29, 38)",9.18103001549358
"(21, 29, 47)",9.18103001549358
"(1, 16, 42)",9.180533793560087
"(2, 5, 18)",9.179255771094954
"(5, 11, 21)",9.178235718754994
"(9, 13, 48)",9.177035608293512
"(43, 45, 46)",9.175824036459325
"(9, 25, 42)",9.173143050397584
"(1, 22, 26)",9.171864218434411
"(0, 7, 43)",9.171552043490628
"(5, 24, 33)",9.171536431898943
"(15, 25, 28)",9.171234660667563
"(43, 44, 48)",9.171114766654135
"(13, 23, 48)",9.17104395865441
"(3, 20, 39)",9.170332485622351
"(18, 33, 39)",9.169862837810774
"(0, 18, 21)",9.16899962606287
"(23, 25, 42)",9.167151400758481
"(10, 22, 25)",9.166450724660091
"(7, 34, 35)",9.1652839121094
"(14, 17, 34)",9.163347251307744
"(1, 19, 32)",9.162475770129323
"(6, 15, 43)",9.16214903181931
"(7, 17, 46)",9.162145518446625
"(6, 34, 44)",9.161093739263372
"(15, 24, 32)",9.160526397947493
"(0, 36, 45)",9.156977077247769
"(7, 10, 41)",9.156853871673144
"(1, 13, 35)",9.156745981940595
"(9, 22, 45)",9.15626804463456
"(13, 21, 37)",9.154896062897878
"(4, 28, 44)",9.154463621422984
"(8, 28, 44)",9.154463621422984
"(28, 38, 44)",9.154463621422984
"(28, 44, 47)",9.154463621422984
"(1, 22, 30)",9.154119409162977
"(3, 7, 19)",9.15410035007821
"(20, 40)",9.152212679726075
"(24, 36, 42)",9.151963240102113
"(7, 36, 37)",9.151603552403778
"(14, 43, 48)",9.1514955496292
"(5, 21, 35)",9.150686717338086
"(22, 23, 45)",9.150276394995458
"(16, 18, 19)",9.149210136804086
"(26, 34, 36)",9.149100575821963
"(1, 17, 42)",9.148896199111224
"(12, 21, 25)",9.147132028135294
"(15, 16, 39)",9.145061447435106
"(40, 44, 45)",9.14431215445834
"(6, 14, 34)",9.141474522238434
"(6, 7, 46)",9.140272789377317
"(9, 13, 43)",9.139541438096167
"(4, 9, 19)",9.137622701197515
"(8, 9, 19)",9.137622701197515
"(9, 19, 38)",9.137622701197515
"(9, 19, 47)",9.137622701197515
"(16, 36, 44)",9.137004706650096
"(32, 33, 45)",9.136106877497491
"(4, 27, 45)",9.136097431556516
"(8, 27, 45)",9.136097431556516
"(27, 38, 45)",9.136097431556516
"(27, 45, 47)",9.136097431556516
"(10, 21, 45)",9.135245314140722
"(4, 14, 28)",9.134844404398047
"(8, 14, 28)",9.134844404398047
"(14, 28, 38)",9.134844404398047
"(14, 28, 47)",9.134844404398047
"(21, 24)",9.13466847969253
"(7, 20, 27)",9.133764508670572
"(9, 18, 36)",9.133696510174309
"(13, 23, 43)",9.133549788457065
"(20, 40, 41)",9.133106968235852
"(4, 19, 23)",9.131631051558411
"(8, 19, 23)",9.131631051558411
"(19, 23, 38)",9.131631051558411
"(19, 23, 47)",9.131631051558411
"(30, 34, 36)",9.131355766550529
"(14, 19, 44)",9.131281007653406
"(42, 43)",9.130173766154
"(5, 9, 39)",9.128653181059827
"(18, 23, 36)",9.127704860535207
"(1, 6, 42)",9.127023470041916
"(4, 26, 33)",9.126849982365531
"(8, 26, 33)",9.126849982365531
"(26, 33, 38)",9.126849982365531
"(26, 33, 47)",9.126849982365531
"(14, 32, 39)",9.126133516934894
"(3, 25, 39)",9.12535676530835
"(14, 40, 45)",9.124692937433403
"(3, 4, 24)",9.12335939005143
"(3, 8, 24)",9.12335939005143
"(3, 24, 38)",9.12335939005143
"(3, 24, 47)",9.12335939005143
"(5, 23, 39)",9.122661531420725
"(21, 24, 41)",9.121410834880155
"(2, 13, 18)",9.11954612022892
"(11, 13, 21)",9.11852606788896
"(19, 36, 39)",9.118440266158961
"(41, 42, 43)",9.118414359187803
"(17, 18, 19)",9.117572542355223
"(14, 16, 36)",9.117385489625159
"(1, 19, 48)",9.117239894921251
"(15, 24, 48)",9.115290522739421
"(7, 11, 36)",9.115233557394859
"(16, 21, 42)",9.114764878091545
"(18, 22, 40)",9.113831196195886
"(15, 17, 39)",9.113423852986243
"(5, 12, 34)",9.113364054536909
"(15, 26, 44)",9.112017918994908
"(13, 24, 33)",9.111826781032907
"(7, 28, 34)",9.111045416757559
"(18, 26, 32)",9.111019117645375
"(10, 15, 18)",9.110686971907306
"(4, 30, 33)",9.109105173094097
"(8, 30, 33)",9.109105173094097
"(30, 33, 38)",9.109105173094097
"(30, 33, 47)",9.109105173094097
"(20, 29, 45)",9.108887430099118
"(21, 33, 36)",9.10861152835773
"(15, 22, 33)",9.106624720584566
"(21, 22, 26)",9.106095302965867
"(17, 36, 44)",9.105367112201233
"(39, 45, 46)",9.10522612855695
"(4, 10, 32)",9.101408931426988
"(10, 32, 38)",9.101408931426988
"(10, 32, 47)",9.101408931426988
"(0, 7, 39)",9.100954135588252
"(39, 44, 48)",9.10051685875176
"(19, 34)",9.100466862386858
"(19, 34, 41)",9.098609756676375
"(5, 10, 44)",9.097586902007812
"(5, 16, 26)",9.097227761221157
"(0, 5, 42)",9.097078836556308
"(15, 34, 46)",9.09701583300194
"(19, 21, 32)",9.09670685466078
"(1, 27, 28)",9.096635188065518
"(5, 21, 28)",9.096448221986245
"(6, 18, 19)",9.095699813285911
"(41,)",9.094895545255408
"(15, 30, 44)",9.094273109723474
"(18, 37, 45)",9.093816438710363
"(18, 30, 32)",9.09327430837394
"(14, 15, 26)",9.092398701969971
"(6, 15, 39)",9.091551123916933
"(13, 21, 35)",9.090977066472052
"(33, 45, 48)",9.090871002289418
"(29, 31, 36)",9.08931389684216
"(7, 25, 27)",9.08878878835657
"(21, 22, 30)",9.088350493694433
"(25, 40, 41)",9.08813124792185
"(7, 35, 36)",9.087684555977951
"(19, 22, 42)",9.086156889042236
"(14, 17, 36)",9.085747895176295
"(25, 40)",9.084749099255072
"(3, 44, 45)",9.084107806230804
"(6, 36, 44)",9.08349438313192
"(17, 21, 42)",9.083127283642682
"(14, 39, 48)",9.080897641726823
"(1, 19, 43)",9.079745724723907
"(5, 16, 30)",9.079482951949723
"(10, 20, 34)",9.079370353024217
"(5, 10, 14)",9.077967684982877
"(15, 24, 43)",9.077796352542077
"(24, 34, 44)",9.076741059986137
"(3, 20, 41)",9.072902620008316
"(18, 33, 41)",9.072432972196738
"(4, 12, 42)",9.071540269283647
"(8, 12, 42)",9.071540269283647
"(12, 38, 42)",9.071540269283647
"(12, 42, 47)",9.071540269283647
"(7, 16, 33)",9.071335908528239
"(9, 13, 39)",9.068943530193792
"(18, 26, 48)",9.065783242437304
"(5, 17, 26)",9.065590166772294
"(9, 20, 44)",9.065297234464163
"(3, 14, 45)",9.064488589205867
"(25, 29, 45)",9.063911709785117
"(6, 14, 36)",9.063875166106985
"(39, 43, 44)",9.063022688554415
"(13, 23, 39)",9.062951880554689
"(3, 20)",9.06190615738477
"(6, 21, 42)",9.06125455457337
"(18, 33)",9.061201685667404
"(20, 23, 44)",9.059305584825061
"(0, 20, 22)",9.058096843275166
"(11, 18, 45)",9.057446443701444
"(14, 24, 34)",9.057121842961202
"(4, 10, 48)",9.056173056218917
"(10, 38, 48)",9.056173056218917
"(10, 47, 48)",9.056173056218917
"(7, 24, 46)",9.055920110100082
"(4, 22, 37)",9.055056241317121
"(8, 22, 37)",9.055056241317121
"(22, 37, 38)",9.055056241317121
"(12, 13, 34)",9.053654403670873
"(3, 18, 22)",9.053626847968347
"(33, 43, 45)",9.053376832092075
"(5, 32, 40)",9.052460372307868
"(19, 21, 48)",9.05147097945271
"(18, 42, 46)",9.050371216979972
"(18, 30, 48)",9.04803843316587
"(5, 17, 30)",9.04784535750086
"(39, 41, 42)",9.047816451285426
"(0, 1, 45)",9.047684627910337
"(15, 16, 41)",9.04763158182107
"(9, 14, 20)",9.045678017439228
"(7, 9, 32)",9.043917608201511
"(5, 6, 26)",9.043717437702984
"(14, 39, 43)",9.043403471529478
"(1, 24, 42)",9.042670790764681
"(1, 7, 37)",9.042311103066346
"(4, 5, 49)",9.039937005046959
"(5, 8, 49)",9.039937005046959
"(5, 38, 49)",9.039937005046959
"(5, 47, 49)",9.039937005046959
"(1, 26, 34)",9.039808126484534
"(7, 17, 33)",9.039698314079375
"(14, 20, 23)",9.039686367800124
"(7, 23, 32)",9.037925958562408
"(10, 13, 44)",9.037877251141778
"(13, 16, 26)",9.037518110355123
"(0, 13, 42)",9.037369185690274
"(13, 21, 28)",9.03673857112021
"(22, 32, 48)",9.036279940176021
"(5, 12, 36)",9.035764698405458
"(16, 17, 20)",9.03527774861683
"(10, 25, 34)",9.034394632710214
"(7, 28, 36)",9.033446060626108
"(5, 9, 41)",9.031223315445791
"(18, 35, 45)",9.029897442284536
"(14, 32, 41)",9.028703651320859
"(18, 26, 43)",9.028289072239959
"(3, 25, 41)",9.027926899694314
"(1, 16, 44)",9.027712257312665
"(5, 6, 30)",9.02597262843155
"(5, 23, 41)",9.02523166580669
"(1, 9, 18)",9.02440406083688
"(39, 42)",9.024276904300436
"(9, 34, 45)",9.024211952684682
"(15, 16)",9.023999600103902
"(1, 30, 34)",9.0220633172131
"(19, 36, 41)",9.021010400544926
"(9, 25, 44)",9.020321514150162
"(13, 16, 30)",9.019773301083688
"(15, 36, 46)",9.019416476870491
"(4, 11, 22)",9.018686246308203
"(8, 11, 22)",9.018686246308203
"(11, 22, 38)",9.018686246308203
"(4, 10, 43)",9.018678886021572
"(10, 38, 43)",9.018678886021572
"(10, 43, 47)",9.018678886021572
"(5, 19, 46)",9.01852183712499
"(1, 18, 23)",9.018412411197776
"(10, 13, 14)",9.01825803411684
"(23, 34, 45)",9.018220303045581
"(6, 7, 33)",9.017825585010065
"(15, 17, 41)",9.015993987372207
"(19, 20, 26)",9.015307374134359
"(23, 25, 44)",9.014329864511058
"(19, 21, 43)",9.013976809255364
"(6, 16, 20)",9.01340501954752
"(0, 22, 25)",9.013121122961165
"(7, 10, 42)",9.012344912089127
"(18, 19, 24)",9.01134713400868
"(18, 30, 43)",9.010544262968525
"(1, 19, 39)",9.00914781682153
"(1, 14, 16)",9.00809304028773
"(41, 45, 46)",9.007796262942914
"(7, 12, 22)",9.007356620320676
"(5, 40, 48)",9.007224497099797
"(15, 24, 39)",9.0071984446397
"(1, 7, 11)",9.005941108057428
"(13, 17, 26)",9.00588051590626
"(7, 27, 49)",9.004246536416481
"(0, 7, 41)",9.003524269974216
"(5, 15, 37)",9.002963457909422
"(10, 20, 36)",9.001770996892766
"(9, 14, 25)",9.000702297125224
"(5, 9)",8.999387200540983
"(24, 36, 44)",8.99914170385469
"(22, 32, 43)",8.998785769978676
"(7, 9, 48)",8.99868173299344
"(19, 20, 30)",8.997562564862925
"(16, 22, 34)",8.997039190898013
"(1, 17, 44)",8.996074662863801
"(14, 32)",8.995607704353585
"(14, 23, 25)",8.994710647486121
"(3, 25)",8.994442576913768
"(6, 15, 41)",8.994121258302897
"(13, 32, 40)",8.992750721441833
"(7, 23, 48)",8.992690083354336
"(3, 5, 32)",8.992256024080332
"(2, 5, 45)",8.99217185747388
"(4, 22, 35)",8.991137244891295
"(8, 22, 35)",8.991137244891295
"(22, 35, 38)",8.991137244891295
"(5, 23)",8.99039972608233
"(16, 17, 25)",8.990302028302827
"(20, 40, 42)",8.988598008651834
"(13, 17, 30)",8.988135706634825
"(19, 36)",8.984067828189684
"(6, 13, 26)",8.984007786836948
"(33, 39, 45)",8.982778924189699
"(0, 21, 45)",8.981915712441795
"(18, 34, 40)",8.981775104246006
"(6, 17, 20)",8.981767425098656
"(5, 13, 27)",8.980713969120835
"(12, 15, 20)",8.980465492594806
"(4, 13, 49)",8.980227354180924
"(8, 13, 49)",8.980227354180924
"(13, 38, 49)",8.980227354180924
"(13, 47, 49)",8.980227354180924
"(14, 24, 36)",8.979522486829753
"(1, 7, 35)",8.97839210664052
"(21, 24, 42)",8.97690187529614
"(15, 17)",8.976543208430607
"(7, 21, 37)",8.976542187597804
"(1, 14, 17)",8.976455445838866
"(12, 13, 36)",8.976055047539424
"(18, 28, 45)",8.975658946932693
"(15, 33, 34)",8.974568628634689
"(1, 6, 44)",8.974201933794493
"(21, 26, 34)",8.97403921101599
"(9, 13, 41)",8.971513664579756
"(19, 25, 26)",8.970331653820358
"(2, 20, 25)",8.970064869955761
"(5, 40, 43)",8.969730326902452
"(4, 15, 29)",8.969387759639089
"(8, 15, 29)",8.969387759639089
"(15, 29, 38)",8.969387759639089
"(15, 29, 47)",8.969387759639089
"(6, 16, 25)",8.968429299233517
"(5, 11, 15)",8.966593462900503
"(6, 13, 30)",8.966262977565513
"(41, 43, 44)",8.96559282294038
"(13, 23, 41)",8.965522014940653
"(17, 22, 34)",8.96540159644915
"(5, 18, 29)",8.964566928870381
"(45, 46)",8.964246621786666
"(1, 26, 36)",8.962208770353085
"(16, 19, 45)",8.962126223183011
"(16, 21, 44)",8.961943341844123
"(7, 9, 43)",8.961187562796095
"(5, 24, 26)",8.959364758425751
"(13, 19, 46)",8.958812186258953
"(9, 18, 21)",8.958635145368335
"(0, 7)",8.95783863233362
"(18, 26, 39)",8.957691164337582
"(0, 15, 18)",8.957357370208378
"(44, 48)",8.957182717078883
"(10, 25, 36)",8.956795276578767
"(21, 30, 34)",8.956294401744556
"(7, 23, 43)",8.955195913156992
"(1, 6, 14)",8.954582716769556
"(19, 34, 42)",8.954100797092357
"(22, 43, 48)",8.953549894770605
"(18, 21, 23)",8.952643495729234
"(19, 25, 30)",8.952586844548923
"(20, 32, 46)",8.950018399810812
"(4, 10, 39)",8.948080978119195
"(10, 38, 39)",8.948080978119195
"(10, 39, 47)",8.948080978119195
"(0, 4, 32)",8.94807932972806
"(0, 8, 32)",8.94807932972806
"(0, 32, 38)",8.94807932972806
"(0, 32, 47)",8.94807932972806
"(13, 40, 48)",8.947514846233762
"(3, 5, 48)",8.94702014887226
"(9, 36, 45)",8.946612596553233
"(14, 41, 43)",8.945973605915443
"(1, 30, 36)",8.94446396108165
"(0, 5, 44)",8.944257300308886
"(6, 15)",8.943734114826643
"(25, 40, 42)",8.943622288337833
"(6, 22, 34)",8.94352886737984
"(19, 21, 39)",8.943378901352988
"(13, 15, 37)",8.943253807043387
"(14, 16, 21)",8.942324124819185
"(5, 24, 30)",8.941619949154317
"(2, 7, 18)",8.941192244928846
"(23, 36, 45)",8.940620946914132
"(7, 11, 21)",8.940172192588886
"(5, 15, 35)",8.939044461483595
"(4, 22, 28)",8.936898749539452
"(8, 22, 28)",8.936898749539452
"(22, 28, 38)",8.936898749539452
"(6, 17, 25)",8.936791704784653
"(12, 15, 25)",8.935489772280803
"(7, 24, 33)",8.933472905732833
"(19, 22, 44)",8.933335352794813
"(3, 13, 32)",8.932546373214297
"(2, 13, 45)",8.932462206607845
"(17, 19, 45)",8.930488628734148
"(17, 21, 44)",8.93030574739526
"(16, 20, 24)",8.929052340270287
"(3, 20, 42)",8.928393660424298
"(22, 32, 39)",8.9281878620763
"(18, 33, 42)",8.92792401261272
"(14, 48)",8.927753891541478
"(22, 40, 45)",8.926747282574809
"(1, 5, 12)",8.926472249068029
"(0, 20, 34)",8.926040751325289
"(0, 5, 14)",8.924638083283948
"(26, 32, 45)",8.9239352040243
"(10, 15, 45)",8.923603058286231
"(4, 34, 37)",8.923000149367244
"(8, 34, 37)",8.923000149367244
"(34, 37, 38)",8.923000149367244
"(34, 37, 47)",8.923000149367244
"(3, 18, 34)",8.92157075601847
"(16, 22, 36)",8.919439834766564
"(4, 12, 44)",8.918718733036224
"(8, 12, 44)",8.918718733036224
"(12, 38, 44)",8.918718733036224
"(12, 44, 47)",8.918718733036224
"(14, 19, 22)",8.913716135769876
"(7, 21, 35)",8.912623191171978
"(1, 19, 41)",8.911717951207494
"(14, 17, 21)",8.910686530370322
"(13, 40, 43)",8.910020676036417
"(9, 13)",8.90982272424193
"(15, 24, 41)",8.909768579025664
"(3, 5, 43)",8.909525978674916
"(6, 19, 45)",8.908615899664838
"(6, 21, 44)",8.908433018325947
"(4, 19, 40)",8.908101939137762
"(8, 19, 40)",8.908101939137762
"(19, 38, 40)",8.908101939137762
"(19, 40, 47)",8.908101939137762
"(11, 13, 15)",8.906883812034469
"(30, 32, 45)",8.906190394752866
"(25, 32, 46)",8.905042679496812
"(13, 18, 29)",8.904857278004346
"(20, 46, 48)",8.90478252460274
"(32, 34, 48)",8.904223848226144
"(18, 36, 40)",8.904175748114557
"(15, 16, 42)",8.903122622237053
"(0, 4, 48)",8.902843454519989
"(0, 8, 48)",8.902843454519989
"(0, 38, 48)",8.902843454519989
"(0, 47, 48)",8.902843454519989
"(43, 44)",8.900941461782866
"(13, 23)",8.900835249783277
"(13, 24, 26)",8.899655107559717
"(5, 39, 40)",8.899132419000075
"(4, 12, 14)",8.899099516011287
"(8, 12, 14)",8.899099516011287
"(12, 14, 38)",8.899099516011287
"(12, 14, 47)",8.899099516011287
"(18, 44, 46)",8.89754968073255
"(17, 20, 24)",8.897414745821424
"(15, 33, 36)",8.89696927250324
"(4, 26, 30)",8.896933499620907
"(8, 26, 30)",8.896933499620907
"(26, 30, 38)",8.896933499620907
"(26, 30, 47)",8.896933499620907
"(21, 26, 36)",8.896439854884541
"(5, 19, 33)",8.896074632757738
"(39, 41, 44)",8.894994915038003
"(15, 22, 26)",8.894453047111377
"(1, 10, 20)",8.892478547555339
"(7, 9, 39)",8.890589654893718
"(1, 24, 44)",8.889849254517259
"(6, 14, 21)",8.888813801301012
"(17, 22, 36)",8.8878022403177
"(4, 16, 46)",8.887580353727506
"(8, 16, 46)",8.887580353727506
"(16, 38, 46)",8.887580353727506
"(16, 46, 47)",8.887580353727506
"(3, 13, 48)",8.887310498006226
"(5, 9, 42)",8.886714355861773
"(4, 11, 34)",8.886630154358325
"(8, 11, 34)",8.886630154358325
"(11, 34, 38)",8.886630154358325
"(11, 34, 47)",8.886630154358325
"(33, 41, 45)",8.885349058575663
"(15, 19, 32)",8.885064598806288
"(5, 15, 28)",8.884805966131754
"(7, 23, 39)",8.884598005254615
"(0, 13, 44)",8.884547649442851
"(14, 32, 42)",8.884194691736841
"(16, 24, 25)",8.884076619956284
"(3, 25, 42)",8.883417940110297
"(22, 39, 48)",8.882951986868228
"(13, 24, 30)",8.881910298288282
"(0, 25, 34)",8.881065031011287
"(5, 23, 42)",8.880722706222672
"(5, 10, 22)",8.880022030124282
"(13, 15, 35)",8.87933481061756
"(26, 45, 48)",8.878699328816229
"(21, 30, 36)",8.878695045613107
"(41, 42)",8.878132105879383
"(14, 18, 46)",8.877930463707612
"(15, 22, 30)",8.876708237839942
"(19, 36, 42)",8.876501440960908
"(6, 20, 24)",8.875542016752114
"(14, 39, 41)",8.875375698013066
"(7, 12, 34)",8.875300528370799
"(14, 43)",8.87151263624546
"(15, 17, 42)",8.87148502778819
"(1, 14, 24)",8.870230037492323
"(2, 41, 48)",8.867296004260172
"(20, 43, 46)",8.867288354405396
"(1, 12, 13)",8.866762598201994
"(32, 34, 43)",8.866729678028799
"(3, 22, 45)",8.866542934347272
"(6, 22, 36)",8.86592951124839
"(0, 4, 43)",8.865349284322644
"(0, 8, 43)",8.865349284322644
"(0, 38, 43)",8.865349284322644
"(0, 43, 47)",8.865349284322644
"(0, 13, 14)",8.864928432417914
"(42, 45, 46)",8.863287303358895
"(30, 45, 48)",8.860954519544794
"(5, 12, 21)",8.860703333599485
"(18, 26, 41)",8.860261298723547
"(25, 46, 48)",8.859806804288741
"(7, 10, 44)",8.859523375841704
"(22, 24, 34)",8.859176188102609
"(7, 16, 26)",8.859164235055047
"(4, 34, 35)",8.859081152941418
"(8, 34, 35)",8.859081152941418
"(34, 35, 38)",8.859081152941418
"(34, 35, 47)",8.859081152941418
"(0, 7, 42)",8.859015310390198
"(42, 44, 48)",8.858578033553707
"(7, 21, 28)",8.858384695820135
"(4, 17, 46)",8.855942759278642
"(8, 17, 46)",8.855942759278642
"(17, 38, 46)",8.855942759278642
"(17, 46, 47)",8.855942759278642
"(17, 24, 25)",8.85243902550742
"(4, 10, 41)",8.85065111250516
"(10, 38, 41)",8.85065111250516
"(10, 41, 47)",8.85065111250516
"(3, 13, 43)",8.849816327808881
"(6, 15, 42)",8.849612298718881
"(0, 20, 36)",8.84844139519384
"(3, 4, 19)",8.847897590910225
"(3, 8, 19)",8.847897590910225
"(3, 19, 38)",8.847897590910225
"(3, 19, 47)",8.847897590910225
"(9, 20, 22)",8.847732362580633
"(1, 10, 25)",8.847502827241335
"(14, 30, 49)",8.846591238673748
"(19, 21, 41)",8.845949035738952
"(22, 39, 43)",8.845457816670883
"(4, 36, 37)",8.845400793235793
"(8, 36, 37)",8.845400793235793
"(36, 37, 38)",8.845400793235793
"(36, 37, 47)",8.845400793235793
"(15, 21, 46)",8.844355112064518
"(3, 18, 36)",8.843971399887021
"(18, 30, 41)",8.842516489452112
"(20, 22, 23)",8.84174071294153
"(7, 16, 30)",8.841419425783613
"(26, 43, 45)",8.841205158618884
"(7, 10, 14)",8.839904158816768
"(15, 19, 48)",8.839828723598217
"(13, 39, 40)",8.83942276813404
"(14, 42, 48)",8.83895881652877
"(3, 5, 39)",8.838928070772539
"(1, 9, 45)",8.837320147215804
"(13, 19, 33)",8.836364981891702
"(20, 40, 44)",8.835776472404412
"(4, 6, 46)",8.834070030209332
"(6, 8, 46)",8.834070030209332
"(6, 38, 46)",8.834070030209332
"(6, 46, 47)",8.834070030209332
"(1, 23, 45)",8.8313284975767
"(22, 32, 41)",8.830757996462264
"(6, 24, 25)",8.83056629643811
"(20, 32, 33)",8.827571195443563
"(4, 20, 27)",8.827561749502589
"(8, 20, 27)",8.827561749502589
"(20, 27, 38)",8.827561749502589
"(20, 27, 47)",8.827561749502589
"(7, 17, 26)",8.827526640606184
"(1, 27, 46)",8.827004988019361
"(9, 13, 42)",8.827004704995739
"(10, 20, 21)",8.826709632086793
"(32, 36, 48)",8.826624492094695
"(11, 35, 37)",8.826200637885421
"(13, 15, 28)",8.825096315265718
"(19, 24, 45)",8.824263220387605
"(21, 24, 44)",8.824080339048717
"(30, 43, 45)",8.82346034934745
"(25, 43, 46)",8.822312634091396
"(34, 43, 48)",8.821493802820727
"(42, 43, 44)",8.821083863356362
"(13, 23, 42)",8.821013055356637
"(10, 13, 22)",8.820312379258247
"(1, 19)",8.82012915418354
"(15, 24)",8.817205095910793
"(14, 20, 40)",8.816157255379476
"(1, 27, 33)",8.815886330772454
"(2, 32, 44)",8.815623122022512
"(7, 32, 40)",8.814396846141758
"(1, 16, 22)",8.810147385429135
"(7, 17, 30)",8.80978183133475
"(4, 11, 36)",8.809030798226875
"(8, 11, 36)",8.809030798226875
"(11, 36, 38)",8.809030798226875
"(11, 36, 47)",8.809030798226875
"(6, 7, 26)",8.805653911536876
"(4, 28, 34)",8.804842657589575
"(8, 28, 34)",8.804842657589575
"(28, 34, 38)",8.804842657589575
"(28, 34, 47)",8.804842657589575
"(14, 21, 24)",8.80446112202378
"(0, 25, 36)",8.803465674879838
"(9, 22, 25)",8.80275664226663
"(5, 7, 27)",8.80236009382076
"(15, 19, 43)",8.802334553400872
"(5, 40, 41)",8.80170255338604
"(14, 42, 43)",8.801464646331425
"(19, 34, 44)",8.801279260844934
"(12, 13, 21)",8.80099368273345
"(7, 12, 36)",8.79770117223935
"(22, 23, 25)",8.796764992627528
"(20, 39, 46)",8.796690446503021
"(32, 34, 39)",8.796131770126422
"(39, 44)",8.795044599929302
"(1, 18, 40)",8.794883298777128
"(0, 4, 39)",8.794751376420269
"(0, 8, 39)",8.794751376420269
"(0, 38, 39)",8.794751376420269
"(0, 39, 47)",8.794751376420269
"(34, 40, 45)",8.794691190624931
"(7, 9, 41)",8.793159789279683
"(25, 40, 44)",8.79080075209041
"(32, 36, 43)",8.78913032189735
"(6, 7, 30)",8.787909102265441
"(16, 34, 36)",8.787383742816687
"(7, 23, 41)",8.78716813964058
"(1, 21, 26)",8.787147405547111
"(18, 20, 37)",8.785280756656434
"(25, 32, 33)",8.782595475129561
"(4, 25, 27)",8.782586029188586
"(8, 25, 27)",8.782586029188586
"(25, 27, 38)",8.782586029188586
"(25, 27, 47)",8.782586029188586
"(20, 33, 48)",8.782335320235491
"(10, 21, 25)",8.781733911772792
"(14, 19, 34)",8.781660043819997
"(22, 24, 36)",8.781576831971158
"(4, 35, 36)",8.781481796809967
"(8, 35, 36)",8.781481796809967
"(35, 36, 38)",8.781481796809967
"(35, 36, 47)",8.781481796809967
"(33, 45)",8.78057581523579
"(7, 19, 46)",8.78045831095888
"(3, 13, 39)",8.779218419906504
"(1, 17, 22)",8.778509790980271
"(5, 29, 45)",8.777483015249306
"(3, 20, 44)",8.775572124176875
"(18, 33, 44)",8.775102476365298
"(11, 28, 37)",8.771962142533578
"(9, 21, 45)",8.77155123174726
"(14, 25, 40)",8.771181535065473
"(26, 39, 45)",8.770607250716507
"(0, 15, 45)",8.770273456587303
"(1, 21, 30)",8.769402596275677
"(7, 40, 48)",8.769160970933687
"(1, 19, 42)",8.767208991623477
"(14, 39)",8.765615774391897
"(21, 23, 45)",8.765559582108159
"(15, 24, 42)",8.765259619441647
"(4, 16, 33)",8.765133149360256
"(8, 16, 33)",8.765133149360256
"(16, 33, 38)",8.765133149360256
"(16, 33, 47)",8.765133149360256
"(7, 15, 37)",8.764899931743312
"(15, 26, 34)",8.762396955161499
"(1, 6, 22)",8.756637061910961
"(3, 14, 20)",8.75595290715194
"(17, 34, 36)",8.755746148367823
"(14, 18, 33)",8.755483259340362
"(20, 25, 29)",8.755376027731188
"(3, 7, 32)",8.754192497914222
"(2, 7, 45)",8.754108331307771
"(25, 39, 46)",8.751714726189018
"(34, 39, 48)",8.75089589491835
"(39, 42, 44)",8.750485955453986
"(15, 16, 44)",8.75030108598963
"(4, 24, 46)",8.7497173509321
"(8, 24, 46)",8.7497173509321
"(24, 38, 46)",8.7497173509321
"(24, 46, 47)",8.7497173509321
"(16, 18, 32)",8.749302284640098
"(11, 18, 20)",8.748910761647517
"(22, 41, 43)",8.748027951056848
"(5, 10, 34)",8.747965938174405
"(9, 15, 18)",8.746992889513844
"(20, 33, 43)",8.744841150038146
"(15, 30, 34)",8.744652145890065
"(16, 21, 22)",8.74437846996059
"(36, 43, 48)",8.743894446689279
"(18, 26)",8.74294417545762
"(7, 13, 27)",8.742650442954725
"(13, 40, 41)",8.741992902520005
"(3, 5, 41)",8.741498205158504
"(15, 18, 23)",8.741001239874741
"(33, 42, 45)",8.740840098991645
"(18, 25, 37)",8.740305036342432
"(12, 18, 45)",8.739914058545935
"(0, 1, 20)",8.73914894585641
"(4, 9, 32)",8.737714849033527
"(8, 9, 32)",8.737714849033527
"(9, 32, 38)",8.737714849033527
"(9, 32, 47)",8.737714849033527
"(25, 33, 48)",8.73735959992149
"(1, 4, 37)",8.736108343898364
"(1, 8, 37)",8.736108343898364
"(1, 37, 38)",8.736108343898364
"(1, 37, 47)",8.736108343898364
"(1, 3, 18)",8.734678950549592
"(3, 34, 45)",8.734486842397395
"(5, 9, 44)",8.73389281961435
"(6, 34, 36)",8.733873419298513
"(4, 17, 33)",8.733495554911393
"(8, 17, 33)",8.733495554911393
"(17, 33, 38)",8.733495554911393
"(17, 33, 47)",8.733495554911393
"(15, 19, 39)",8.731736645498495
"(4, 23, 32)",8.731723199394423
"(8, 23, 32)",8.731723199394423
"(23, 32, 38)",8.731723199394423
"(23, 32, 47)",8.731723199394423
"(7, 40, 43)",8.731666800736342
"(14, 39, 42)",8.73086673842905
"(14, 15, 16)",8.730681868964695
"(3, 25, 44)",8.730596403862874
"(18, 21, 40)",8.729114383308584
"(7, 11, 15)",8.728529936734395
"(4, 10)",8.728528896130037
"(10, 38)",8.728528896130037
"(10, 47)",8.728528896130037
"(5, 23, 44)",8.72790116997525
"(4, 28, 36)",8.727243301458126
"(8, 28, 36)",8.727243301458126
"(28, 36, 38)",8.727243301458126
"(28, 36, 47)",8.727243301458126
"(0, 5, 22)",8.726692428425356
"(7, 18, 29)",8.726503402704271
"(19, 36, 44)",8.723679904713485
"(15, 21, 33)",8.721907907697268
"(19, 21)",8.721475780980725
"(18, 20, 35)",8.721361760230607
"(7, 24, 26)",8.721301232259641
"(15, 17, 44)",8.718663491540767
"(32, 36, 39)",8.718532413994973
"(13, 29, 45)",8.717773364383271
"(17, 18, 32)",8.717664690191235
"(1, 32, 48)",8.717332042757265
"(36, 40, 45)",8.717091834493482
"(18, 30)",8.716326961550466
"(18, 26, 42)",8.71575233913953
"(9, 20, 34)",8.715676270630755
"(5, 9, 14)",8.714273602589415
"(34, 39, 43)",8.713401724721006
"(17, 21, 22)",8.712740875511727
"(4, 6, 33)",8.711622825842081
"(6, 8, 33)",8.711622825842081
"(6, 33, 38)",8.711622825842081
"(6, 33, 47)",8.711622825842081
"(3, 14, 25)",8.710977186837937
"(44, 45, 46)",8.710465767111472
"(20, 23, 34)",8.709684620991652
"(3, 7, 48)",8.70895662270615
"(5, 14, 23)",8.708281952950312
"(0, 7, 44)",8.706193774142776
"(4, 10, 42)",8.706142152921142
"(10, 38, 42)",8.706142152921142
"(10, 42, 47)",8.706142152921142
"(16, 18, 48)",8.704066409432027
"(14, 19, 36)",8.70406068768855
"(11, 18, 25)",8.703935041333514
"(5, 16, 17)",8.703873333767017
"(7, 24, 30)",8.703556422988207
"(19, 21, 42)",8.701440076154935
"(4, 12, 22)",8.701153861152694
"(8, 12, 22)",8.701153861152694
"(12, 22, 38)",8.701153861152694
"(7, 15, 35)",8.700980935317485
"(25, 33, 43)",8.699865429724145
"(1, 4, 11)",8.699738348889445
"(1, 8, 11)",8.699738348889445
"(1, 11, 38)",8.699738348889445
"(1, 11, 47)",8.699738348889445
"(20, 41, 46)",8.699260580888986
"(14, 15, 17)",8.699044274515831
"(32, 34, 41)",8.698701904512387
"(22, 32)",8.698689222065694
"(18, 30, 42)",8.698007529868097
"(0, 4, 41)",8.697321510806233
"(0, 8, 41)",8.697321510806233
"(0, 38, 41)",8.697321510806233
"(0, 41, 47)",8.697321510806233
"(6, 15, 44)",8.696790762471458
"(6, 18, 32)",8.695791961121925
"(0, 1, 25)",8.694173225542407
"(4, 9, 48)",8.692478973825455
"(8, 9, 48)",8.692478973825455
"(9, 38, 48)",8.692478973825455
"(9, 47, 48)",8.692478973825455
"(6, 21, 22)",8.690868146442417
"(14, 45, 46)",8.690846550086537
"(1, 7, 12)",8.688408722901919
"(10, 13, 34)",8.68825628730837
"(0, 7, 14)",8.68657455711784
"(4, 23, 48)",8.686487324186352
"(8, 23, 48)",8.686487324186352
"(23, 38, 48)",8.686487324186352
"(23, 47, 48)",8.686487324186352
"(22, 32, 42)",8.686249036878248
"(14, 44, 48)",8.686137280281347
"(15, 26, 36)",8.68479759903005
"(5, 19, 26)",8.683902959284548
"(2, 5, 20)",8.683636175419952
"(5, 6, 16)",8.682000604697707
"(3, 13, 41)",8.681788554292469
"(18, 22, 46)",8.679984808849017
"(1, 32, 43)",8.67983787255992
"(1, 16, 34)",8.678091293479257
"(22, 39, 41)",8.677430043154473
"(30, 39, 49)",8.677378548002222
"(6, 14, 15)",8.677171545446521
"(18, 25, 35)",8.676386039916606
"(20, 33, 39)",8.67424324213577
"(9, 13, 44)",8.674183168748316
"(0, 20, 21)",8.673380030387866
"(36, 39, 48)",8.673296538786902
"(26, 41, 45)",8.673177385102472
"(17, 18, 48)",8.672428814983164
"(1, 22, 24)",8.672284382633729
"(1, 4, 35)",8.672189347472537
"(1, 8, 35)",8.672189347472537
"(1, 35, 38)",8.672189347472537
"(1, 35, 47)",8.672189347472537
"(3, 7, 43)",8.671462452508806
"(9, 25, 34)",8.670700550316752
"(5, 10, 36)",8.670366582042956
"(4, 21, 37)",8.67033942842982
"(8, 21, 37)",8.67033942842982
"(21, 37, 38)",8.67033942842982
"(21, 37, 47)",8.67033942842982
"(3, 18, 21)",8.668910035081048
"(13, 23, 44)",8.668191519109214
"(18, 20, 28)",8.667123264878766
"(15, 30, 36)",8.667052789758616
"(0, 13, 22)",8.66698277755932
"(16, 18, 43)",8.666572239234682
"(5, 19, 30)",8.666158150013114
"(23, 25, 34)",8.66470890067765
"(2, 8, 10)",8.663873092611487
"(42,)",8.661368666503357
"(7, 39, 40)",8.661068892833967
"(7, 19, 33)",8.658011106591628
"(5, 40, 42)",8.657193593802024
"(3, 36, 45)",8.656887486265946
"(30, 41, 45)",8.655432575831037
"(5, 40)",8.655106057451357
"(4, 9, 43)",8.65498480362811
"(8, 9, 43)",8.65498480362811
"(9, 38, 43)",8.65498480362811
"(9, 43, 47)",8.65498480362811
"(9, 13, 14)",8.654563951723379
"(25, 41, 46)",8.654284860574982
"(16, 19, 20)",8.653590541129082
"(41, 42, 44)",8.65305608983995
"(29, 41, 48)",8.652607162035599
"(21, 32, 48)",8.651563127288721
"(6, 18, 48)",8.650556085913854
"(5, 6, 17)",8.650363010248844
"(24, 34, 36)",8.64952074002128
"(5, 12, 15)",8.649061077744994
"(4, 23, 43)",8.648993153989007
"(8, 23, 43)",8.648993153989007
"(23, 38, 43)",8.648993153989007
"(23, 43, 47)",8.648993153989007
"(41, 44)",8.648899801508248
"(7, 9, 42)",8.648650829695665
"(14, 43, 44)",8.648643110084002
"(13, 14, 23)",8.648572302084277
"(7, 15, 28)",8.646742439965644
"(1, 17, 34)",8.646453699030394
"(13, 16, 17)",8.644163682900981
"(7, 23, 42)",8.642659180056562
"(7, 9)",8.642291911291819
"(7, 10, 22)",8.641958503958174
"(22, 42, 48)",8.641013161670177
"(2, 5, 25)",8.63866045510595
"(9, 20, 36)",8.638076914499305
"(36, 39, 43)",8.635802368589557
"(2, 4, 18)",8.634989485760862
"(2, 8, 18)",8.634989485760862
"(2, 18, 38)",8.634989485760862
"(2, 18, 47)",8.634989485760862
"(17, 18, 43)",8.634934644785819
"(1, 43, 48)",8.634601997351849
"(15, 19, 41)",8.63430677988446
"(4, 11, 21)",8.633969433420901
"(8, 11, 21)",8.633969433420901
"(11, 21, 38)",8.633969433420901
"(11, 21, 47)",8.633969433420901
"(14, 41, 42)",8.633436872815015
"(7, 23)",8.633304436833166
"(20, 23, 36)",8.632085264860203
"(22, 48)",8.630835409253587
"(25, 33, 39)",8.629267521821768
"(0, 21, 25)",8.628404310073865
"(4, 24, 33)",8.62727014656485
"(8, 24, 33)",8.62727014656485
"(24, 33, 38)",8.62727014656485
"(24, 33, 47)",8.62727014656485
"(1, 6, 34)",8.624580969961084
"(13, 19, 26)",8.624193308418512
"(2, 13, 20)",8.623926524553916
"(7, 12, 21)",8.622639807433377
"(6, 13, 16)",8.622290953831673
"(18, 25, 28)",8.622147544564765
"(17, 19, 20)",8.621952946680219
"(32, 36, 41)",8.621102548380938
"(14, 41)",8.619470975970843
"(5, 32, 46)",8.618613984961002
"(20, 22, 40)",8.618211600520882
"(34, 41, 43)",8.61597185910697
"(20, 26, 32)",8.615399521970371
"(10, 15, 20)",8.615067376232304
"(1, 19, 44)",8.614387455376054
"(21, 32, 43)",8.614068957091376
"(6, 18, 43)",8.613061915716509
"(15, 24, 44)",8.612438083194224
"(16, 21, 34)",8.612322378010713
"(18, 24, 32)",8.611439281844692
"(10, 13, 36)",8.61065693117692
"(1, 32, 39)",8.609239964657544
"(16, 19, 25)",8.608614820815081
"(1, 40, 45)",8.607799385156053
"(21, 22, 24)",8.606515467165185
"(13, 19, 30)",8.606448499147078
"(4, 21, 35)",8.606420432003993
"(8, 21, 35)",8.606420432003993
"(21, 35, 38)",8.606420432003993
"(21, 35, 47)",8.606420432003993
"(22, 42, 43)",8.603518991472832
"(22, 47, 49)",8.602467578748582
"(29, 32, 44)",8.60093427979794
"(3, 7, 39)",8.60086454460643
"(1, 16, 36)",8.600491937347808
"(6, 19, 20)",8.600080217610909
"(20, 37, 45)",8.598196843035359
"(20, 30, 32)",8.597654712698937
"(5, 16, 24)",8.597647925420475
"(13, 40, 42)",8.597483942935987
"(3, 5, 42)",8.596989245574488
"(16, 18, 39)",8.595974331332306
"(1, 14, 19)",8.594768238351119
"(0, 5, 34)",8.594636336475478
"(9, 25, 36)",8.593101194185305
"(14, 15, 24)",8.592818866169289
"(6, 13, 17)",8.59065335938281
"(12, 13, 15)",8.58935142687896
"(33, 44, 45)",8.588018562744223
"(23, 25, 36)",8.587109544546202
"(4, 9, 39)",8.584386895725734
"(8, 9, 39)",8.584386895725734
"(9, 38, 39)",8.584386895725734
"(9, 39, 47)",8.584386895725734
"(19, 22, 34)",8.583714388961404
"(17, 21, 34)",8.58068478356185
"(2, 13, 25)",8.578950804239915
"(31, 36, 37)",8.578623309778402
"(4, 23, 39)",8.578395246086632
"(8, 23, 39)",8.578395246086632
"(23, 38, 39)",8.578395246086632
"(23, 39, 47)",8.578395246086632
"(14, 39, 44)",8.578045202181627
"(17, 19, 25)",8.576977226366218
"(20, 33, 41)",8.576813376521734
"(1, 15, 26)",8.57550514969262
"(22, 43)",8.57459415395757
"(5, 46, 48)",8.57337810975293
"(22, 25, 40)",8.57323588020688
"(25, 26, 32)",8.570423801656371
"(20, 26, 48)",8.5701636467623
"(10, 15, 25)",8.5700916559183
"(4, 12, 34)",8.569097769202816
"(8, 12, 34)",8.569097769202816
"(12, 34, 38)",8.569097769202816
"(12, 34, 47)",8.569097769202816
"(1, 17, 36)",8.568854342898945
"(21, 43, 48)",8.568833081883305
"(14, 33, 45)",8.568399345719287
"(18, 24, 48)",8.566203406636621
"(5, 17, 24)",8.566010330971611
"(13, 40)",8.565541581152305
"(3, 5)",8.564799535110053
"(17, 18, 39)",8.564336736883442
"(1, 39, 48)",8.564004089449472
"(7, 40, 41)",8.563639027219931
"(18, 26, 44)",8.562930802892108
"(16, 32, 45)",8.562218371019023
"(11, 20, 45)",8.56182684802644
"(1, 5, 10)",8.561074132705526
"(9, 15, 45)",8.55990897589277
"(13, 32, 46)",8.558904334094967
"(6, 21, 34)",8.55881205449254
"(3, 20, 22)",8.558007252293345
"(1, 15, 30)",8.557760340421186
"(18, 22, 33)",8.557537604481768
"(6, 19, 25)",8.555104497296908
"(20, 42, 46)",8.554751621304968
"(32, 34, 42)",8.55419294492837
"(15, 23, 45)",8.553917326253666
"(4, 10, 44)",8.55332061667372
"(10, 38, 44)",8.55332061667372
"(10, 44, 47)",8.55332061667372
"(25, 37, 45)",8.553221122721357
"(4, 16, 26)",8.552961475887065
"(8, 16, 26)",8.552961475887065
"(16, 26, 38)",8.552961475887065
"(16, 26, 47)",8.552961475887065
"(0, 4, 42)",8.552812551222216
"(0, 8, 42)",8.552812551222216
"(0, 38, 42)",8.552812551222216
"(0, 42, 47)",8.552812551222216
"(25, 30, 32)",8.552678992384937
"(20, 30, 48)",8.552418837490865
"(4, 21, 28)",8.552181936652152
"(8, 21, 28)",8.552181936652152
"(21, 28, 38)",8.552181936652152
"(21, 28, 47)",8.552181936652152
"(19, 21, 44)",8.548618539907512
"(18, 34, 46)",8.54792871689914
"(1, 3, 45)",8.547595036928517
"(1, 6, 36)",8.546981613829635
"(34, 39, 41)",8.545373951204594
"(18, 30, 44)",8.545185993620674
"(5, 6, 24)",8.544137601902301
"(21, 32, 39)",8.543471049189
"(14, 18, 26)",8.54331158586717
"(6, 18, 39)",8.542464007814132
"(11, 31, 36)",8.542253314769484
"(21, 40, 45)",8.542030469687509
"(1, 24, 34)",8.540228290683851
"(7, 29, 45)",8.539419489083198
"(36, 41, 43)",8.538372502975522
"(13, 16, 24)",8.53793827455444
"(3, 13, 42)",8.537279594708451
"(11, 12, 37)",8.53621725414682
"(5, 43, 46)",8.535883939555585
"(4, 16, 30)",8.53521666661563
"(8, 16, 30)",8.53521666661563
"(16, 30, 38)",8.53521666661563
"(16, 30, 47)",8.53521666661563
"(0, 13, 34)",8.534926685609442
"(16, 21, 36)",8.534723021879264
"(20, 35, 45)",8.534277846609532
"(4, 10, 14)",8.533701399648784
"(10, 14, 38)",8.533701399648784
"(10, 14, 47)",8.533701399648784
"(22, 39, 42)",8.532921083570455
"(15, 16, 22)",8.5327362141061
"(20, 26, 43)",8.532669476564955
"(25, 33, 41)",8.531837656207733
"(17, 32, 45)",8.53058077657016
"(14, 19, 21)",8.528999322882576
"(1, 9, 20)",8.528784465161877
"(18, 24, 43)",8.528709236439276
"(26, 42, 45)",8.528668425518456
"(1, 39, 43)",8.526509919252128
"(25, 26, 48)",8.5251879264483
"(1, 20, 23)",8.522792815522774
"(4, 17, 26)",8.521323881438201
"(8, 17, 26)",8.521323881438201
"(17, 26, 38)",8.521323881438201
"(17, 26, 47)",8.521323881438201
"(15, 18, 40)",8.517472127454093
"(0, 5, 36)",8.517036980344027
"(16, 45, 48)",8.516982495810952
"(11, 25, 45)",8.516851127712439
"(5, 9, 22)",8.51632794773082
"(19, 20, 24)",8.515727538333676
"(20, 30, 43)",8.51492466729352
"(31, 35, 36)",8.514704313352576
"(14, 22, 32)",8.513808283605888
"(13, 46, 48)",8.513668458886894
"(3, 22, 25)",8.513031531979342
"(1, 32, 41)",8.511810099043508
"(30, 42, 45)",8.510923616247021
"(5, 22, 23)",8.510336298091719
"(7, 10, 34)",8.509902412008294
"(25, 42, 46)",8.509775900990967
"(15, 21, 26)",8.509736234224077
"(34, 42, 48)",8.5089570697203
"(6, 32, 45)",8.50870804750085
"(4, 32, 40)",8.508194086973775
"(8, 32, 40)",8.508194086973775
"(32, 38, 40)",8.508194086973775
"(32, 40, 47)",8.508194086973775
"(25, 30, 48)",8.507443117176866
"(13, 17, 24)",8.506300680105577
"(19, 22, 36)",8.506115032829955
"(5, 40, 44)",8.504372057554601
"(4, 17, 30)",8.503579072166767
"(8, 17, 30)",8.503579072166767
"(17, 30, 38)",8.503579072166767
"(17, 30, 47)",8.503579072166767
"(3, 7, 41)",8.503434678992395
"(17, 21, 36)",8.5030854274304
"(20, 46)",8.501443098705774
"(1, 10, 13)",8.501364481839492
"(15, 17, 22)",8.501098619657236
"(32, 34)",8.500605084140876
"(4, 6, 26)",8.499451152368891
"(6, 8, 26)",8.499451152368891
"(6, 26, 38)",8.499451152368891
"(6, 26, 47)",8.499451152368891
"(16, 18, 41)",8.49854446571827
"(0, 4)",8.498534493581646
"(0, 8)",8.498534493581646
"(0, 38)",8.498534493581646
"(0, 47)",8.498534493581646
"(21, 39, 48)",8.498235173980929
"(5, 32, 33)",8.49616678059375
"(4, 5, 27)",8.496157334652777
"(5, 8, 27)",8.496157334652777
"(5, 27, 38)",8.496157334652777
"(5, 27, 47)",8.496157334652777
"(7, 9, 44)",8.495829293448242
"(4, 8, 49)",8.495670719712866
"(4, 38, 49)",8.495670719712866
"(4, 47, 49)",8.495670719712866
"(8, 38, 49)",8.495670719712866
"(8, 47, 49)",8.495670719712866
"(38, 47, 49)",8.495670719712866
"(5, 10, 21)",8.495305217236982
"(22, 45, 46)",8.492900895227944
"(15, 21, 30)",8.491991424952642
"(4, 12, 36)",8.491498413071366
"(8, 12, 36)",8.491498413071366
"(12, 36, 38)",8.491498413071366
"(12, 36, 47)",8.491498413071366
"(7, 23, 44)",8.489837643809139
"(15, 19, 42)",8.489797820300442
"(25, 35, 45)",8.48930212629553
"(0, 7, 22)",8.488628902259245
"(22, 44, 48)",8.488191625422754
"(25, 26, 43)",8.487693756250955
"(4, 9, 41)",8.486957030111698
"(8, 9, 41)",8.486957030111698
"(9, 38, 41)",8.486957030111698
"(9, 41, 47)",8.486957030111698
"(20, 34, 40)",8.486155508571002
"(17, 45, 48)",8.485344901362089
"(5, 14, 40)",8.484752840529664
"(6, 13, 24)",8.484427951036267
"(1, 9, 25)",8.483808744847874
"(3, 21, 45)",8.481826121459973
"(4, 6, 30)",8.481706343097457
"(6, 8, 30)",8.481706343097457
"(6, 30, 38)",8.481706343097457
"(6, 30, 47)",8.481706343097457
"(6, 21, 36)",8.481212698361091
"(4, 23, 41)",8.480965380472597
"(8, 23, 41)",8.480965380472597
"(23, 38, 41)",8.480965380472597
"(23, 41, 47)",8.480965380472597
"(14, 41, 44)",8.480615336567592
"(20, 28, 45)",8.480039351257691
"(16, 43, 45)",8.479488325613607
"(6, 15, 22)",8.479225890587927
"(1, 23, 25)",8.47781709520877
"(32, 36, 42)",8.47659358879692
"(7, 9, 14)",8.476210076423307
"(13, 43, 46)",8.47617428868955
"(3, 13)",8.475235058811
"(21, 24, 34)",8.474459375215307
"(4, 19, 46)",8.474255551790897
"(8, 19, 46)",8.474255551790897
"(19, 38, 46)",8.474255551790897
"(19, 46, 47)",8.474255551790897
"(34, 42, 43)",8.471462899522955
"(19, 24, 25)",8.470751818019675
"(18, 36, 46)",8.47032936076769
"(7, 14, 23)",8.470218426784204
"(25, 30, 43)",8.469948946979521
"(5, 20, 29)",8.468947333195379
"(22, 39)",8.468697292104006
"(14, 22, 48)",8.468572408397817
"(36, 39, 41)",8.467774595073145
"(17, 18, 41)",8.466906871269407
"(7, 16, 17)",8.465809807600909
"(5, 39, 46)",8.465286031653209
"(6, 45, 48)",8.463472172292779
"(9, 20, 21)",8.463015549693331
"(4, 40, 48)",8.462958211765704
"(8, 40, 48)",8.462958211765704
"(38, 40, 48)",8.462958211765704
"(40, 47, 48)",8.462958211765704
"(1, 24, 36)",8.462628934552402
"(26, 45)",8.462318305026006
"(20, 26, 39)",8.46207156866258
"(0, 15, 20)",8.461737774533376
"(21, 39, 43)",8.460741003783584
"(28, 31, 36)",8.460465818000733
"(4, 15, 37)",8.458697172575329
"(8, 15, 37)",8.458697172575329
"(15, 37, 38)",8.458697172575329
"(15, 37, 47)",8.458697172575329
"(18, 24, 39)",8.458111328536901
"(0, 13, 36)",8.457327329477993
"(3, 15, 18)",8.457267779226557
"(20, 21, 23)",8.45702390005423
"(9, 13, 22)",8.456618296864786
"(5, 18, 37)",8.453876341806623
"(5, 33, 48)",8.450930905385679
"(22, 43, 44)",8.45069745522541
"(13, 22, 23)",8.450626647225683
"(8, 10, 29)",8.449184250386914
"(3, 4, 32)",8.447989738746239
"(3, 8, 32)",8.447989738746239
"(3, 32, 38)",8.447989738746239
"(3, 32, 47)",8.447989738746239
"(2, 4, 45)",8.447905572139787
"(2, 8, 45)",8.447905572139787
"(2, 38, 45)",8.447905572139787
"(2, 45, 47)",8.447905572139787
"(17, 43, 45)",8.447850731164744
"(21, 32, 41)",8.446041183574964
"(7, 19, 26)",8.445839433118438
"(2, 7, 20)",8.445572649253842
"(6, 18, 41)",8.445034142200097
"(13, 40, 44)",8.444662406688565
"(3, 5, 44)",8.444167709327065
"(6, 7, 16)",8.443937078531597
"(25, 34, 40)",8.441179788257001
"(15, 32, 48)",8.43992087143423
"(13, 32, 33)",8.436457129727716
"(4, 13, 27)",8.436447683786742
"(8, 13, 27)",8.436447683786742
"(13, 27, 38)",8.436447683786742
"(13, 27, 47)",8.436447683786742
"(30, 45)",8.435701091118853
"(10, 13, 21)",8.435595566370946
"(22, 41, 42)",8.43549121795642
"(25, 28, 45)",8.43506363094369
"(25, 46)",8.433979518234771
"(34, 48)",8.432751271328769
"(20, 33, 42)",8.432304416937718
"(7, 10, 36)",8.432303055876847
"(42, 44)",8.432136362132223
"(12, 18, 20)",8.431378376492008
"(36, 42, 48)",8.431357713588849
"(14, 22, 43)",8.431078238200472
"(1, 41, 43)",8.429080053638092
"(7, 19, 30)",8.428094623847004
"(6, 43, 45)",8.425978002095434
"(3, 20, 34)",8.425951160343466
"(18, 33, 34)",8.42548151253189
"(4, 40, 43)",8.42546404156836
"(8, 40, 43)",8.42546404156836
"(38, 40, 43)",8.42546404156836
"(40, 43, 47)",8.42546404156836
"(1, 16, 21)",8.425430572541835
"(13, 14, 40)",8.42504318966363
"(3, 5, 14)",8.424548492302128
"(24, 32, 45)",8.424355368223617
"(5, 25, 29)",8.423971612881376
"(4, 11, 15)",8.42232717756641
"(8, 11, 15)",8.42232717756641
"(11, 15, 38)",8.42232717756641
"(11, 15, 47)",8.42232717756641
"(4, 18, 29)",8.420300643536288
"(8, 18, 29)",8.420300643536288
"(18, 29, 38)",8.420300643536288
"(18, 29, 47)",8.420300643536288
"(7, 40, 42)",8.419130067635914
"(9, 21, 25)",8.41803982937933
"(5, 11, 18)",8.417506346797705
"(25, 26, 39)",8.417095848348579
"(0, 15, 25)",8.416762054219372
"(4, 24, 26)",8.415098473091659
"(8, 24, 26)",8.415098473091659
"(24, 26, 38)",8.415098473091659
"(24, 26, 47)",8.415098473091659
"(5, 33, 43)",8.413436735188334
"(6, 7, 17)",8.412299484082734
"(21, 23, 25)",8.412048179740228
"(7, 12, 15)",8.410997551578886
"(13, 20, 29)",8.409237682329342
"(16, 39, 45)",8.40889041771123
"(20, 36, 40)",8.408556152439555
"(1, 2, 28)",8.408443328648788
"(0, 1, 5)",8.407744531006598
"(13, 39, 46)",8.405576380787174
"(15, 19)",8.404012397198988
"(3, 4, 48)",8.402753863538168
"(3, 8, 48)",8.402753863538168
"(3, 38, 48)",8.402753863538168
"(3, 47, 48)",8.402753863538168
"(14, 42)",8.402707536594818
"(15, 32, 43)",8.402426701236886
"(20, 44, 46)",8.401930085057545
"(34, 39, 42)",8.400864991620576
"(15, 16, 34)",8.400680122156222
"(2, 7, 25)",8.40059692893984
"(0, 4, 44)",8.399991014974793
"(0, 8, 44)",8.399991014974793
"(0, 38, 44)",8.399991014974793
"(0, 44, 47)",8.399991014974793
"(4, 24, 30)",8.397353663820224
"(8, 24, 30)",8.397353663820224
"(24, 30, 38)",8.397353663820224
"(24, 30, 47)",8.397353663820224
"(21, 24, 36)",8.396860019083858
"(1, 19, 22)",8.396822583492524
"(15, 22, 24)",8.394873211310694
"(4, 15, 35)",8.394778176149503
"(8, 15, 35)",8.394778176149503
"(15, 35, 38)",8.394778176149503
"(15, 35, 47)",8.394778176149503
"(13, 18, 37)",8.394166690940587
"(36, 42, 43)",8.393863543391504
"(1, 17, 21)",8.393792978092971
"(13, 33, 48)",8.391221254519644
"(5, 18, 35)",8.389957345380797
"(25, 33, 42)",8.387328696623715
"(12, 18, 25)",8.386402656178005
"(3, 13, 44)",8.384458058461028
"(5, 9, 34)",8.384271855780943
"(32, 36)",8.384206049943703
"(14, 20, 46)",8.382310868032608
"(1, 4, 12)",8.382205963733936
"(1, 8, 12)",8.382205963733936
"(1, 12, 38)",8.382205963733936
"(1, 12, 47)",8.382205963733936
"(14, 32, 34)",8.38175219165601
"(3, 25, 34)",8.380975440029466
"(7, 32, 46)",8.380550458794891
"(0, 4, 14)",8.380371797949856
"(0, 8, 14)",8.380371797949856
"(0, 14, 38)",8.380371797949856
"(0, 14, 47)",8.380371797949856
"(22, 39, 44)",8.380099547323033
"(24, 45, 48)",8.379119493015548
"(5, 23, 34)",8.378280206141842
"(17, 39, 45)",8.377252823262367
"(34, 43)",8.376510016032753
"(26, 44, 45)",8.375846889271033
"(10, 18, 45)",8.37451594218343
"(19, 34, 36)",8.374058940880076
"(1, 6, 21)",8.371920249023661
"(22, 33, 45)",8.370453690860693
"(15, 17, 34)",8.369042527707359
"(5, 41, 46)",8.367856166039173
"(1, 32, 42)",8.367301139459492
"(3, 4, 43)",8.365259693340823
"(3, 8, 43)",8.365259693340823
"(3, 38, 43)",8.365259693340823
"(3, 43, 47)",8.365259693340823
"(3, 13, 14)",8.364838841436093
"(20, 26, 41)",8.364641703048544
"(13, 25, 29)",8.364261962015341
"(25, 36, 40)",8.363580432125552
"(21, 41, 43)",8.363311138169548
"(34, 45, 46)",8.360844803278065
"(18, 24, 41)",8.360681462922866
"(14, 22, 39)",8.360480330298095
"(7, 16, 24)",8.359584399254366
"(3, 7, 42)",8.358925719408377
"(1, 39, 41)",8.358482145735715
"(30, 44, 45)",8.358102079999599
"(11, 13, 18)",8.357796695931668
"(15, 43, 48)",8.357190826028814
"(25, 44, 46)",8.356954364743544
"(0, 7, 34)",8.356572810309368
"(14, 26, 45)",8.356227672246096
"(34, 44, 48)",8.356135533472877
"(6, 39, 45)",8.355380094193057
"(4, 39, 40)",8.354866133665983
"(8, 39, 40)",8.354866133665983
"(38, 39, 40)",8.354866133665983
"(39, 40, 47)",8.354866133665983
"(16, 18, 42)",8.354035506134252
"(13, 33, 43)",8.3537270843223
"(4, 19, 33)",8.351808347423646
"(8, 19, 33)",8.351808347423646
"(19, 33, 38)",8.351808347423646
"(19, 33, 47)",8.351808347423646
"(3, 20, 36)",8.348351804212019
"(0, 1, 13)",8.348034880140563
"(18, 33, 36)",8.347882156400441
"(6, 15, 34)",8.347169798638049
"(20, 30, 41)",8.34689689377711
"(18, 22, 26)",8.345365931008576
"(5, 33, 39)",8.34283882728596
"(4, 9, 42)",8.34244807052768
"(8, 9, 42)",8.34244807052768
"(9, 38, 42)",8.34244807052768
"(9, 42, 47)",8.34244807052768
"(0, 5, 21)",8.341975615538054
"(24, 43, 45)",8.341625322818201
"(4, 15, 28)",8.340539680797662
"(8, 15, 28)",8.340539680797662
"(15, 28, 38)",8.340539680797662
"(15, 28, 47)",8.340539680797662
"(14, 25, 46)",8.337335147718607
"(15, 19, 44)",8.33697628405302
"(14, 34, 48)",8.33651631644794
"(4, 23, 42)",8.33645642088858
"(8, 23, 42)",8.33645642088858
"(23, 38, 42)",8.33645642088858
"(23, 42, 47)",8.33645642088858
"(14, 42, 44)",8.336106376983574
"(18, 19, 32)",8.33597748270349
"(4, 10, 22)",8.33575574479019
"(10, 22, 38)",8.33575574479019
"(5, 18, 28)",8.335718850028954
"(7, 46, 48)",8.335314583586822
"(15, 32, 39)",8.331828793334509
"(19, 21, 22)",8.331053668023982
"(15, 40, 45)",8.330388213833018
"(13, 18, 35)",8.33024769451476
"(7, 17, 24)",8.327946804805503
"(18, 22, 30)",8.327621121737142
"(9, 13, 34)",8.324562204914908
"(36, 39, 42)",8.323265635489129
"(15, 16, 36)",8.323080766024773
"(1, 7, 10)",8.323010606539416
"(22, 41)",8.322552493682952
"(17, 18, 42)",8.322397911685389
"(5, 16, 19)",8.32218612627927
"(1, 42, 48)",8.32206526425142
"(25, 26, 41)",8.319665982734543
"(34, 43, 44)",8.318641363275532
"(13, 23, 34)",8.318570555275805
"(20, 33)",8.317772292154899
"(14, 15, 19)",8.317357067028084
"(4, 12, 21)",8.316437048265392
"(8, 12, 21)",8.316437048265392
"(12, 21, 38)",8.316437048265392
"(12, 21, 47)",8.316437048265392
"(36, 48)",8.316352237131596
"(2, 7, 49)",8.316054676999752
"(16, 41, 45)",8.311460552097195
"(13, 41, 46)",8.308146515173139
"(5, 9, 36)",8.306672499649494
"(6, 7, 24)",8.306074075736193
"(14, 32, 36)",8.304152835524562
"(34, 41, 42)",8.30343512600654
"(3, 25, 36)",8.303376083898016
"(14, 27, 30)",8.302811568279564
"(25, 30, 41)",8.301921173463109
"(21, 32, 42)",8.301532223990947
"(5, 23, 36)",8.30068085001039
"(6, 18, 42)",8.30052518261608
"(1, 20, 40)",8.299263703102124
"(14, 34, 43)",8.299022146250595
"(7, 40)",8.298010768202193
"(7, 43, 46)",8.297820413389475
"(18, 21, 46)",8.295267995961717
"(3, 4, 39)",8.294661785438446
"(3, 8, 39)",8.294661785438446
"(3, 38, 39)",8.294661785438446
"(3, 39, 47)",8.294661785438446
"(21, 39, 41)",8.292713230267172
"(2, 5, 13)",8.292522109704105
"(15, 17, 36)",8.29144317157591
"(18, 19, 48)",8.290741607495418
"(5, 17, 19)",8.290548531830407
"(1, 21, 24)",8.287567569746429
"(5, 22, 40)",8.28680718567107
"(15, 39, 48)",8.286592918126438
"(1, 42, 43)",8.284571094054074
"(5, 26, 32)",8.28399510712056
"(5, 10, 15)",8.283662961382491
"(36, 45, 46)",8.283245447146616
"(13, 33, 39)",8.283129176419923
"(22, 41, 44)",8.282669681708997
"(0, 13, 21)",8.28226596467202
"(17, 41, 45)",8.279822957648332
"(20, 33, 44)",8.279482880690296
"(0, 7, 36)",8.278973454177919
"(36, 44, 48)",8.278536177341426
"(7, 9, 22)",8.278264421564712
"(13, 18, 28)",8.27600919916292
"(7, 22, 23)",8.272272771925609
"(24, 39, 45)",8.271027414915826
"(34, 39)",8.270613154179188
"(3, 15, 45)",8.270183865605482
"(6, 15, 36)",8.2695704425066
"(5, 6, 19)",8.268675802761098
"(5, 37, 45)",8.266792428185548
"(7, 40, 44)",8.266308531388491
"(5, 30, 32)",8.266250297849126
"(1, 19, 34)",8.264766491542646
"(14, 22, 41)",8.26305046468406
"(15, 24, 34)",8.262817119360816
"(13, 16, 19)",8.262476475413235
"(36, 43)",8.26011098183558
"(14, 20, 33)",8.259863663665358
"(14, 36, 48)",8.25891696031649
"(7, 32, 33)",8.258103254427642
"(4, 7, 27)",8.258093808486667
"(7, 8, 27)",8.258093808486667
"(7, 27, 38)",8.258093808486667
"(7, 27, 47)",8.258093808486667
"(6, 41, 45)",8.257950228579022
"(4, 40, 41)",8.257436268051947
"(8, 40, 41)",8.257436268051947
"(38, 40, 41)",8.257436268051947
"(40, 41, 47)",8.257436268051947
"(7, 10, 21)",8.257241691070874
"(21, 42, 48)",8.256296348782875
"(1, 25, 40)",8.254287982788123
"(16, 20, 32)",8.253682688965096
"(18, 19, 43)",8.253247437298073
"(9, 15, 20)",8.251373293838842
"(25, 33)",8.250308711683896
"(15, 39, 43)",8.249098747929093
"(34, 39, 44)",8.248043455373153
"(9, 13, 36)",8.246962848783458
"(7, 14, 40)",8.246689314363554
"(5, 33, 41)",8.245408961671924
"(15, 20, 23)",8.245381644199739
"(20, 25, 37)",8.244685440667428
"(12, 20, 45)",8.244294462870931
"(36, 43, 44)",8.241042007144081
"(13, 23, 36)",8.240971199144356
"(1, 3, 20)",8.23905935487459
"(5, 26, 48)",8.23875923191249
"(33, 34, 45)",8.238397598910815
"(25, 33, 44)",8.234507160376292
"(15, 32, 41)",8.234398927720473
"(20, 21, 40)",8.233494787633582
"(4, 29, 45)",8.233216729915213
"(8, 29, 45)",8.233216729915213
"(29, 38, 45)",8.233216729915213
"(29, 45, 47)",8.233216729915213
"(7, 20, 29)",8.230883807029269
"(13, 17, 19)",8.230838880964372
"(5, 11, 45)",8.23042243317663
"(14, 34, 39)",8.228424238348218
"(7, 39, 46)",8.227222505487099
"(13, 22, 40)",8.227097534805035
"(3, 5, 22)",8.226602837443533
"(36, 41, 42)",8.225835769875093
"(12, 31, 36)",8.224720929613975
"(13, 26, 32)",8.224285456254524
"(10, 13, 15)",8.223953310516455
"(5, 42, 46)",8.223347206455156
"(17, 20, 32)",8.222045094516233
"(14, 36, 43)",8.221422790119146
"(0, 18, 45)",8.221186340484504
"(5, 30, 48)",8.221014422641055
"(1, 32)",8.220267375937558
"(20, 26, 42)",8.220132743464527
"(21, 42, 43)",8.21880217858553
"(18, 24, 42)",8.216172503338848
"(7, 18, 37)",8.215812815640513
"(14, 25, 33)",8.214887943351357
"(1, 39, 42)",8.213973186151698
"(1, 15, 16)",8.213788316687342
"(18, 26, 34)",8.213309839058699
"(7, 33, 48)",8.21286737921957
"(6, 13, 19)",8.208966151895062
"(16, 25, 32)",8.208706968651093
"(16, 20, 48)",8.208446813757025
"(11, 20, 25)",8.20831544565851
"(3, 7)",8.207704245860889
"(13, 37, 45)",8.207082777319512
"(13, 30, 32)",8.20654064698309
"(9, 15, 25)",8.20639757352484
"(3, 7, 44)",8.206104183160955
"(4, 10, 34)",8.203699652840312
"(10, 34, 38)",8.203699652840312
"(10, 34, 47)",8.203699652840312
"(44,)",8.202904057761089
"(5, 35, 45)",8.202873431759722
"(20, 30, 42)",8.202387934193093
"(5, 26, 43)",8.201265061715144
"(16, 18, 44)",8.20121396988683
"(15, 23, 25)",8.200405923885736
"(16, 18)",8.200368925949704
"(6, 20, 32)",8.200172365446921
"(12, 25, 45)",8.19931874255693
"(19, 21, 34)",8.198997576074103
"(1, 5, 9)",8.197380050312065
"(3, 4, 41)",8.19723191982441
"(3, 8, 41)",8.19723191982441
"(3, 38, 41)",8.19723191982441
"(3, 41, 47)",8.19723191982441
"(18, 30, 34)",8.195565029787264
"(1, 14, 32)",8.194860386187132
"(1, 3, 25)",8.194083634560586
"(1, 28, 29)",8.193754486424215
"(1, 5, 23)",8.191388400672961
"(4, 9, 44)",8.189626534280258
"(8, 9, 44)",8.189626534280258
"(9, 38, 44)",8.189626534280258
"(9, 44, 47)",8.189626534280258
"(21, 25, 40)",8.188519067319579
"(1, 19, 36)",8.187167135411197
"(3, 7, 14)",8.186484966136018
"(7, 25, 29)",8.185908086715267
"(13, 33, 41)",8.185699310805887
"(15, 24, 36)",8.185217763229367
"(20, 22, 46)",8.184365213174015
"(5, 19, 24)",8.184323123483866
"(22, 32, 34)",8.183806536797416
"(4, 23, 44)",8.183634884641156
"(8, 23, 44)",8.183634884641156
"(23, 38, 44)",8.183634884641156
"(23, 44, 47)",8.183634884641156
"(5, 30, 43)",8.18352025244371
"(4, 9)",8.182987772539844
"(8, 9)",8.182987772539844
"(9, 38)",8.182987772539844
"(9, 47)",8.182987772539844
"(18, 19, 39)",8.182649529395697
"(0, 4, 22)",8.182426143091263
"(0, 8, 22)",8.182426143091263
"(0, 22, 38)",8.182426143091263
"(1, 15, 17)",8.182150722238479
"(14, 16, 18)",8.181594752861894
"(20, 25, 35)",8.180766444241602
"(7, 11, 18)",8.179442820631595
"(13, 26, 48)",8.179049581046453
"(17, 25, 32)",8.17706937420223
"(17, 20, 48)",8.176809219308161
"(7, 33, 43)",8.175373209022226
"(25, 26, 42)",8.175157023150526
"(4, 23)",8.174000298081191
"(8, 23)",8.174000298081191
"(23, 38)",8.174000298081191
"(23, 47)",8.174000298081191
"(24, 41, 45)",8.17359754930179
"(14, 44)",8.173475232223684
"(3, 20, 21)",8.173290439406045
"(18, 21, 33)",8.172820791594468
"(16, 20, 43)",8.17095264355968
"(10, 11, 37)",8.170819137784315
"(11, 13, 45)",8.170712782310593
"(36, 39, 44)",8.170444099241706
"(4, 9, 14)",8.170007317255322
"(8, 9, 14)",8.170007317255322
"(9, 14, 38)",8.170007317255322
"(9, 14, 47)",8.170007317255322
"(0, 1, 7)",8.169681004840488
"(17, 18, 44)",8.169576375437966
"(1, 44, 48)",8.169243728003996
"(16, 42, 45)",8.166951592513179
"(3, 13, 22)",8.166893186577498
"(4, 14, 23)",8.16401566761622
"(8, 14, 23)",8.16401566761622
"(14, 23, 38)",8.16401566761622
"(14, 23, 47)",8.16401566761622
"(13, 42, 46)",8.163637555589121
"(16, 25, 48)",8.163471093443022
"(13, 30, 48)",8.161304771775018
"(33, 36, 45)",8.160798242779366
"(1, 6, 15)",8.16027799316917
"(4, 16, 17)",8.159607048432925
"(8, 16, 17)",8.159607048432925
"(16, 17, 38)",8.159607048432925
"(16, 17, 47)",8.159607048432925
"(22, 26, 45)",8.158282017387501
"(25, 30, 42)",8.157412213879091
"(6, 25, 32)",8.155196645132921
"(6, 20, 48)",8.15493649023885
"(5, 34, 40)",8.154751093721192
"(36, 39)",8.154214119982015
"(17, 18)",8.152912534276409
"(1, 48)",8.152413563125451
"(7, 18, 35)",8.151893819214687
"(15, 41, 43)",8.151668882315057
"(14, 36, 39)",8.150824882216769
"(34, 41, 44)",8.150613589759118
"(14, 17, 18)",8.14995715841303
"(1, 14, 48)",8.149624510979061
"(19, 32, 45)",8.148893569082414
"(5, 28, 45)",8.148634936407879
"(21, 39, 42)",8.148204270683156
"(15, 16, 21)",8.1480194012188
"(6, 18, 44)",8.147703646368658
"(7, 9, 34)",8.146208329614833
"(14,)",8.144046406686279
"(13, 35, 45)",8.143163780893685
"(37, 41, 48)",8.141916574971841
"(13, 26, 43)",8.141555410849108
"(22, 30, 45)",8.140537208116067
"(7, 23, 34)",8.140216679975731
"(4, 19, 26)",8.139636673950456
"(8, 19, 26)",8.139636673950456
"(19, 26, 38)",8.139636673950456
"(19, 26, 47)",8.139636673950456
"(22, 25, 46)",8.139389492860012
"(2, 4, 20)",8.13936989008586
"(2, 8, 20)",8.13936989008586
"(2, 20, 38)",8.13936989008586
"(2, 20, 47)",8.13936989008586
"(17, 20, 43)",8.139315049110817
"(1, 2, 46)",8.138813128602632
"(22, 34, 48)",8.138570661589345
"(22, 42, 44)",8.13816072212498
"(4, 6, 16)",8.137734319363615
"(6, 8, 16)",8.137734319363615
"(6, 16, 38)",8.137734319363615
"(6, 16, 47)",8.137734319363615
"(1, 9, 13)",8.13767039944603
"(18, 26, 36)",8.13571048292725
"(17, 42, 45)",8.135313998064316
"(27, 30, 39)",8.13359887760804
"(17, 25, 48)",8.131833498994158
"(1, 43, 44)",8.131749557806653
"(1, 13, 23)",8.131678749806927
"(5, 9, 21)",8.13161113484352
"(14, 34, 41)",8.130994372734182
"(5, 26, 39)",8.130667153812768
"(0, 5, 15)",8.130333359683563
"(7, 41, 46)",8.129792639873063
"(14, 21, 32)",8.129091470718588
"(3, 21, 25)",8.128314719092042
"(6, 14, 18)",8.12808442934372
"(1, 2, 33)",8.127694471355724
"(20, 25, 28)",8.12652794888976
"(4, 10, 36)",8.126100296708863
"(10, 36, 38)",8.126100296708863
"(10, 36, 47)",8.126100296708863
"(16, 25, 43)",8.125976923245677
"(5, 21, 23)",8.125619485204417
"(13, 19, 24)",8.12461347261783
"(34, 41)",8.124468355758136
"(13, 30, 43)",8.123810601577674
"(4, 19, 30)",8.121891864679021
"(8, 19, 30)",8.121891864679021
"(19, 30, 38)",8.121891864679021
"(19, 30, 47)",8.121891864679021
"(21, 32)",8.121614002734743
"(19, 21, 36)",8.121398219942655
"(6, 18)",8.120103440672445
"(15, 19, 22)",8.11941141216949
"(14, 22, 42)",8.118541505100044
"(18, 30, 36)",8.117965673655815
"(6, 20, 43)",8.117442320041505
"(1, 41, 42)",8.116543320537662
"(15, 17, 21)",8.116381806769937
"(20, 24, 32)",8.11581968616969
"(2, 5, 7)",8.11416823440403
"(6, 42, 45)",8.113441268995006
"(4, 40, 42)",8.112927308467931
"(8, 40, 42)",8.112927308467931
"(38, 40, 42)",8.112927308467931
"(40, 42, 47)",8.112927308467931
"(1, 14, 43)",8.112130340781716
"(6, 25, 48)",8.10996076992485
"(21, 45, 46)",8.108184082340642
"(22, 32, 36)",8.106207180665967
"(4, 6, 17)",8.106096724914751
"(6, 8, 17)",8.106096724914751
"(6, 17, 38)",8.106096724914751
"(6, 17, 47)",8.106096724914751
"(22, 42)",8.105789054306927
"(11, 41, 48)",8.105546579962922
"(4, 12, 15)",8.104794792410901
"(8, 12, 15)",8.104794792410901
"(12, 15, 38)",8.104794792410901
"(12, 15, 47)",8.104794792410901
"(7, 33, 39)",8.10477530111985
"(0, 7, 21)",8.103912089371946
"(19, 45, 48)",8.103657693874343
"(21, 44, 48)",8.103474812535453
"(7, 29, 49)",8.101365834775178
"(22, 34, 43)",8.101076491392
"(5, 33, 42)",8.100900002087906
"(16, 20, 39)",8.100354735657303
"(5, 12, 18)",8.099973961642196
"(7, 18, 28)",8.097655323862845
"(1, 43)",8.096172307829434
"(13, 34, 40)",8.095041442855157
"(3, 5, 34)",8.094546745493655
"(6, 15, 21)",8.094509077700627
"(2, 4, 25)",8.094394169771856
"(2, 8, 25)",8.094394169771856
"(2, 25, 38)",8.094394169771856
"(2, 25, 47)",8.094394169771856
"(17, 25, 43)",8.094339328796814
"(32, 37, 44)",8.09024369273418
"(15, 32, 42)",8.089889968136458
"(13, 28, 45)",8.088925285541844
"(18, 19, 41)",8.085219663781661
"(7, 16, 19)",8.084122600113162
"(14, 21, 48)",8.083855595510517
"(15, 18, 46)",8.083625740107227
"(15, 39, 41)",8.08107097441268
"(35, 41, 48)",8.077997578546015
"(5, 13, 29)",8.077833267479532
"(5, 36, 40)",8.077151737589743
"(1, 15, 24)",8.075925313891938
"(4, 32, 46)",8.074347699626909
"(8, 32, 46)",8.074347699626909
"(32, 38, 46)",8.074347699626909
"(32, 46, 47)",8.074347699626909
"(36, 41, 44)",8.07301423362767
"(6, 25, 43)",8.072466599727505
"(9, 13, 21)",8.071901483977484
"(13, 26, 39)",8.070957502946733
"(24, 25, 32)",8.070843965855687
"(0, 13, 15)",8.070623708817529
"(20, 24, 48)",8.070583810961619
"(5, 44, 46)",8.070525670207733
"(17, 20, 39)",8.06871714120844
"(7, 9, 36)",8.068608973483386
"(20, 26, 44)",8.067311207217104
"(19, 43, 45)",8.066163523676998
"(21, 43, 44)",8.065980642338108
"(10, 18, 20)",8.065980260129503
"(13, 21, 23)",8.065909834338383
"(18, 24, 44)",8.063350967091425
"(7, 23, 36)",8.062617323844282
"(20, 22, 33)",8.061918008806764
"(1, 39, 44)",8.061151649904275
"(22, 36, 48)",8.060971305457896
"(22, 27, 47)",8.0586879083544
"(16, 25, 39)",8.055379015343302
"(2, 7, 13)",8.054458583537995
"(11, 32, 44)",8.053873697725262
"(21, 48)",8.053760189922636
"(14, 36, 41)",8.053395016602733
"(4, 16, 24)",8.053381640086382
"(8, 16, 24)",8.053381640086382
"(16, 24, 38)",8.053381640086382
"(16, 24, 47)",8.053381640086382
"(3, 4, 42)",8.052722960240395
"(3, 8, 42)",8.052722960240395
"(3, 38, 42)",8.052722960240395
"(3, 42, 47)",8.052722960240395
"(7, 17, 19)",8.052485005664298
"(20, 34, 46)",8.052309121224138
"(5, 14, 46)",8.050906453182797
"(21, 41, 42)",8.05077440506912
"(0, 4, 34)",8.050370051141385
"(0, 8, 34)",8.050370051141385
"(0, 34, 38)",8.050370051141385
"(0, 34, 47)",8.050370051141385
"(20, 30, 44)",8.04956639794567
"(7, 22, 40)",8.04874365950496
"(14, 20, 26)",8.047691990192167
"(6, 20, 39)",8.04684441213913
"(14, 21, 43)",8.046361425313172
"(7, 26, 32)",8.045931580954452
"(7, 10, 15)",8.045599435216381
"(15, 42, 48)",8.044654092928385
"(14, 18, 24)",8.043731750066488
"(1, 14, 39)",8.04153243287934
"(13, 33, 42)",8.041190351221871
"(12, 13, 18)",8.040264310776159
"(3, 13, 34)",8.034837094627619
"(5, 26, 41)",8.033237288198732
"(20, 24, 43)",8.033089640764274
"(6, 7, 19)",8.030612276594988
"(22, 34, 39)",8.030478583489623
"(4, 46, 48)",8.029111824418838
"(8, 46, 48)",8.029111824418838
"(38, 46, 48)",8.029111824418838
"(46, 47, 48)",8.029111824418838
"(24, 42, 45)",8.029088589717773
"(7, 37, 45)",8.028728902019438
"(7, 30, 32)",8.028186771683018
"(1, 18, 26)",8.02641803358982
"(32, 35, 44)",8.026324696308354
"(26, 34, 45)",8.026225925437624
"(24, 25, 48)",8.025608090647616
"(28, 41, 48)",8.023759083194172
"(17, 25, 39)",8.023741420894439
"(22, 36, 43)",8.023477135260551
"(25, 26, 44)",8.022335486903103
"(15, 20, 40)",8.02185253177909
"(4, 17, 24)",8.021744045637519
"(8, 17, 24)",8.021744045637519
"(17, 24, 38)",8.021744045637519
"(17, 24, 47)",8.021744045637519
"(10, 18, 25)",8.0210045398155
"(0, 11, 37)",8.017489536085389
"(13, 36, 40)",8.017442086723708
"(3, 5, 36)",8.016947389362207
"(22, 25, 33)",8.016942288492762
"(1, 4, 10)",8.016807847371433
"(1, 10, 38)",8.016807847371433
"(1, 10, 47)",8.016807847371433
"(5, 30, 41)",8.015492478927298
"(16, 44, 45)",8.014130056265756
"(1, 19, 21)",8.012105770605224
"(9, 18, 45)",8.010821859789969
"(13, 44, 46)",8.010816019341698
"(15, 21, 24)",8.010156398423394
"(1, 18, 30)",8.008673224318386
"(30, 34, 45)",8.00848111616619
"(36, 41)",8.008069321560962
"(7, 33, 41)",8.007345435505814
"(25, 34, 46)",8.007333400910134
"(15, 42, 43)",8.00715992273104
"(34, 42, 44)",8.006104630175102
"(18, 23, 45)",8.004830210150867
"(25, 30, 44)",8.004590677631668
"(5, 46)",8.004336476431057
"(16, 20, 41)",8.002924870043268
"(14, 25, 26)",8.002716269878166
"(6, 25, 39)",8.001868691825129
"(7, 26, 48)",8.00069570574638
"(4, 6, 24)",7.999871316568209
"(6, 8, 24)",7.999871316568209
"(6, 24, 38)",7.999871316568209
"(6, 24, 47)",7.999871316568209
"(20, 26)",7.999514781945114
"(21, 43)",7.997518934626619
"(1, 22, 32)",7.996914731328538
"(19, 39, 45)",7.9955656157746215
"(21, 39, 44)",7.995382734435732
"(14, 16, 45)",7.994510839240819
"(18, 24)",7.993574421756595
"(7, 11, 45)",7.992358907010519
"(4, 43, 46)",7.991617654221493
"(8, 43, 46)",7.991617654221493
"(38, 43, 46)",7.991617654221493
"(43, 46, 47)",7.991617654221493
"(13, 14, 46)",7.991196802316763
"(1, 39)",7.99027544597587
"(3, 7, 22)",7.988539311277425
"(24, 25, 43)",7.988113920450272
"(15, 19, 34)",7.987355320219612
"(14, 34, 42)",7.986485413150166
"(21, 33, 45)",7.985736877973392
"(7, 42, 46)",7.985283680289047
"(16, 18, 22)",7.9836490980032995
"(7, 30, 48)",7.982950896474946
"(17, 44, 45)",7.982492461816892
"(15, 25, 40)",7.976876811465088
"(14, 21, 39)",7.975763517410796
"(20, 36, 46)",7.974709765092688
"(32, 34, 36)",7.97415108871609
"(13, 26, 41)",7.9735276373326975
"(20, 30)",7.972897568037961
"(0, 4, 36)",7.9727706950099355
"(0, 8, 36)",7.9727706950099355
"(0, 36, 38)",7.9727706950099355
"(0, 36, 47)",7.9727706950099355
"(28, 32, 44)",7.972086200956512
"(4, 9, 22)",7.972061662396728
"(8, 9, 22)",7.972061662396728
"(9, 22, 38)",7.972061662396728
"(17, 20, 41)",7.971287275594404
"(1, 5, 40)",7.967859288252313
"(4, 22, 23)",7.966070012757626
"(8, 22, 23)",7.966070012757626
"(22, 23, 38)",7.966070012757626
"(14, 22, 44)",7.96571996885262
"(7, 35, 45)",7.9648099055936115
"(1, 41, 44)",7.96372178429024
"(7, 26, 43)",7.963201535549035
"(14, 17, 45)",7.962873244791956
"(20, 24, 39)",7.962491732861897
"(3, 15, 20)",7.961648183551554
"(15, 18, 33)",7.961178535739976
"(18, 21, 26)",7.960649118121276
"(6, 44, 45)",7.960619732747582
"(4, 40, 44)",7.9601057722205075
"(8, 40, 44)",7.9601057722205075
"(38, 40, 44)",7.9601057722205075
"(40, 44, 47)",7.9601057722205075
"(1, 7, 9)",7.9593165241459545
"(5, 20, 37)",7.958256746131619
"(16, 25, 41)",7.9579491497292665
"(3, 13, 36)",7.957237738496171
"(13, 30, 41)",7.955782828061263
"(1, 7, 23)",7.953324874506852
"(22, 36, 39)",7.952879227358174
"(17, 18, 22)",7.952011503554436
"(4, 32, 33)",7.951900495259658
"(8, 32, 33)",7.951900495259658
"(32, 33, 38)",7.951900495259658
"(32, 33, 47)",7.951900495259658
"(4, 8, 27)",7.951891049318684
"(4, 27, 38)",7.951891049318684
"(4, 27, 47)",7.951891049318684
"(8, 27, 38)",7.951891049318684
"(8, 27, 47)",7.951891049318684
"(27, 38, 47)",7.951891049318684
"(1, 22, 48)",7.951678856120466
"(4, 10, 21)",7.95103893190289
"(10, 21, 38)",7.95103893190289
"(10, 21, 47)",7.95103893190289
"(6, 20, 41)",7.9494145465250945
"(26, 36, 45)",7.948626569306175
"(5, 33, 44)",7.948078465840483
"(7, 19, 24)",7.946259597317756
"(7, 30, 43)",7.945456726277601
"(1, 14, 41)",7.944102567265304
"(18, 21, 30)",7.942904308849842
"(6, 14, 45)",7.941000515722646
"(18, 19, 42)",7.940710704197644
"(4, 14, 40)",7.940486555195571
"(8, 14, 40)",7.940486555195571
"(14, 38, 40)",7.940486555195571
"(14, 40, 47)",7.940486555195571
"(8, 10, 37)",7.938493663323155
"(15, 39, 42)",7.936562014828664
"(22, 34, 41)",7.933048717875588
"(25, 26)",7.932051201474111
"(21, 22, 32)",7.931145815859994
"(30, 36, 45)",7.93088176003474
"(6, 18, 22)",7.930138774485126
"(20, 33, 34)",7.929861916856886
"(25, 36, 46)",7.9297340447786855
"(34, 36, 48)",7.928915213508018
"(36, 42, 44)",7.928505274043653
"(5, 14, 33)",7.928459248815547
"(17, 25, 41)",7.926311555280403
"(4, 20, 29)",7.924681047861285
"(8, 20, 29)",7.924681047861285
"(20, 29, 38)",7.924681047861285
"(20, 29, 47)",7.924681047861285
"(1, 29, 46)",7.924124286378057
"(5, 16, 32)",7.922278274115284
"(5, 11, 20)",7.921886751122701
"(4, 39, 46)",7.921019746319116
"(8, 39, 46)",7.921019746319116
"(38, 39, 46)",7.921019746319116
"(39, 46, 47)",7.921019746319116
"(5, 9, 15)",7.91996887898903
"(16, 45)",7.91974305551809
"(24, 25, 39)",7.917516012547896
"(14, 15, 32)",7.917449214864098
"(7, 34, 40)",7.916687567555082
"(3, 15, 25)",7.9166724632375525
"(13, 46)",7.914772000132004
"(1, 22, 43)",7.9141846859231215
"(5, 15, 23)",7.913977229349927
"(5, 25, 37)",7.913281025817618
"(1, 29, 33)",7.91300562913115
"(5, 12, 45)",7.9128900480211195
"(0, 18, 20)",7.912650658430576
"(7, 28, 45)",7.9105714102417695
"(15, 19, 36)",7.909755964088163
"(4, 18, 37)",7.9096100564725305
"(8, 18, 37)",7.9096100564725305
"(18, 37, 38)",7.9096100564725305
"(18, 37, 47)",7.9096100564725305
"(14, 36, 42)",7.908886057018717
"(1, 13, 40)",7.908149637386278
"(34, 42)",7.90770491638211
"(1, 3, 5)",7.907654940024777
"(4, 33, 48)",7.906664620051587
"(8, 33, 48)",7.906664620051587
"(33, 38, 48)",7.906664620051587
"(33, 47, 48)",7.906664620051587
"(25, 30)",7.905433987566958
"(6, 25, 41)",7.904438826211093
"(8, 10, 11)",7.902123668314236
"(5, 21, 40)",7.9020903727837695
"(3, 4, 44)",7.899901423992971
"(3, 8, 44)",7.899901423992971
"(3, 38, 44)",7.899901423992971
"(3, 44, 47)",7.899901423992971
"(5, 7, 29)",7.899479392179457
"(13, 20, 37)",7.8985470952655845
"(19, 41, 45)",7.898135750160586
"(21, 41, 44)",7.8979528688216964
"(15, 45, 46)",7.8965418264861515
"(5, 20, 35)",7.894337749705793
"(7, 9, 21)",7.8935476086774115
"(7, 26, 39)",7.892603627646659
"(0, 7, 15)",7.892269833517455
"(15, 44, 48)",7.891832556680962
"(21, 39)",7.891622072773055
"(34, 36, 43)",7.8914210433106735
"(18, 32, 48)",7.89083375533143
"(12, 20, 25)",7.890783060503002
"(5, 17, 32)",7.89064067966642
"(5, 26, 42)",7.888728328614715
"(13, 33, 44)",7.888368814974448
"(7, 21, 23)",7.887555959038309
"(21, 22, 48)",7.885909940651922
"(25, 33, 34)",7.884886196542885
"(3, 4, 14)",7.880282206968035
"(3, 8, 14)",7.880282206968035
"(3, 14, 38)",7.880282206968035
"(3, 14, 47)",7.880282206968035
"(4, 25, 29)",7.879705327547284
"(8, 25, 29)",7.879705327547284
"(25, 29, 38)",7.879705327547284
"(25, 29, 47)",7.879705327547284
"(10, 20, 45)",7.878896346508427
"(14, 21, 41)",7.87833365179676
"(5, 16, 48)",7.8770423989072125
"(5, 11, 25)",7.876911030808699
"(22, 44)",7.8765567499357925
"(24, 44, 45)",7.87626705347035
"(8, 10, 35)",7.874574666897328
"(4, 11, 18)",7.873240061463612
"(8, 11, 18)",7.873240061463612
"(11, 18, 38)",7.873240061463612
"(11, 18, 47)",7.873240061463612
"(17, 45)",7.872286663844795
"(14, 15, 48)",7.872213339656026
"(5, 30, 42)",7.870983519343281
"(4, 33, 43)",7.869170449854242
"(8, 33, 43)",7.869170449854242
"(33, 38, 43)",7.869170449854242
"(33, 43, 47)",7.869170449854242
"(5, 6, 32)",7.86876795059711
"(13, 14, 33)",7.8687495979495115
"(0, 18, 25)",7.867674938116575
"(20, 24, 41)",7.865061867247862
"(1, 32, 34)",7.86485863937866
"(0, 1, 4)",7.863478245672505
"(0, 1, 8)",7.863478245672505
"(0, 1, 38)",7.863478245672505
"(0, 1, 47)",7.863478245672505
"(7, 33, 42)",7.862836475921797
"(13, 16, 32)",7.862568623249248
"(11, 13, 20)",7.862177100256665
"(7, 12, 18)",7.861910435476085
"(9, 13, 15)",7.8602592281229935
"(10, 31, 36)",7.85932281325147
"(16, 20, 42)",7.85841591045925
"(14, 24, 45)",7.856647836445413
"(3, 7, 34)",7.856483219327546
"(22, 36, 41)",7.855449361744139
"(15, 43, 44)",7.854338386483618
"(13, 15, 23)",7.854267578483892
"(13, 25, 37)",7.853571374951582
"(18, 32, 43)",7.853339585134085
"(12, 13, 45)",7.853180397155084
"(5, 22, 46)",7.852960798324203
"(20, 33, 36)",7.852262560725437
"(16, 18, 34)",7.851593006053422
"(20, 22, 26)",7.849746335333574
"(5, 25, 35)",7.849362029391791
"(21, 22, 43)",7.848415770454578
"(1, 3, 13)",7.847945289158742
"(14, 22)",7.847127924398388
"(18, 22, 24)",7.845786095207895
"(4, 18, 35)",7.845691060046704
"(8, 18, 35)",7.845691060046704
"(18, 35, 38)",7.845691060046704
"(18, 35, 47)",7.845691060046704
"(5, 17, 48)",7.845404804458349
"(1, 41)",7.844130647554817
"(1, 22, 39)",7.843586778020745
"(13, 21, 40)",7.842380721917735
"(3, 5, 21)",7.841886024556233
"(19, 20, 32)",7.840357887028485
"(5, 20, 28)",7.840099254353951
"(4, 9, 34)",7.84000557044685
"(8, 9, 34)",7.84000557044685
"(9, 34, 38)",7.84000557044685
"(9, 34, 47)",7.84000557044685
"(7, 13, 29)",7.839769741313422
"(5, 16, 43)",7.839548228709868
"(6, 45)",7.839477570240831
"(1, 26, 45)",7.839334119968745
"(15, 41, 42)",7.839132149214628
"(7, 36, 40)",7.839088211423633
"(4, 40)",7.838706629450218
"(8, 40)",7.838706629450218
"(38, 40)",7.838706629450218
"(40, 47)",7.838706629450218
"(14, 15, 43)",7.8347191694586815
"(13, 20, 35)",7.834628098839758
"(4, 23, 34)",7.834013920807748
"(8, 23, 34)",7.834013920807748
"(23, 34, 38)",7.834013920807748
"(23, 34, 47)",7.834013920807748
"(10, 25, 45)",7.833920626194426
"(14, 34, 44)",7.833663876902743
"(7, 44, 46)",7.832462144041624
"(20, 22, 30)",7.83200152606214
"(13, 17, 32)",7.830931028800385
"(13, 26, 42)",7.82901867774868
"(17, 20, 42)",7.826778316010387
"(4, 41, 46)",7.8235898807050805
"(8, 41, 46)",7.8235898807050805
"(38, 41, 46)",7.8235898807050805
"(41, 46, 47)",7.8235898807050805
"(5, 6, 48)",7.823532075389039
"(1, 30, 45)",7.821589310697311
"(34, 36, 39)",7.820823135408297
"(5, 33)",7.8206656698801815
"(8, 10, 28)",7.820336171545486
"(24, 25, 41)",7.8200861469338605
"(17, 18, 34)",7.819955411604559
"(1, 34, 48)",7.819622764170589
"(1, 42, 44)",7.819212824706223
"(13, 16, 48)",7.817332748041177
"(11, 13, 25)",7.817201379942664
"(16, 25, 42)",7.813440190145249
"(7, 14, 46)",7.812842927016687
"(13, 30, 42)",7.811273868477246
"(6, 13, 32)",7.809058299731075
"(18, 43, 48)",7.808103709926014
"(2, 4, 5)",7.807965475236047
"(2, 5, 8)",7.807965475236047
"(2, 5, 38)",7.807965475236047
"(2, 5, 47)",7.807965475236047
"(5, 17, 43)",7.807910634261004
"(25, 33, 36)",7.807286840411436
"(9, 11, 37)",7.807125055390854
"(6, 20, 42)",7.804905586941077
"(22, 25, 26)",7.804770615019572
"(15, 32)",7.804150618953006
"(11, 23, 37)",7.801133405751752
"(1, 15, 19)",7.800463514750733
"(20, 21, 46)",7.799648400286714
"(1, 14, 42)",7.799593607681287
"(21, 32, 34)",7.799089723910116
"(4, 33, 39)",7.7985725419518666
"(8, 33, 39)",7.7985725419518666
"(33, 38, 39)",7.7985725419518666
"(33, 39, 47)",7.7985725419518666
"(6, 18, 34)",7.798082682535249
"(0, 4, 21)",7.797709330203962
"(0, 8, 21)",7.797709330203962
"(0, 21, 38)",7.797709330203962
"(0, 21, 47)",7.797709330203962
"(16, 22, 45)",7.796565184382224
"(19, 25, 32)",7.795382166714484
"(7, 26, 41)",7.795173762032624
"(5, 25, 28)",7.7951235340399485
"(19, 20, 48)",7.795122011820414
"(13, 22, 46)",7.793251147458168
"(4, 18, 28)",7.791452564694861
"(8, 18, 28)",7.791452564694861
"(18, 28, 38)",7.791452564694861
"(18, 28, 47)",7.791452564694861
"(36, 42)",7.791305882184936
"(13, 25, 35)",7.789652378525756
"(22, 34, 42)",7.788539758291571
"(12, 41, 48)",7.788014194807412
"(18, 19, 44)",7.787889167950222
"(1, 32, 36)",7.787259283247211
"(22, 25, 30)",7.787025805748137
"(5, 6, 43)",7.786037905191694
"(13, 17, 48)",7.785695153592314
"(5, 24, 32)",7.784415271319878
"(15, 39, 44)",7.783740478581241
"(18, 32, 39)",7.782741677231709
"(3, 13, 21)",7.782176373690198
"(1, 34, 43)",7.782128593973244
"(17, 25, 42)",7.781802595696385
"(18, 40, 45)",7.781301097730218
"(13, 20, 28)",7.780389603487915
"(13, 16, 43)",7.779838577843832
"(3, 7, 36)",7.778883863196097
"(4, 16, 19)",7.777919840945178
"(8, 16, 19)",7.777919840945178
"(16, 19, 38)",7.777919840945178
"(16, 19, 47)",7.777919840945178
"(21, 22, 39)",7.777817862552201
"(7, 30, 41)",7.7774289527611895
"(15, 33, 45)",7.7740946221189
"(16, 18, 36)",7.773993649921973
"(21, 26, 45)",7.773565204500201
"(5, 16, 39)",7.768950320807491
"(14, 18, 19)",7.768269950925284
"(17, 22, 45)",7.764927589933361
"(14, 15, 39)",7.764121261556305
"(6, 13, 48)",7.763822424523004
"(4, 9, 36)",7.762406214315401
"(8, 9, 36)",7.762406214315401
"(9, 36, 38)",7.762406214315401
"(9, 36, 47)",7.762406214315401
"(6, 25, 42)",7.7599298666270755
"(19, 20, 43)",7.757627841623069
"(4, 23, 36)",7.756414564676299
"(8, 23, 36)",7.756414564676299
"(23, 36, 38)",7.756414564676299
"(23, 36, 47)",7.756414564676299
"(14, 36, 44)",7.756064520771294
"(21, 30, 45)",7.755820395228767
"(21, 25, 46)",7.754672679972712
"(21, 34, 48)",7.753853848702045
"(19, 42, 45)",7.753626790576568
"(21, 42, 44)",7.75344390923768
"(19, 25, 48)",7.750146291506413
"(15, 18, 26)",7.749006862266786
"(3, 4)",7.748400107108914
"(3, 8)",7.748400107108914
"(3, 38)",7.748400107108914
"(3, 47)",7.748400107108914
"(2, 4, 13)",7.748255824370012
"(2, 8, 13)",7.748255824370012
"(2, 13, 38)",7.748255824370012
"(2, 13, 47)",7.748255824370012
"(13, 17, 43)",7.748200983394969
"(4, 17, 19)",7.746282246496315
"(8, 17, 19)",7.746282246496315
"(17, 19, 38)",7.746282246496315
"(17, 19, 47)",7.746282246496315
"(1, 22, 41)",7.746156912406709
"(21, 41)",7.745477274352002
"(6, 22, 45)",7.743054860864051
"(4, 22, 40)",7.7425409003369765
"(8, 22, 40)",7.7425409003369765
"(22, 38, 40)",7.7425409003369765
"(17, 18, 36)",7.74235605547311
"(1, 36, 48)",7.74202340803914
"(4, 26, 32)",7.739728821786468
"(8, 26, 32)",7.739728821786468
"(26, 32, 38)",7.739728821786468
"(26, 32, 47)",7.739728821786468
"(4, 10, 15)",7.739396676048399
"(10, 15, 38)",7.739396676048399
"(10, 15, 47)",7.739396676048399
"(5, 24, 48)",7.7391793961118065
"(18, 39, 48)",7.737505802023638
"(5, 17, 39)",7.737312726358628
"(12, 32, 44)",7.736341312569753
"(15, 48)",7.736296806140899
"(5, 26, 44)",7.735906792367293
"(13, 25, 28)",7.735413883173914
"(15, 19, 21)",7.734694599282189
"(5, 10, 18)",7.734575845279691
"(14, 21, 42)",7.733824692212743
"(15, 18, 30)",7.731262052995351
"(13, 33)",7.731101193581129
"(5, 22, 33)",7.730513593956953
"(1, 7, 40)",7.729795762086203
"(6, 13, 43)",7.726328254325659
"(0, 20, 45)",7.7255667448095
"(13, 24, 32)",7.724705620453843
"(4, 6, 19)",7.724409517427005
"(6, 8, 19)",7.724409517427005
"(6, 19, 38)",7.724409517427005
"(6, 19, 47)",7.724409517427005
"(34, 36, 41)",7.723393269794261
"(4, 37, 45)",7.7225261428514544
"(8, 37, 45)",7.7225261428514544
"(37, 38, 45)",7.7225261428514544
"(37, 45, 47)",7.7225261428514544
"(4, 30, 32)",7.721984012515033
"(8, 30, 32)",7.721984012515033
"(30, 32, 38)",7.721984012515033
"(30, 32, 47)",7.721984012515033
"(21, 32, 36)",7.721490367778667
"(3, 18, 45)",7.721096749502681
"(5, 34, 46)",7.720904706374325
"(20, 24, 42)",7.720552907663845
"(6, 18, 36)",7.7204833264038
"(7, 20, 37)",7.72019321996551
"(15, 22, 32)",7.719503560005503
"(5, 30, 44)",7.718161983095858
"(20, 26, 34)",7.717690243383696
"(21, 34, 43)",7.7163596785047
"(5, 14, 26)",7.716287575342356
"(5, 6, 39)",7.715439997289318
"(18, 24, 34)",7.713730003258017
"(24, 45)",7.712948551324981
"(19, 25, 43)",7.712652121309068
"(1, 34, 39)",7.7115306860708674
"(22, 36, 42)",7.710940402160122
"(7, 33, 44)",7.710014939674374
"(13, 16, 39)",7.709240669941456
"(0, 31, 36)",7.705993211552544
"(16, 20, 44)",7.705594374211827
"(1, 36, 43)",7.704529237841795
"(32, 45, 48)",7.703749841710355
"(9, 18, 20)",7.702286177736041
"(5, 24, 43)",7.701685225914462
"(4, 33, 41)",7.701142676337831
"(8, 33, 41)",7.701142676337831
"(33, 38, 41)",7.701142676337831
"(33, 41, 47)",7.701142676337831
"(18, 39, 43)",7.7000116318262934
"(20, 30, 34)",7.699945434112261
"(18, 20, 23)",7.6962945280969395
"(4, 26, 48)",7.694492946578396
"(8, 26, 48)",7.694492946578396
"(26, 38, 48)",7.694492946578396
"(26, 47, 48)",7.694492946578396
"(5, 15, 40)",7.690448116929279
"(7, 14, 33)",7.690395722649438
"(19, 20, 39)",7.687029933720693
"(15, 41, 44)",7.686310612967206
"(4, 11, 45)",7.686156147842536
"(8, 11, 45)",7.686156147842536
"(11, 38, 45)",7.686156147842536
"(11, 45, 47)",7.686156147842536
"(14, 16, 20)",7.685975157186891
"(18, 32, 41)",7.685311811617673
"(7, 16, 32)",7.6842147479491745
"(7, 11, 20)",7.683823224956591
"(1, 28, 37)",7.683063899360457
"(3, 4, 22)",7.68233655210944
"(3, 8, 22)",7.68233655210944
"(3, 22, 38)",7.68233655210944
"(7, 9, 15)",7.68190535282292
"(0, 25, 45)",7.680591024495499
"(21, 22, 41)",7.680387996938165
"(15, 43)",7.680055550844882
"(13, 24, 48)",7.679469745245772
"(4, 42, 46)",7.679080921121064
"(8, 42, 46)",7.679080921121064
"(38, 42, 46)",7.679080921121064
"(42, 46, 47)",7.679080921121064
"(34, 44)",7.678472612010975
"(13, 17, 39)",7.677603075492593
"(20, 21, 33)",7.677201195919464
"(4, 30, 48)",7.676748137306962
"(8, 30, 48)",7.676748137306962
"(30, 38, 48)",7.676748137306962
"(30, 47, 48)",7.676748137306962
"(21, 36, 48)",7.676254492570596
"(13, 26, 44)",7.676197141501257
"(7, 15, 23)",7.675913703183817
"(24, 25, 42)",7.675577187349843
"(7, 25, 37)",7.675217499651508
"(10, 13, 18)",7.6748661944136565
"(7, 12, 45)",7.67482652185501
"(15, 22, 48)",7.674267684797432
"(17, 20, 44)",7.673956779762964
"(25, 26, 34)",7.672714523069694
"(5, 16, 41)",7.6715204551934555
"(13, 22, 33)",7.670803943090918
"(1, 3, 7)",7.669591413858668
"(14, 15, 41)",7.666691395942269
"(32, 43, 45)",7.66625567151301
"(1, 16, 18)",7.664701200584544
"(16, 34, 45)",7.664509092432347
"(7, 21, 40)",7.664026846617659
"(13, 34, 46)",7.661195055508291
"(16, 25, 44)",7.660618653897826
"(22, 24, 45)",7.658702181586819
"(4, 35, 45)",7.658607146425628
"(8, 35, 45)",7.658607146425628
"(35, 38, 45)",7.658607146425628
"(35, 45, 47)",7.658607146425628
"(13, 30, 44)",7.658452332229823
"(9, 18, 25)",7.65731045742204
"(4, 26, 43)",7.656998776381052
"(8, 26, 43)",7.656998776381052
"(26, 38, 43)",7.656998776381052
"(26, 43, 47)",7.656998776381052
"(13, 14, 26)",7.656577924476322
"(7, 20, 35)",7.6562742235396835
"(6, 13, 39)",7.655730346423283
"(25, 30, 34)",7.65496971379826
"(14, 17, 20)",7.654337562738028
"(1, 4, 9)",7.653113764977972
"(1, 8, 9)",7.653113764977972
"(1, 9, 38)",7.653113764977972
"(1, 9, 47)",7.653113764977972
"(7, 17, 32)",7.652577153500311
"(6, 20, 44)",7.652084050693654
"(18, 23, 25)",7.651318807782938
"(7, 26, 42)",7.650664802448606
"(14, 34)",7.6490437864735705
"(7, 46)",7.647241187181892
"(1, 4, 23)",7.647122115338869
"(1, 8, 23)",7.647122115338869
"(1, 23, 38)",7.647122115338869
"(1, 23, 47)",7.647122115338869
"(1, 14, 44)",7.6467720714338645
"(1, 11, 28)",7.6466939043515385
"(21, 34, 39)",7.6457617706023235
"(5, 36, 46)",7.643305350242876
"(19, 25, 39)",7.642054213406691
"(13, 24, 43)",7.641975575048427
"(14, 16, 25)",7.64099943687289
"(20, 26, 36)",7.640090887252247
"(4, 19, 24)",7.640056838149773
"(8, 19, 24)",7.640056838149773
"(19, 24, 38)",7.640056838149773
"(19, 24, 47)",7.640056838149773
"(5, 17, 41)",7.639882860744592
"(4, 30, 43)",7.639253967109617
"(8, 30, 43)",7.639253967109617
"(30, 38, 43)",7.639253967109617
"(30, 43, 47)",7.639253967109617
"(7, 16, 48)",7.638978872741103
"(7, 11, 25)",7.63884750464259
"(21, 36, 43)",7.638760322373251
"(15, 22, 43)",7.636773514600087
"(18, 24, 36)",7.636130647126568
"(22, 34, 44)",7.635718222044148
"(1, 36, 39)",7.6339313299394185
"(1, 17, 18)",7.63306360613568
"(7, 30, 42)",7.632919993177172
"(17, 34, 45)",7.6328714979834835
"(6, 14, 20)",7.632464833668718
"(21, 25, 33)",7.632225475605463
"(5, 24, 39)",7.631087318012085
"(13, 15, 40)",7.630738466063243
"(6, 7, 32)",7.630704424431001
"(3, 5, 15)",7.630243768701742
"(17, 25, 44)",7.628981059448963
"(1, 42)",7.627367208178791
"(20, 30, 36)",7.622346077980812
"(43, 45, 48)",7.621019796304939
"(1, 28, 35)",7.6191449029346305
"(5, 6, 41)",7.618010131675282
"(14, 22, 34)",7.616099005019212
"(7, 22, 46)",7.614897272158093
"(2, 14, 30)",7.614619708862835
"(1, 34, 41)",7.614100820456832
"(1, 21, 32)",7.612197918441238
"(13, 16, 41)",7.611810804327421
"(7, 25, 35)",7.611298503225681
"(1, 6, 18)",7.61119087706637
"(6, 34, 45)",7.610998768914174
"(4, 34, 40)",7.610484808387099
"(8, 34, 40)",7.610484808387099
"(34, 38, 40)",7.610484808387099
"(34, 40, 47)",7.610484808387099
"(14, 17, 25)",7.609361842424026
"(7, 17, 48)",7.60734127829224
"(6, 25, 44)",7.607108330379653
"(4, 28, 45)",7.604368651073786
"(8, 28, 45)",7.604368651073786
"(28, 38, 45)",7.604368651073786
"(28, 45, 47)",7.604368651073786
"(5, 12, 20)",7.6043543659671915
"(3, 7, 21)",7.603822498390124
"(18, 41, 43)",7.602581766212258
"(7, 20, 28)",7.6020357281878415
"(1, 22, 42)",7.601647952822693
"(7, 16, 43)",7.601484702543758
"(19, 44, 45)",7.6008052543291456
"(16, 18, 21)",7.598932285116
"(5, 33, 34)",7.598457502007075
"(32, 39, 45)",7.5956577636106335
"(25, 26, 36)",7.595115166938245
"(4, 5, 29)",7.593276633011474
"(5, 8, 29)",7.593276633011474
"(5, 29, 38)",7.593276633011474
"(5, 29, 47)",7.593276633011474
"(7, 37, 49)",7.590675247711419
"(19, 20, 41)",7.589600068106657
"(15, 20, 46)",7.5880061444322235
"(6, 14, 25)",7.587489113354716
"(15, 32, 34)",7.587447468055625
"(4, 9, 21)",7.587344849509428
"(8, 9, 21)",7.587344849509428
"(9, 21, 38)",7.587344849509428
"(9, 21, 47)",7.587344849509428
"(16, 36, 45)",7.586909736300898
"(4, 26, 39)",7.586400868478675
"(8, 26, 39)",7.586400868478675
"(26, 38, 39)",7.586400868478675
"(26, 39, 47)",7.586400868478675
"(0, 4, 15)",7.5860670743494705
"(0, 8, 15)",7.5860670743494705
"(0, 15, 38)",7.5860670743494705
"(0, 15, 47)",7.5860670743494705
"(6, 7, 48)",7.58546854922293
"(8, 10, 12)",7.584591283158727
"(13, 36, 46)",7.583595699376842
"(4, 21, 23)",7.581353199870326
"(8, 21, 23)",7.581353199870326
"(21, 23, 38)",7.581353199870326
"(21, 23, 47)",7.581353199870326
"(0, 5, 18)",7.581246243580765
"(14, 19, 45)",7.581186037304209
"(14, 21, 44)",7.581003155965321
"(18, 19)",7.5803817230447885
"(13, 17, 41)",7.5801732098785575
"(34, 36, 42)",7.578884310210245
"(11, 37, 40)",7.5776042933311025
"(25, 30, 36)",7.577370357666811
"(15, 39)",7.574158688991318
"(13, 24, 39)",7.57137766714605
"(3, 13, 15)",7.570534117835706
"(18, 19, 22)",7.5703242960666906
"(2, 4, 7)",7.569901949069938
"(2, 7, 8)",7.569901949069938
"(2, 7, 38)",7.569901949069938
"(2, 7, 47)",7.569901949069938
"(7, 17, 43)",7.569847108094895
"(21, 36, 39)",7.568162414470875
"(20, 24, 44)",7.567731371416422
"(17, 18, 21)",7.567294690667136
"(5, 13, 37)",7.567142680415772
"(1, 21, 48)",7.566962043233167
"(15, 22, 39)",7.56617560669771
"(36, 44)",7.562073577813802
"(15, 26, 45)",7.5619229486457105
"(5, 12, 25)",7.55937864565319
"(6, 13, 41)",7.5583004808092475
"(22, 36, 44)",7.558118865912699
"(7, 25, 28)",7.557060007873839
"(4, 33, 42)",7.556633716753813
"(8, 33, 42)",7.556633716753813
"(33, 38, 42)",7.556633716753813
"(33, 42, 47)",7.556633716753813
"(4, 12, 18)",7.555707676308103
"(8, 12, 18)",7.555707676308103
"(12, 18, 38)",7.555707676308103
"(12, 18, 47)",7.555707676308103
"(17, 36, 45)",7.5552721418520346
"(7, 11, 49)",7.554305252702501
"(39, 45, 48)",7.550421888402563
"(3, 4, 34)",7.550280460159563
"(3, 8, 34)",7.550280460159563
"(3, 34, 38)",7.550280460159563
"(3, 34, 47)",7.550280460159563
"(22,)",7.550209442110496
"(21, 34, 41)",7.548331904988288
"(14, 20, 24)",7.548112154391486
"(6, 7, 43)",7.547974379025585
"(5, 10, 45)",7.547491931658616
"(7, 24, 32)",7.5463517451537685
"(6, 18, 21)",7.545421961597826
"(12, 13, 20)",7.544644715101156
"(19, 25, 41)",7.544624347792656
"(15, 30, 45)",7.544178139374276
"(15, 25, 46)",7.543030424118221
"(15, 34, 48)",7.542211592847554
"(15, 42, 44)",7.541801653383188
"(18, 32, 42)",7.540802852033656
"(13, 33, 34)",7.538747851141039
"(14, 22, 36)",7.538499648887763
"(1, 36, 41)",7.536501464325383
"(21, 22, 42)",7.535879037354149
"(5, 24, 41)",7.5336574523980495
"(4, 13, 29)",7.533566982145438
"(8, 13, 29)",7.533566982145438
"(13, 29, 38)",7.533566982145438
"(13, 29, 47)",7.533566982145438
"(6, 36, 45)",7.533399412782725
"(4, 36, 40)",7.53288545225565
"(8, 36, 40)",7.53288545225565
"(36, 38, 40)",7.53288545225565
"(36, 40, 47)",7.53288545225565
"(14, 36)",7.532644752276397
"(18, 39, 41)",7.531983858309882
"(7, 16, 39)",7.530886794641383
"(1, 20, 26)",7.530798437914817
"(5, 11, 13)",7.530772685406854
"(1, 21, 43)",7.529467873035822
"(21, 42)",7.528713834975976
"(5, 16, 42)",7.527011495609439
"(1, 18, 24)",7.526838197789138
"(7, 35, 49)",7.526756251285593
"(24, 34, 45)",7.526646089636941
"(4, 44, 46)",7.526259384873641
"(8, 44, 46)",7.526259384873641
"(38, 44, 46)",7.526259384873641
"(44, 46, 47)",7.526259384873641
"(10, 20, 25)",7.525384944140498
"(24, 25, 44)",7.52275565110242
"(14, 15, 42)",7.522182436358253
"(0, 13, 18)",7.521536592714728
"(5, 33, 36)",7.520858145875626
"(5, 22, 26)",7.518341920483762
"(3, 11, 37)",7.517399945103566
"(9, 20, 45)",7.515202264114966
"(1, 20, 30)",7.513053628643383
"(39, 43, 45)",7.512927718205217
"(15, 32, 36)",7.5098481119241765
"(20, 23, 45)",7.5092106144758635
"(5, 19, 32)",7.508953472178674
"(4, 14, 46)",7.506640167848705
"(8, 14, 46)",7.506640167848705
"(14, 38, 46)",7.506640167848705
"(14, 46, 47)",7.506640167848705
"(15, 34, 43)",7.504717422650209
"(5, 13, 35)",7.503223683989946
"(14, 24, 25)",7.503136434077484
"(5, 26)",7.502408159670396
"(7, 24, 48)",7.501115869945697
"(5, 22, 30)",7.500597111212327
"(12, 13, 25)",7.499668994787155
"(7, 17, 39)",7.499249200192519
"(32, 41, 45)",7.498227897996598
"(7, 26, 44)",7.497843266201183
"(7, 10, 18)",7.496512319113583
"(9, 31, 36)",7.495628730858009
"(18, 42, 48)",7.495566976825586
"(5, 17, 42)",7.495373901160575
"(7, 22, 33)",7.492450067790843
"(23, 31, 36)",7.489637081218907
"(4, 26, 41)",7.4889710028646395
"(8, 26, 41)",7.4889710028646395
"(26, 38, 41)",7.4889710028646395
"(26, 41, 47)",7.4889710028646395
"(16, 20, 22)",7.488029502328297
"(10, 13, 45)",7.4877822807925805
"(1, 25, 26)",7.485822717600815
"(7, 34, 46)",7.482841180208215
"(7, 30, 44)",7.480098456929749
"(7, 14, 26)",7.478224049176246
"(1, 16, 45)",7.4776172869634685
"(6, 7, 39)",7.477376471123209
"(5, 30)",7.475790945763244
"(13, 24, 41)",7.473947801532015
"(5, 6, 42)",7.473501172091265
"(18, 20, 40)",7.472765415676291
"(3, 4, 36)",7.472681104028114
"(3, 8, 36)",7.472681104028114
"(3, 36, 38)",7.472681104028114
"(3, 36, 47)",7.472681104028114
"(7, 28, 49)",7.472517755933751
"(4, 30, 41)",7.471226193593205
"(8, 30, 41)",7.471226193593205
"(30, 38, 41)",7.471226193593205
"(30, 41, 47)",7.471226193593205
"(21, 36, 41)",7.470732548856839
"(9, 25, 45)",7.4702265438009645
"(1, 34, 42)",7.469591860872815
"(15, 22, 41)",7.468745741083675
"(5, 21, 46)",7.468243985436903
"(1, 25, 30)",7.468077908329381
"(13, 16, 42)",7.467301844743403
"(15, 20, 33)",7.465558940064973
"(20, 21, 26)",7.465029522446273
"(15, 36, 48)",7.464612236716105
"(23, 25, 45)",7.464234894161862
"(5, 19, 48)",7.463717596970603
"(7, 24, 43)",7.463621699748352
"(7, 33)",7.463570380631017
"(13, 33, 36)",7.46114849500959
"(18, 21, 24)",7.461069282320595
"(1, 21, 39)",7.458869965133445
"(13, 22, 26)",7.458632269617727
"(18, 42, 43)",7.458072806628241
"(16, 20)",7.456939532437198
"(17, 20, 22)",7.456391907879434
"(7, 15, 40)",7.4523845907631685
"(13, 19, 32)",7.449243821312638
"(24, 36, 45)",7.449046733505492
"(5, 13, 28)",7.448985188638104
"(1, 22, 44)",7.44882641657527
"(20, 21, 30)",7.447284713174839
"(1, 17, 45)",7.445979692514605
"(2, 30, 39)",7.445407018191311
"(19, 20, 42)",7.44509110852264
"(16, 22, 25)",7.443053782014295
"(13, 22, 30)",7.440887460346293
"(18, 19, 34)",7.438268204116813
"(13, 17, 42)",7.43566425029454
"(6, 20, 22)",7.434519178810124
"(15, 34, 39)",7.434119514747833
"(7, 16, 41)",7.433456929027347
"(1, 14, 22)",7.4292071995503335
"(15, 41)",7.428013890570265
"(18, 25, 40)",7.427789695362288
"(15, 36, 43)",7.42711806651876
"(5, 19, 43)",7.426223426773258
"(34, 36, 44)",7.426062773962822
"(1, 6, 45)",7.424106963445295
"(1, 4, 40)",7.423593002918221
"(1, 8, 40)",7.423593002918221
"(1, 38, 40)",7.423593002918221
"(1, 40, 47)",7.423593002918221
"(10, 41, 48)",7.422616078444909
"(15, 25, 33)",7.420583219750971
"(21, 25, 26)",7.420053802132271
"(41, 43, 45)",7.415497852591182
"(4, 20, 37)",7.413990460797526
"(8, 20, 37)",7.413990460797526
"(20, 37, 38)",7.413990460797526
"(20, 37, 47)",7.413990460797526
"(6, 13, 42)",7.41379152122523
"(1, 37, 46)",7.413433699314298
"(13, 26)",7.412843683371343
"(3, 18, 20)",7.412561067448753
"(16, 21, 45)",7.411848371494925
"(17, 22, 25)",7.411416187565432
"(17, 20)",7.4094831407639035
"(13, 21, 46)",7.408534334570868
"(14, 34, 36)",7.4064435569378855
"(7, 36, 46)",7.405241824076766
"(13, 19, 48)",7.404007946104567
"(21, 34, 42)",7.403822945404271
"(4, 33, 44)",7.403812180506391
"(8, 33, 44)",7.403812180506391
"(33, 38, 44)",7.403812180506391
"(33, 44, 47)",7.403812180506391
"(1, 33, 37)",7.402315042067392
"(21, 25, 30)",7.402308992860837
"(7, 17, 41)",7.401819334578484
"(1, 15, 32)",7.400555662586746
"(19, 25, 42)",7.400115388208639
"(14, 29, 30)",7.399930866638262
"(1, 44)",7.398134903807657
"(20, 32, 48)",7.395214159656427
"(0, 5, 45)",7.394162329959689
"(7, 24, 39)",7.393023791845977
"(3, 7, 15)",7.392180242535632
"(1, 36, 42)",7.391992504741366
"(6, 22, 25)",7.389543458496122
"(16, 25)",7.389475951966195
"(5, 24, 42)",7.389148492814033
"(5, 7, 37)",7.3887888051156985
"(18, 39, 42)",7.3874748987258645
"(15, 16, 18)",7.387290029261509
"(5, 26, 34)",7.386285828533884
"(13, 30)",7.386226469464191
"(4, 14, 33)",7.384192963481454
"(8, 14, 33)",7.384192963481454
"(14, 33, 38)",7.384192963481454
"(14, 33, 47)",7.384192963481454
"(19, 22, 45)",7.383240382445615
"(21, 22, 44)",7.383057501106726
"(17, 21, 45)",7.380210777046061
"(6, 7, 41)",7.379946605509174
"(4, 16, 32)",7.378011988781191
"(8, 16, 32)",7.378011988781191
"(16, 32, 38)",7.378011988781191
"(16, 32, 47)",7.378011988781191
"(4, 11, 20)",7.377620465788608
"(8, 11, 20)",7.377620465788608
"(11, 20, 38)",7.377620465788608
"(11, 20, 47)",7.377620465788608
"(1, 11, 46)",7.37706370430538
"(6, 20)",7.376674047159939
"(4, 9, 15)",7.375702593654937
"(8, 9, 15)",7.375702593654937
"(9, 15, 38)",7.375702593654937
"(9, 15, 47)",7.375702593654937
"(5, 16, 44)",7.374189959362016
"(0, 20, 25)",7.372055342441571
"(10, 32, 44)",7.370943196207249
"(5, 9, 18)",7.3708817628862295
"(2, 22, 47)",7.37049604893767
"(4, 15, 23)",7.369710944015834
"(8, 15, 23)",7.369710944015834
"(15, 23, 38)",7.369710944015834
"(15, 23, 47)",7.369710944015834
"(14, 15, 44)",7.36936090011083
"(4, 25, 37)",7.369014740483525
"(8, 25, 37)",7.369014740483525
"(25, 37, 38)",7.369014740483525
"(25, 37, 47)",7.369014740483525
"(1, 14)",7.368706078270252
"(4, 12, 45)",7.368623762687027
"(8, 12, 45)",7.368623762687027
"(12, 38, 45)",7.368623762687027
"(12, 45, 47)",7.368623762687027
"(5, 30, 34)",7.36854101926245
"(14, 18, 32)",7.368362098761297
"(3, 18, 25)",7.367585347134752
"(13, 19, 43)",7.366513775907222
"(7, 12, 20)",7.366290839801082
"(1, 11, 33)",7.365945047058473
"(5, 18, 23)",7.364890113247128
"(14, 21, 22)",7.36343828408179
"(1, 3, 4)",7.363388654690684
"(1, 3, 8)",7.363388654690684
"(1, 3, 38)",7.363388654690684
"(1, 3, 47)",7.363388654690684
"(1, 21, 41)",7.36144009951941
"(18, 19, 36)",7.360668847985364
"(7, 33, 34)",7.3603939758409656
"(6, 21, 45)",7.358338047976751
"(4, 21, 40)",7.357824087449677
"(8, 21, 40)",7.357824087449677
"(21, 38, 40)",7.357824087449677
"(21, 40, 47)",7.357824087449677
"(20, 32, 43)",7.357719989459082
"(15, 36, 39)",7.356520158616384
"(16, 20, 34)",7.355973410378419
"(15, 17, 18)",7.3556524348126455
"(5, 19, 39)",7.355625518870882
"(1, 15, 48)",7.355319787378675
"(4, 7, 29)",7.355213106845365
"(7, 8, 29)",7.355213106845365
"(7, 29, 38)",7.355213106845365
"(7, 29, 47)",7.355213106845365
"(5, 14, 16)",7.35457074233708
"(32, 42, 45)",7.353718938412581
"(5, 7, 11)",7.35241881010678
"(22, 34)",7.352125304185679
"(25, 32, 48)",7.350238439342426
"(20, 22, 24)",7.350166499532891
"(4, 20, 35)",7.3500714643717
"(8, 20, 35)",7.3500714643717
"(20, 35, 38)",7.3500714643717
"(20, 35, 47)",7.3500714643717
"(1, 35, 46)",7.349514702888472
"(18, 45, 46)",7.347454710383352
"(4, 17, 32)",7.346374394332328
"(8, 17, 32)",7.346374394332328
"(17, 32, 38)",7.346374394332328
"(17, 32, 47)",7.346374394332328
"(5, 21, 33)",7.3457967810696525
"(39, 41, 45)",7.344899944688806
"(4, 26, 42)",7.344462043280623
"(8, 26, 42)",7.344462043280623
"(26, 38, 42)",7.344462043280623
"(26, 42, 47)",7.344462043280623
"(0, 7, 18)",7.3431827174146544
"(18, 44, 48)",7.342745440578163
"(5, 17, 44)",7.3425523649131526
"(17, 25)",7.342019560292901
"(1, 24, 45)",7.3397542841680625
"(1, 33, 35)",7.338396045641566
"(15, 34, 41)",7.336689649133797
"(15, 21, 32)",7.334786747118203
"(0, 13, 45)",7.334452679093653
"(6, 15, 18)",7.333779705743336
"(4, 16, 48)",7.33277611357312
"(8, 16, 48)",7.33277611357312
"(16, 38, 48)",7.33277611357312
"(16, 47, 48)",7.33277611357312
"(4, 11, 25)",7.332644745474607
"(8, 11, 25)",7.332644745474607
"(11, 25, 38)",7.332644745474607
"(11, 25, 47)",7.332644745474607
"(13, 24, 42)",7.329438841947998
"(1, 12, 28)",7.329161519196029
"(7, 13, 37)",7.329079154249663
"(4, 30, 42)",7.326717234009188
"(8, 30, 42)",7.326717234009188
"(30, 38, 42)",7.326717234009188
"(30, 42, 47)",7.326717234009188
"(13, 26, 34)",7.326576177667849
"(21, 36, 42)",7.326223589272822
"(5, 7, 35)",7.324869808689872
"(4, 6, 32)",7.324501665263018
"(6, 8, 32)",7.324501665263018
"(6, 32, 38)",7.324501665263018
"(6, 32, 47)",7.324501665263018
"(17, 20, 34)",7.3243358159295555
"(15, 22, 42)",7.324236781499658
"(14, 18, 48)",7.323126223553226
"(5, 14, 17)",7.322933147888216
"(7, 12, 25)",7.321315119487081
"(5, 6, 44)",7.320679635843843
"(1, 15, 43)",7.31782561718133
"(1, 34, 44)",7.316770324625392
"(13, 16, 44)",7.31448030849598
"(25, 32, 43)",7.312744269145081
"(20, 43, 48)",7.312484114251011
"(9, 13, 18)",7.311172112020195
"(16, 25, 34)",7.310997690064418
"(7, 10, 45)",7.309428405492507
"(6, 25)",7.309210466688936
"(13, 30, 34)",7.308831368396414
"(4, 22, 46)",7.30869451299011
"(8, 22, 46)",7.30869451299011
"(22, 38, 46)",7.30869451299011
"(5, 26, 36)",7.308686472402435
"(42, 45, 48)",7.30848306320451
"(18, 43, 44)",7.3052512703808175
"(22, 24, 25)",7.30519077921889
"(13, 18, 23)",7.3051804623810925
"(4, 25, 35)",7.305095744057699
"(8, 25, 35)",7.305095744057699
"(25, 35, 38)",7.305095744057699
"(25, 35, 47)",7.305095744057699
"(6, 20, 34)",7.302463086860246
"(4, 17, 48)",7.301138519124256
"(8, 17, 48)",7.301138519124256
"(17, 38, 48)",7.301138519124256
"(17, 47, 48)",7.301138519124256
"(5, 6, 14)",7.301060418818906
"(19, 45)",7.299755852613176
"(21, 44)",7.299481530604842
"(3, 4, 21)",7.2976197392221405
"(3, 8, 21)",7.2976197392221405
"(3, 21, 38)",7.2976197392221405
"(3, 21, 47)",7.2976197392221405
"(1, 14, 34)",7.297151107600456
"(13, 19, 39)",7.295915868004846
"(4, 20, 28)",7.295832969019858
"(8, 20, 28)",7.295832969019858
"(20, 28, 38)",7.295832969019858
"(20, 28, 47)",7.295832969019858
"(7, 24, 41)",7.295593926231941
"(4, 16, 43)",7.295281943375775
"(8, 16, 43)",7.295281943375775
"(16, 38, 43)",7.295281943375775
"(16, 43, 47)",7.295281943375775
"(13, 14, 16)",7.294861091471045
"(7, 11, 13)",7.2927091592407445
"(19, 20, 44)",7.2922695722752175
"(5, 30, 36)",7.290941663131001
"(18, 41, 42)",7.290045033111829
"(15, 21, 48)",7.289550871910132
"(7, 16, 42)",7.2889479694433295
"(20, 32, 39)",7.287122081556706
"(13, 21, 33)",7.286087130203617
"(20, 40, 45)",7.285681502055215
"(14, 18, 43)",7.285632053355881
"(13, 17, 44)",7.282842714047117
"(7, 33, 36)",7.282794619709517
"(7, 22, 26)",7.280278394317652
"(17, 25, 34)",7.279360095615554
"(4, 6, 48)",7.2792657900549465
"(6, 8, 48)",7.2792657900549465
"(6, 38, 48)",7.2792657900549465
"(6, 47, 48)",7.2792657900549465
"(16, 20, 36)",7.27837405424697
"(21, 24, 45)",7.273985368699519
"(14, 19, 20)",7.272650355250281
"(42, 43, 45)",7.270988893007165
"(7, 19, 32)",7.270889946012565
"(5, 7, 28)",7.27063131333803
"(14, 21)",7.270052705067437
"(0, 41, 48)",7.2692864767459815
"(25, 43, 48)",7.2675083939370095
"(31, 36, 40)",7.2661079687982575
"(7, 13, 35)",7.2651601578238365
"(2, 4, 8)",7.2636991899019545
"(2, 4, 38)",7.2636991899019545
"(2, 4, 47)",7.2636991899019545
"(2, 8, 38)",7.2636991899019545
"(2, 8, 47)",7.2636991899019545
"(2, 38, 47)",7.2636991899019545
"(4, 17, 43)",7.263644348926912
"(8, 17, 43)",7.263644348926912
"(17, 38, 43)",7.263644348926912
"(17, 43, 47)",7.263644348926912
"(13, 14, 17)",7.263223497022182
"(7, 22, 30)",7.262533585046218
"(6, 13, 44)",7.260969984977807
"(15, 36, 41)",7.259090293002348
"(5, 19, 41)",7.258195653256847
"(6, 25, 34)",7.257487366546244
"(7, 17, 42)",7.257310374994466
"(5, 15, 46)",7.256601729582412
"(15, 20, 26)",7.2533872665917825
"(15, 21, 43)",7.252056701712787
"(1, 18, 19)",7.251376398647934
"(19, 34, 45)",7.251184290495737
"(21, 34, 44)",7.251001409156848
"(4, 25, 28)",7.250857248705857
"(8, 25, 28)",7.250857248705857
"(25, 28, 38)",7.250857248705857
"(25, 28, 47)",7.250857248705857
"(20, 24)",7.25014502824409
"(15, 18, 24)",7.249427026466103
"(13, 26, 36)",7.2489768215364
"(19, 25, 44)",7.247293851961216
"(1, 15, 39)",7.247227709278954
"(17, 20, 36)",7.2467364597981065
"(25, 32, 39)",7.242146361242705
"(20, 39, 48)",7.241886206348635
"(4, 6, 43)",7.241771619857602
"(6, 8, 43)",7.241771619857602
"(6, 38, 43)",7.241771619857602
"(6, 43, 47)",7.241771619857602
"(6, 13, 14)",7.241350767952871
"(25, 40, 45)",7.240705781741213
"(4, 24, 32)",7.240148985985785
"(8, 24, 32)",7.240148985985785
"(24, 32, 38)",7.240148985985785
"(24, 32, 47)",7.240148985985785
"(1, 36, 44)",7.239170968493943
"(5, 10, 20)",7.238956249604688
"(7, 12, 49)",7.236772867546992
"(5, 24, 44)",7.23632695656661
"(22, 36)",7.235726269988506
"(15, 20, 30)",7.235642457320348
"(6, 7, 42)",7.235437645925156
"(18, 39, 44)",7.234653362478442
"(16, 25, 36)",7.233398333932969
"(14, 21, 34)",7.231382192131912
"(13, 30, 36)",7.231232012264965
"(29, 30, 39)",7.230718175966738
"(7, 21, 46)",7.230180459270793
"(14, 19, 25)",7.22767463493628
"(7, 19, 48)",7.225654070804493
"(3, 20, 45)",7.225477153827678
"(18, 33, 45)",7.225007506016102
"(6, 20, 36)",7.224863730728797
"(4, 16, 39)",7.224684035473398
"(8, 16, 39)",7.224684035473398
"(16, 38, 39)",7.224684035473398
"(16, 39, 47)",7.224684035473398
"(1, 14, 36)",7.219551751469007
"(20, 24, 34)",7.218110407583014
"(0, 32, 44)",7.217613594508322
"(1, 21, 42)",7.216931139935393
"(5, 14, 24)",7.216707739541674
"(14, 18, 39)",7.2150341454535045
"(5, 12, 13)",7.2132403002513446
"(15, 42)",7.211250451194239
"(7, 13, 28)",7.2109216624719945
"(22, 34, 36)",7.208497902079291
"(15, 25, 26)",7.20841154627778
"(3, 31, 36)",7.205903620570721
"(20, 39, 43)",7.20439203615129
"(17, 25, 36)",7.201760739484105
"(39, 42, 45)",7.200390985104789
"(15, 16, 45)",7.200206115640434
"(1, 5, 26)",7.199394023065006
"(13, 19, 41)",7.19848600239081
"(25, 39, 48)",7.196910486034633
"(13, 15, 46)",7.196892078716377
"(4, 24, 48)",7.194913110777714
"(8, 24, 48)",7.194913110777714
"(24, 38, 48)",7.194913110777714
"(24, 47, 48)",7.194913110777714
"(5, 10, 25)",7.193980529290687
"(4, 17, 39)",7.193046441024535
"(8, 17, 39)",7.193046441024535
"(17, 38, 39)",7.193046441024535
"(17, 39, 47)",7.193046441024535
"(15, 34, 42)",7.19218068954978
"(4, 26, 44)",7.1916405070332
"(8, 26, 44)",7.1916405070332
"(26, 38, 44)",7.1916405070332
"(26, 44, 47)",7.1916405070332
"(15, 25, 30)",7.190666737006346
"(4, 10, 18)",7.190309559945598
"(10, 18, 38)",7.190309559945598
"(10, 18, 47)",7.190309559945598
"(20, 32, 41)",7.189692215942671
"(7, 19, 43)",7.188159900607149
"(4, 46)",7.187937048429918
"(8, 46)",7.187937048429918
"(38, 46)",7.187937048429918
"(46, 47)",7.187937048429918
"(4, 22, 33)",7.18624730862286
"(8, 22, 33)",7.18624730862286
"(22, 33, 38)",7.18624730862286
"(18, 19, 21)",7.185607483179391
"(5, 9, 45)",7.183797849265154
"(24, 25)",7.182681447773087
"(1, 5, 30)",7.1816492137935715
"(15, 21, 39)",7.18145879381041
"(14, 32, 45)",7.181278185140222
"(3, 25, 45)",7.180501433513677
"(6, 25, 36)",7.179888010414795
"(10, 13, 20)",7.1792465987386525
"(5, 23, 45)",7.177806199626052
"(4, 34, 46)",7.1766384210402325
"(8, 34, 46)",7.1766384210402325
"(34, 38, 46)",7.1766384210402325
"(34, 46, 47)",7.1766384210402325
"(13, 24, 44)",7.176617305700575
"(4, 30, 44)",7.173895697761766
"(8, 30, 44)",7.173895697761766
"(30, 38, 44)",7.173895697761766
"(30, 44, 47)",7.173895697761766
"(19, 36, 45)",7.173584934364288
"(21, 36, 44)",7.1734020530253995
"(24, 25, 34)",7.173134687269012
"(4, 14, 26)",7.172021290008264
"(8, 14, 26)",7.172021290008264
"(14, 26, 38)",7.172021290008264
"(14, 26, 47)",7.172021290008264
"(15, 22, 44)",7.171415245252235
"(4, 6, 39)",7.171173711955225
"(6, 8, 39)",7.171173711955225
"(6, 38, 39)",7.171173711955225
"(6, 39, 47)",7.171173711955225
"(18, 22, 32)",7.170416443902703
"(1, 16, 20)",7.1690816049095405
"(15, 17, 45)",7.16856852119157
"(9, 20, 25)",7.1616908617470365
"(25, 39, 43)",7.159416315837288
"(4, 24, 43)",7.157418940580369
"(8, 24, 43)",7.157418940580369
"(24, 38, 43)",7.157418940580369
"(24, 43, 47)",7.157418940580369
"(13, 14, 24)",7.156998088675639
"(5, 16, 22)",7.156625087478485
"(0, 7, 45)",7.156098803793579
"(22, 29, 47)",7.155807206713097
"(20, 23, 25)",7.155699212107934
"(44, 45, 48)",7.155661526957087
"(34,)",7.154041166260862
"(14, 21, 36)",7.153782836000463
"(14, 15, 22)",7.151796028227299
"(7, 24, 42)",7.1510849666479235
"(1, 15, 41)",7.149797843664919
"(7, 26, 34)",7.148222302367775
"(6, 15, 45)",7.1466957921222605
"(4, 15, 40)",7.146181831595186
"(8, 15, 40)",7.146181831595186
"(15, 38, 40)",7.146181831595186
"(15, 40, 47)",7.146181831595186
"(7, 26)",7.145312870421232
"(25, 32, 41)",7.1447164956286695
"(11, 37, 46)",7.143757905984236
"(5, 18, 40)",7.141361000826478
"(20, 24, 36)",7.140511051451565
"(1, 13, 26)",7.13968437219897
"(1, 17, 20)",7.137444010460677
"(18, 41, 44)",7.137223496864406
"(7, 16, 44)",7.136126433195907
"(14, 45, 48)",7.136042309932151
"(10, 13, 25)",7.134270878424651
"(5, 15, 33)",7.134154525215161
"(5, 21, 26)",7.133625107596462
"(7, 9, 18)",7.132818236720121
"(7, 30, 34)",7.130477493096341
"(4, 16, 41)",7.127254169859363
"(8, 16, 41)",7.127254169859363
"(16, 38, 41)",7.127254169859363
"(16, 41, 47)",7.127254169859363
"(7, 18, 23)",7.126826587081018
"(18, 22, 48)",7.125180568694632
"(5, 17, 22)",7.1249874930296215
"(1, 16, 25)",7.124105884595539
"(9, 13, 45)",7.124088198399119
"(1, 13, 30)",7.121939562927536
"(7, 30)",7.118695656514079
"(43, 44, 45)",7.118167356759742
"(13, 23, 45)",7.1180965487600165
"(14, 18, 41)",7.117604279839469
"(7, 19, 39)",7.117561992704772
"(7, 14, 16)",7.1165072161709695
"(5, 21, 30)",7.1158802983250276
"(1, 6, 20)",7.115571281391367
"(15, 36, 42)",7.114581333418331
"(5, 19, 42)",7.113686693672829
"(7, 21, 33)",7.107733254903543
"(20, 41, 43)",7.106962170537255
"(7, 17, 44)",7.104488838747043
"(16, 20, 21)",7.103312689440997
"(5, 6, 22)",7.103114763960312
"(41, 42, 45)",7.102961119490754
"(1, 22, 34)",7.099205452741861
"(4, 36, 46)",7.099039064908784
"(8, 36, 46)",7.099039064908784
"(36, 38, 46)",7.099039064908784
"(36, 46, 47)",7.099039064908784
"(14, 43, 45)",7.098548139734806
"(13, 16, 22)",7.09691543661245
"(4, 17, 41)",7.095616575410499
"(8, 17, 41)",7.095616575410499
"(17, 38, 41)",7.095616575410499
"(17, 41, 47)",7.095616575410499
"(24, 25, 36)",7.095535331137563
"(1, 17, 25)",7.092468290146676
"(18, 22, 43)",7.087686398497287
"(4, 24, 39)",7.086821032677993
"(8, 24, 39)",7.086821032677993
"(24, 38, 39)",7.086821032677993
"(24, 39, 47)",7.086821032677993
"(3, 4, 15)",7.08597748336765
"(3, 8, 15)",7.08597748336765
"(3, 15, 38)",7.08597748336765
"(3, 15, 47)",7.08597748336765
"(0, 5, 20)",7.085626647905761
"(7, 14, 17)",7.084869621722106
"(15, 21, 41)",7.084028928196375
"(6, 7, 44)",7.082616109677733
"(4, 5, 37)",7.082586045947715
"(5, 8, 37)",7.082586045947715
"(5, 37, 38)",7.082586045947715
"(5, 37, 47)",7.082586045947715
"(13, 18, 40)",7.081651349960444
"(3, 5, 18)",7.081156652598942
"(19, 20, 22)",7.0747047003916865
"(13, 15, 33)",7.074444874349126
"(13, 21, 26)",7.073915456730427
"(4, 6, 41)",7.0737438463411895
"(6, 8, 41)",7.0737438463411895
"(6, 38, 41)",7.0737438463411895
"(6, 41, 47)",7.0737438463411895
"(1, 22)",7.071787595982361
"(17, 20, 21)",7.071675094992133
"(7, 26, 36)",7.070622946236326
"(1, 6, 25)",7.070595561077366
"(0, 8, 10)",7.065863565097296
"(13, 17, 22)",7.065277842163587
"(1, 19, 45)",7.064292485026858
"(1, 21, 44)",7.06410960368797
"(5, 32, 48)",7.0638097448066155
"(6, 7, 14)",7.062996892652797
"(15, 24, 45)",7.062343112845028
"(25, 41, 43)",7.0619864502232526
"(4, 12, 20)",7.060088080633099
"(8, 12, 20)",7.060088080633099
"(12, 20, 38)",7.060088080633099
"(12, 20, 47)",7.060088080633099
"(1, 12, 46)",7.059531319149871
"(9, 41, 48)",7.058921996051447
"(16, 21, 25)",7.058336969126995
"(13, 21, 30)",7.056170647458993
"(4, 33, 34)",7.054191216672982
"(8, 33, 34)",7.054191216672982
"(33, 34, 38)",7.054191216672982
"(33, 34, 47)",7.054191216672982
"(13, 19, 42)",7.053977042806793
"(23, 41, 48)",7.052930346412345
"(7, 30, 36)",7.052878136964892
"(6, 20, 21)",7.049802365922823
"(4, 8, 29)",7.049010347677381
"(4, 29, 38)",7.049010347677381
"(4, 29, 47)",7.049010347677381
"(8, 29, 38)",7.049010347677381
"(8, 29, 47)",7.049010347677381
"(29, 38, 47)",7.049010347677381
"(1, 12, 33)",7.0484126619029634
"(39, 44, 45)",7.047569448857367
"(4, 5, 11)",7.0462160509387965
"(5, 8, 11)",7.0462160509387965
"(5, 11, 38)",7.0462160509387965
"(5, 11, 47)",7.0462160509387965
"(20, 32, 42)",7.045183256358653
"(1, 14, 21)",7.044490386663034
"(6, 13, 22)",7.043405113094277
"(0, 5, 25)",7.040650927591759
"(15, 34, 44)",7.039359153302358
"(18, 20, 46)",7.038919028329424
"(18, 32, 34)",7.038360351952825
"(34, 36)",7.037642132063689
"(0, 4, 18)",7.036979958246672
"(0, 8, 18)",7.036979958246672
"(0, 18, 38)",7.036979958246672
"(0, 18, 47)",7.036979958246672
"(20, 39, 41)",7.036364262634878
"(5, 7, 12)",7.034886424951271
"(21, 22, 34)",7.033436537273317
"(1, 20, 24)",7.031218602114135
"(19, 22, 25)",7.029728980077686
"(14, 39, 45)",7.027950231832429
"(17, 21, 25)",7.026699374678132
"(5, 32, 43)",7.026315574609271
"(0, 13, 20)",7.025916997039725
"(5, 16, 34)",7.0245689955286075
"(4, 13, 37)",7.0228763950816795
"(8, 13, 37)",7.0228763950816795
"(13, 37, 38)",7.0228763950816795
"(13, 37, 47)",7.0228763950816795
"(1, 22, 36)",7.021606096610412
"(3, 13, 18)",7.021447001732907
"(11, 33, 37)",7.0213107016169864
"(7, 19, 41)",7.020132127090736
"(14, 15, 34)",7.019739936277421
"(5, 22, 24)",7.01876208468308
"(4, 5, 35)",7.018667049521889
"(5, 8, 35)",7.018667049521889
"(5, 35, 38)",7.018667049521889
"(5, 35, 47)",7.018667049521889
"(7, 15, 46)",7.018538203416302
"(18, 22, 39)",7.017088490594912
"(4, 12, 25)",7.0151123603190975
"(8, 12, 25)",7.0151123603190975
"(12, 25, 38)",7.0151123603190975
"(12, 25, 47)",7.0151123603190975
"(18, 26, 45)",7.01283583254291
"(9, 32, 44)",7.007249113813788
"(1, 15, 42)",7.005288884080901
"(6, 21, 25)",7.004826645608822
"(4, 33)",7.0042662418790425
"(8, 33)",7.0042662418790425
"(33, 38)",7.0042662418790425
"(33, 47)",7.0042662418790425
"(13, 32, 48)",7.004100093940581
"(4, 10, 45)",7.003225646324523
"(10, 38, 45)",7.003225646324523
"(10, 45, 47)",7.003225646324523
"(23, 32, 44)",7.001257464174685
"(7, 10, 20)",7.000892723438579
"(25, 32, 42)",7.000207536044652
"(20, 42, 48)",6.999947381150582
"(19, 21, 45)",6.998523569558315
"(7, 24, 44)",6.998263430400501
"(18, 30, 45)",6.995091023271476
"(18, 25, 46)",6.993943308015422
"(18, 34, 48)",6.993124476744754
"(5, 17, 34)",6.992931401079744
"(18, 42, 44)",6.992714537280389
"(25, 39, 41)",6.991388542320877
"(4, 24, 41)",6.989391167063958
"(8, 24, 41)",6.989391167063958
"(24, 38, 41)",6.989391167063958
"(24, 41, 47)",6.989391167063958
"(4, 11, 13)",6.986506400072761
"(8, 11, 13)",6.986506400072761
"(11, 13, 38)",6.986506400072761
"(11, 13, 47)",6.986506400072761
"(1, 24, 25)",6.986242881800133
"(22, 32, 45)",6.983332530281627
"(4, 16, 42)",6.982745210275346
"(8, 16, 42)",6.982745210275346
"(16, 38, 42)",6.982745210275346
"(16, 42, 47)",6.982745210275346
"(15, 44)",6.982018146823105
"(5, 43, 48)",6.981079699401199
"(0, 13, 25)",6.980941276725724
"(18, 32)",6.980519944798807
"(7, 14, 24)",6.978644213375564
"(4, 33, 36)",6.976591860541533
"(8, 33, 36)",6.976591860541533
"(33, 36, 38)",6.976591860541533
"(33, 36, 47)",6.976591860541533
"(7, 12, 13)",6.975176774085235
"(4, 22, 26)",6.974075635149669
"(8, 22, 26)",6.974075635149669
"(22, 26, 38)",6.974075635149669
"(15, 18, 19)",6.973965227324899
"(21, 22)",6.973134222779546
"(14, 18, 42)",6.973095320255452
"(5, 6, 34)",6.971058672010434
"(13, 32, 43)",6.966605923743236
"(20, 21, 24)",6.9654496866455915
"(13, 16, 34)",6.964859344662572
"(4, 19, 32)",6.964687186844581
"(8, 19, 32)",6.964687186844581
"(19, 32, 38)",6.964687186844581
"(19, 32, 47)",6.964687186844581
"(4, 5, 28)",6.964428554170047
"(5, 8, 28)",6.964428554170047
"(5, 28, 38)",6.964428554170047
"(5, 28, 47)",6.964428554170047
"(1, 10, 28)",6.963763402833526
"(20, 42, 43)",6.962453210953237
"(15, 36, 44)",6.961759797170909
"(1, 7, 26)",6.961330496898896
"(5, 19, 44)",6.960865157425406
"(18, 32, 36)",6.960760995821376
"(5, 16)",6.95983291016248
"(13, 22, 24)",6.959052433817044
"(4, 13, 35)",6.958957398655853
"(8, 13, 35)",6.958957398655853
"(13, 35, 38)",6.958957398655853
"(13, 35, 47)",6.958957398655853
"(4, 22, 30)",6.956330825878235
"(8, 22, 30)",6.956330825878235
"(22, 30, 38)",6.956330825878235
"(7, 10, 25)",6.955917003124577
"(21, 22, 36)",6.955837181141868
"(5, 32, 39)",6.955717666706894
"(18, 34, 43)",6.955630306547409
"(25, 42, 48)",6.954971660836581
"(5, 40, 45)",6.954277087205403
"(14, 15)",6.9525893212857
"(4, 17, 42)",6.951107615826483
"(8, 17, 42)",6.951107615826483
"(17, 38, 42)",6.951107615826483
"(17, 42, 47)",6.951107615826483
"(41, 44, 45)",6.950139583243331
"(5, 16, 36)",6.9469696393971585
"(7, 9, 45)",6.945734323099045
"(1, 7, 30)",6.943585687627461
"(19, 20, 34)",6.942648608441809
"(14, 15, 36)",6.942140580145972
"(5, 14, 19)",6.94124594040047
"(7, 23, 45)",6.939742673459943
"(15, 21, 42)",6.939519968612358
"(22, 45, 48)",6.938096655073557
"(13, 17, 34)",6.933221750213709
"(20, 25, 40)",6.932170099687285
"(14, 41, 45)",6.930520366218394
"(4, 6, 42)",6.929234886757173
"(6, 8, 42)",6.929234886757173
"(6, 38, 42)",6.929234886757173
"(6, 42, 47)",6.929234886757173
"(4, 21, 46)",6.92397770010281
"(8, 21, 46)",6.92397770010281
"(21, 38, 46)",6.92397770010281
"(21, 46, 47)",6.92397770010281
"(5, 15, 26)",6.921982851741971
"(13, 43, 48)",6.921370048535165
"(36,)",6.921243097866515
"(21, 24, 25)",6.920473966331589
"(18, 22, 41)",6.919658624980876
"(4, 19, 48)",6.91945131163651
"(8, 19, 48)",6.91945131163651
"(19, 38, 48)",6.91945131163651
"(19, 47, 48)",6.91945131163651
"(7, 16, 22)",6.9185615613123765
"(25, 42, 43)",6.917477490639236
"(18, 20, 33)",6.916471823962174
"(18, 36, 48)",6.915525120613305
"(5, 17, 36)",6.915332044948295
"(18, 48)",6.9126661319867
"(5, 17)",6.912376518489186
"(6, 13, 34)",6.911349021144399
"(5, 39, 48)",6.910481791498823
"(4, 13, 28)",6.904718903304011
"(8, 13, 28)",6.904718903304011
"(13, 28, 38)",6.904718903304011
"(13, 28, 47)",6.904718903304011
"(5, 15, 30)",6.904238042470537
"(7, 18, 40)",6.903297474660369
"(13, 19, 44)",6.901155506559371
"(22, 43, 45)",6.900602484876211
"(19, 25, 34)",6.897672888127808
"(7, 15, 33)",6.8960909990490515
"(13, 32, 39)",6.896008015840859
"(7, 21, 26)",6.895561581430352
"(13, 40, 45)",6.894567436339368
"(3, 5, 45)",6.894072738977867
"(5, 6, 36)",6.893459315878985
"(20, 39, 42)",6.891855303050861
"(15, 16, 20)",6.891670433586506
"(1, 34, 36)",6.889550004660535
"(14, 30, 37)",6.889240279574503
"(13, 16, 36)",6.887259988531123
"(7, 17, 22)",6.886923966863513
"(5, 24, 34)",6.8867059927332015
"(18, 34, 39)",6.885032398645033
"(4, 19, 43)",6.881957141439165
"(8, 19, 43)",6.881957141439165
"(19, 38, 43)",6.881957141439165
"(19, 43, 47)",6.881957141439165
"(13, 14, 19)",6.881536289534434
"(5, 6)",6.879567424885221
"(18, 36, 43)",6.87803095041596
"(7, 21, 30)",6.877816772158917
"(7, 19, 42)",6.875623167506719
"(5, 9, 20)",6.875262167211226
"(1, 34)",6.873703458057545
"(5, 39, 43)",6.872987621301478
"(14, 20, 32)",6.872742503086294
"(3, 20, 25)",6.871965751459749
"(18, 25, 33)",6.871496103648171
"(7, 10, 49)",6.871374751184488
"(13, 16)",6.870268433863427
"(5, 20, 23)",6.869270517572124
"(6, 7, 22)",6.865051237794203
"(19, 20, 36)",6.86504925231036
"(13, 15, 26)",6.8622732008759355
"(15, 17, 20)",6.860032839137642
"(5, 32, 41)",6.8582878010928585
"(18, 43)",6.856424876690683
"(13, 17, 36)",6.85562239408226
"(8, 9, 10)",6.855499084402762
"(11, 14, 30)",6.852870284565585
"(1, 15, 44)",6.852467347833478
"(20, 45, 46)",6.851835114708349
"(1, 18, 32)",6.851468546483947
"(32, 34, 45)",6.85127643833175
"(13, 39, 48)",6.850772140632788
"(0, 4, 45)",6.849896044625596
"(0, 8, 45)",6.849896044625596
"(0, 38, 45)",6.849896044625596
"(0, 45, 47)",6.849896044625596
"(8, 10, 23)",6.84950743476366
"(5, 10, 13)",6.847842183888841
"(0, 7, 20)",6.847563121739651
"(20, 44, 48)",6.847125844903159
"(25, 39, 42)",6.846879582736859
"(15, 16, 25)",6.8466947132725045
"(1, 21, 22)",6.846544731804439
"(4, 24, 42)",6.844882207479941
"(8, 24, 42)",6.844882207479941
"(24, 38, 42)",6.844882207479941
"(24, 42, 47)",6.844882207479941
"(13, 15, 30)",6.844528391604501
"(4, 7, 37)",6.844522519781606
"(7, 8, 37)",6.844522519781606
"(7, 37, 38)",6.844522519781606
"(7, 37, 47)",6.844522519781606
"(3, 7, 18)",6.843093126432834
"(4, 26, 34)",6.842019543199791
"(8, 26, 34)",6.842019543199791
"(26, 34, 38)",6.842019543199791
"(26, 34, 47)",6.842019543199791
"(6, 15, 20)",6.8381601100683325
"(1, 5, 16)",6.837677190059729
"(19, 20)",6.836952329532283
"(3, 13, 45)",6.834363088111831
"(6, 13, 36)",6.83374966501295
"(1, 14, 15)",6.832848130808543
"(31, 36, 46)",6.832261581451391
"(5, 9, 25)",6.830286446897225
"(22, 39, 45)",6.830004576973836
"(4, 16, 44)",6.829923674027923
"(8, 16, 44)",6.829923674027923
"(16, 38, 44)",6.829923674027923
"(16, 44, 47)",6.829923674027923
"(40, 41, 48)",6.829401233991696
"(14, 25, 32)",6.827766782772292
"(14, 20, 48)",6.827506627878223
"(13, 24, 34)",6.826996341867167
"(4, 9, 18)",6.826615477552137
"(8, 9, 18)",6.826615477552137
"(9, 18, 38)",6.826615477552137
"(9, 18, 47)",6.826615477552137
"(7, 32, 48)",6.825746218640505
"(14, 30, 35)",6.825321283148677
"(5, 23, 25)",6.824294797258123
"(4, 30, 34)",6.824274733928357
"(8, 30, 34)",6.824274733928357
"(30, 34, 38)",6.824274733928357
"(30, 34, 47)",6.824274733928357
"(21, 34, 36)",6.823781089191991
"(13, 17)",6.822812042190133
"(15, 22, 34)",6.821794281418827
"(4, 18, 23)",6.820623827913035
"(8, 18, 23)",6.820623827913035
"(18, 23, 38)",6.820623827913035
"(18, 23, 47)",6.820623827913035
"(14, 18, 44)",6.820273784008029
"(19, 25, 36)",6.820073531996359
"(9, 13, 20)",6.815552516345191
"(15, 17, 25)",6.815057118823641
"(13, 39, 43)",6.813277970435443
"(4, 19, 39)",6.811359233536789
"(8, 19, 39)",6.811359233536789
"(19, 38, 39)",6.811359233536789
"(19, 39, 47)",6.811359233536789
"(0, 1, 28)",6.810433801134598
"(4, 14, 16)",6.810304457002987
"(8, 14, 16)",6.810304457002987
"(14, 16, 38)",6.810304457002987
"(14, 16, 47)",6.810304457002987
"(20, 43, 44)",6.809631674705814
"(13, 20, 23)",6.809560866706089
"(11, 26, 37)",6.809139028143795
"(5, 24, 36)",6.8091066366017525
"(4, 7, 11)",6.808152524772687
"(7, 8, 11)",6.808152524772687
"(7, 11, 38)",6.808152524772687
"(7, 11, 47)",6.808152524772687
"(18, 36, 39)",6.807433042513584
"(25, 45, 46)",6.806859394394347
"(1, 18, 48)",6.806232671275875
"(34, 45, 48)",6.806040563123679
"(1, 5, 17)",6.806039595610866
"(42, 44, 45)",6.805630623659313
"(0, 7, 25)",6.80258740142565
"(25, 44, 48)",6.802150124589158
"(4, 21, 33)",6.80153049573556
"(8, 21, 33)",6.80153049573556
"(21, 33, 38)",6.80153049573556
"(21, 33, 47)",6.80153049573556
"(13, 32, 41)",6.798578150226824
"(4, 17, 44)",6.79828607957906
"(8, 17, 44)",6.79828607957906
"(17, 38, 44)",6.79828607957906
"(17, 44, 47)",6.79828607957906
"(20, 41, 42)",6.794425437436826
"(6, 15, 25)",6.793184389754331
"(11, 30, 37)",6.791394218872361
"(14, 20, 43)",6.790012457680878
"(6, 13)",6.790002948586168
"(7, 32, 43)",6.7882520484431605
"(18, 34, 41)",6.787602533030998
"(15, 19, 45)",6.786881313703823
"(15, 21, 44)",6.786698432364935
"(7, 16, 34)",6.786505469362498
"(14, 42, 45)",6.786011406634377
"(18, 21, 32)",6.785699631015403
"(1, 5, 6)",6.784166866541556
"(14, 25, 48)",6.782530907564221
"(7, 22, 24)",6.780698558516971
"(4, 7, 35)",6.780603523355779
"(7, 8, 35)",6.780603523355779
"(7, 35, 38)",6.780603523355779
"(7, 35, 47)",6.780603523355779
"(4, 14, 17)",6.7786668625541235
"(8, 14, 17)",6.7786668625541235
"(14, 17, 38)",6.7786668625541235
"(14, 17, 47)",6.7786668625541235
"(1, 13, 16)",6.7779675391936935
"(32, 40, 44)",6.777728351754036
"(4, 6, 44)",6.77641335050975
"(6, 8, 44)",6.77641335050975
"(6, 38, 44)",6.77641335050975
"(6, 44, 47)",6.77641335050975
"(5, 41, 43)",6.7755577556874425
"(18, 22, 42)",6.775149665396858
"(21, 34)",6.775050084854729
"(32, 36, 45)",6.773677082200301
"(5, 16, 21)",6.771908274591185
"(14, 28, 30)",6.771082787796835
"(9, 13, 25)",6.77057679603119
"(19, 25)",6.7694887490612805
"(3, 41, 48)",6.76919688576416
"(1, 18, 43)",6.768738501078531
"(34, 43, 45)",6.768546392926334
"(14, 15, 21)",6.767079215339999
"(25, 43, 44)",6.764655954391813
"(13, 23, 25)",6.764585146392087
"(4, 26, 36)",6.7644201870683425
"(8, 26, 36)",6.7644201870683425
"(26, 36, 38)",6.7644201870683425
"(26, 36, 47)",6.7644201870683425
"(1, 36)",6.75730442386037
"(4, 6, 14)",6.756794133484814
"(6, 8, 14)",6.756794133484814
"(6, 14, 38)",6.756794133484814
"(6, 14, 47)",6.756794133484814
"(1, 19, 20)",6.75575680297293
"(7, 17, 34)",6.754867874913635
"(15, 20, 24)",6.753807430791101
"(5, 24)",6.753038405969372
"(18, 39)",6.750528014837119
"(25, 41, 42)",6.749449717122824
"(13, 24, 36)",6.749396985735718
"(4, 30, 36)",6.746675377796908
"(8, 30, 36)",6.746675377796908
"(30, 36, 38)",6.746675377796908
"(30, 36, 47)",6.746675377796908
"(1, 13, 17)",6.74632994474483
"(14, 25, 43)",6.745036737366876
"(15, 22, 36)",6.744194925287378
"(5, 19, 22)",6.743300285541876
"(7, 43, 48)",6.743016173235089
"(18, 21, 48)",6.7404637558073315
"(5, 17, 21)",6.740270680142322
"(20, 39, 44)",6.739033766803439
"(6, 7, 34)",6.732995145844325
"(22, 41, 45)",6.7325747113598
"(20, 33, 45)",6.729387910341098
"(4, 5, 12)",6.728683665783287
"(5, 8, 12)",6.728683665783287
"(5, 12, 38)",6.728683665783287
"(5, 12, 47)",6.728683665783287
"(36, 45, 48)",6.72844120699223
"(4, 7, 28)",6.726365028003937
"(7, 8, 28)",6.726365028003937
"(7, 28, 38)",6.726365028003937
"(7, 28, 47)",6.726365028003937
"(1, 6, 13)",6.72445721567552
"(7, 19, 44)",6.722801631259296
"(30, 37, 39)",6.720027588902979
"(14, 20, 39)",6.719414549778502
"(5, 6, 21)",6.718397951073012
"(0, 7, 49)",6.718045149485561
"(7, 32, 39)",6.717654140540785
"(3, 32, 44)",6.7175240035265
"(7, 40, 45)",6.716213561039294
"(13, 41, 43)",6.715848104821408
"(1, 21, 34)",6.714488639854562
"(4, 19, 41)",6.713929367922754
"(8, 19, 41)",6.713929367922754
"(19, 38, 41)",6.713929367922754
"(19, 41, 47)",6.713929367922754
"(5, 32, 42)",6.713778841508842
"(4, 15, 46)",6.712335444248319
"(8, 15, 46)",6.712335444248319
"(15, 38, 46)",6.712335444248319
"(15, 46, 47)",6.712335444248319
"(13, 16, 21)",6.71219862372515
"(1, 19, 25)",6.7107810826589285
"(18, 36, 41)",6.710003176899549
"(31, 33, 36)",6.709814377084141
"(7, 16, 36)",6.708906113231049
"(15, 24, 25)",6.7088317104770985
"(5, 18, 46)",6.707514613479612
"(5, 39, 41)",6.704959847785067
"(18, 20, 26)",6.704300150488983
"(7, 14, 19)",6.703182414234361
"(18, 21, 43)",6.702969585609987
"(32, 45)",6.699894074367194
"(1, 5, 24)",6.699814187264323
"(1, 18, 39)",6.698140593176154
"(34, 39, 45)",6.697948485023957
"(4, 10, 20)",6.694689964270595
"(10, 20, 38)",6.694689964270595
"(10, 20, 47)",6.694689964270595
"(0, 5, 13)",6.694512582189914
"(1, 10, 46)",6.694133202787367
"(25, 39, 44)",6.694058046489436
"(4, 24, 44)",6.692060671232518
"(8, 24, 44)",6.692060671232518
"(24, 38, 44)",6.692060671232518
"(24, 44, 47)",6.692060671232518
"(36, 43, 45)",6.690947036794885
"(19, 20, 21)",6.689987887504387
"(18, 20, 30)",6.686555341217549
"(4, 26)",6.686008731669257
"(8, 26)",6.686008731669257
"(26, 38)",6.686008731669257
"(26, 47)",6.686008731669257
"(25, 33, 45)",6.684412190027096
"(7, 15, 26)",6.683919325575861
"(11, 30, 39)",6.68365759389406
"(13, 19, 22)",6.68359063467584
"(1, 10, 33)",6.68301454554046
"(13, 17, 21)",6.680561029276286
"(7, 17, 36)",6.677268518782186
"(20, 22, 32)",6.6747968482277
"(14, 25, 39)",6.6744388294645
"(4, 14, 24)",6.672441454207581
"(8, 14, 24)",6.672441454207581
"(14, 24, 38)",6.672441454207581
"(14, 24, 47)",6.672441454207581
"(7, 39, 48)",6.6724182653327135
"(5, 7, 10)",6.669488308588767
"(4, 12, 13)",6.668974014917252
"(8, 12, 13)",6.668974014917252
"(12, 13, 38)",6.668974014917252
"(12, 13, 47)",6.668974014917252
"(5, 42, 48)",6.6685429663007705
"(7, 15, 30)",6.666174516304427
"(1, 32, 45)",6.6643846328628715
"(13, 24)",6.663473929670319
"(4, 30)",6.659391517762105
"(8, 30)",6.659391517762105
"(30, 38)",6.659391517762105
"(30, 47)",6.659391517762105
"(18, 25, 26)",6.659324430174981
"(6, 13, 21)",6.658688300206976
"(21, 36)",6.658651050657555
"(30, 35, 39)",6.656108592477152
"(3, 7, 45)",6.656009212811758
"(15, 22)",6.655670838997809
"(6, 7, 36)",6.655395789712876
"(1, 4, 26)",6.655127737730913
"(1, 8, 26)",6.655127737730913
"(1, 26, 38)",6.655127737730913
"(1, 26, 47)",6.655127737730913
"(13, 32, 42)",6.654069190642806
"(16, 18, 45)",6.651118999537633
"(4, 10, 25)",6.649714243956594
"(10, 25, 38)",6.649714243956594
"(10, 25, 47)",6.649714243956594
"(7, 24, 34)",6.648642466567092
"(13, 18, 46)",6.647804962613577
"(5, 20, 40)",6.645741405151475
"(13, 39, 41)",6.645250196919031
"(22, 37, 47)",6.645116619649338
"(19, 21, 25)",6.6450121671903855
"(18, 34, 42)",6.643093573446981
"(20, 41, 44)",6.641603901189403
"(18, 25, 30)",6.6415796209035465
"(1, 13, 24)",6.6401045363982885
"(4, 9, 45)",6.639531563931062
"(8, 9, 45)",6.639531563931062
"(9, 38, 45)",6.639531563931062
"(9, 45, 47)",6.639531563931062
"(1, 4, 30)",6.637382928459479
"(1, 8, 30)",6.637382928459479
"(1, 30, 38)",6.637382928459479
"(1, 30, 47)",6.637382928459479
"(7, 9, 20)",6.637198641045117
"(1, 21, 36)",6.636889283723113
"(7, 39, 43)",6.634924095135369
"(1, 15, 22)",6.634902475949948
"(5, 21, 24)",6.634045271795779
"(4, 23, 45)",6.633539914291959
"(8, 23, 45)",6.633539914291959
"(23, 38, 45)",6.633539914291959
"(23, 45, 47)",6.633539914291959
"(14, 44, 45)",6.633189870386954
"(18, 21, 39)",6.632371677707611
"(45, 48)",6.632040261555087
"(7, 20, 23)",6.631206991406015
"(5, 42, 43)",6.631048796103426
"(22, 25, 32)",6.629821127913698
"(20, 22, 48)",6.629560973019629
"(8, 10, 40)",6.625978322343011
"(18, 22, 44)",6.622328129149436
"(14, 20, 41)",6.621984684164467
"(36, 39, 45)",6.620349128892508
"(7, 32, 41)",6.620224274926749
"(17, 18, 45)",6.61948140508877
"(1, 45, 48)",6.6191487576548
"(4, 16, 22)",6.612358802144392
"(8, 16, 22)",6.612358802144392
"(16, 22, 38)",6.612358802144392
"(15, 34, 36)",6.6121388333375
"(5, 19, 34)",6.611244193591998
"(1, 28, 46)",6.610893740906538
"(7, 10, 13)",6.609778657722732
"(13, 42, 48)",6.608833315434735
"(11, 22, 47)",6.608746624640419
"(18, 41)",6.604383216416066
"(7, 16)",6.602737620913316
"(14, 18, 22)",6.602708912124498
"(28, 30, 39)",6.60187009712531
"(5, 25, 40)",6.600765684837473
"(1, 18, 41)",6.600710727562118
"(34, 41, 45)",6.600518619409922
"(1, 9, 28)",6.600069320440064
"(1, 7, 16)",6.599613663893619
"(21, 32, 45)",6.598615717394328
"(6, 18, 45)",6.59760867601946
"(4, 18, 40)",6.597094715492386
"(8, 18, 40)",6.597094715492386
"(18, 38, 40)",6.597094715492386
"(18, 40, 47)",6.597094715492386
"(25, 41, 44)",6.596628180875401
"(1, 23, 28)",6.594077670800962
"(1,)",6.593365749854226
"(7, 9, 25)",6.592222920731116
"(20, 22, 43)",6.592066802822284
"(4, 15, 33)",6.589888239881068
"(8, 15, 33)",6.589888239881068
"(15, 33, 38)",6.589888239881068
"(15, 33, 47)",6.589888239881068
"(4, 21, 26)",6.589358822262369
"(8, 21, 26)",6.589358822262369
"(21, 26, 38)",6.589358822262369
"(21, 26, 47)",6.589358822262369
"(22, 42, 45)",6.588065751775783
"(7, 23, 25)",6.5862312710920135
"(13, 20, 40)",6.58603175428544
"(3, 5, 20)",6.585537056923939
"(5, 18, 33)",6.585067409112362
"(22, 25, 48)",6.584585252705627
"(1, 43, 45)",6.5816545874574555
"(22, 35, 47)",6.581197623223511
"(4, 17, 22)",6.580721207695529
"(8, 17, 22)",6.580721207695529
"(17, 22, 38)",6.580721207695529
"(14, 25, 41)",6.5770089638504645
"(43, 45)",6.57579900625907
"(13, 21, 24)",6.5743356209297446
"(15, 18, 32)",6.574057375160912
"(4, 21, 30)",6.571614012990935
"(8, 21, 30)",6.571614012990935
"(21, 30, 38)",6.571614012990935
"(21, 30, 47)",6.571614012990935
"(13, 42, 43)",6.57133914523739
"(7, 24, 36)",6.571043110435643
"(4, 19, 42)",6.569420408338736
"(8, 19, 42)",6.569420408338736
"(19, 38, 42)",6.569420408338736
"(19, 42, 47)",6.569420408338736
"(15, 21, 22)",6.569133560481404
"(1, 7, 17)",6.5679760694447555
"(3, 8, 10)",6.565773974115475
"(18, 36, 42)",6.565494217315532
"(5, 39, 42)",6.56045088820105
"(5, 15, 16)",6.560266018736694
"(4, 6, 22)",6.558848478626219
"(6, 8, 22)",6.558848478626219
"(6, 22, 38)",6.558848478626219
"(7, 17)",6.5552812292400215
"(21, 45, 48)",6.553379842186256
"(13, 19, 34)",6.551534542725962
"(22, 25, 43)",6.547091082508282
"(1, 6, 7)",6.5461033403754465
"(1, 28, 33)",6.544152558375076
"(20, 32, 34)",6.542740756277822
"(0, 4, 20)",6.541360362571668
"(0, 8, 20)",6.541360362571668
"(0, 20, 38)",6.541360362571668
"(0, 20, 47)",6.541360362571668
"(5, 14, 32)",6.541338088236483
"(13, 25, 40)",6.541056033971438
"(0, 1, 46)",6.54080360108844
"(3, 5, 25)",6.5405613366099375
"(4, 8, 37)",6.538319760613622
"(4, 37, 38)",6.538319760613622
"(4, 37, 47)",6.538319760613622
"(8, 37, 38)",6.538319760613622
"(8, 37, 47)",6.538319760613622
"(37, 38, 47)",6.538319760613622
"(7, 41, 43)",6.537494229521333
"(3, 4, 18)",6.536890367264849
"(3, 8, 18)",6.536890367264849
"(3, 18, 38)",6.536890367264849
"(3, 18, 47)",6.536890367264849
"(12, 14, 30)",6.5353378994100755
"(18, 21, 41)",6.534941812093575
"(7, 16, 21)",6.533844748425076
"(5, 19, 36)",6.533644837460549
"(0, 1, 33)",6.5296849438415325
"(15, 18, 48)",6.528821499952841
"(5, 15, 17)",6.528628424287831
"(22, 28, 47)",6.526959127871669
"(3, 13, 20)",6.525827406057903
"(13, 18, 33)",6.525357758246327
"(36, 41, 45)",6.522919263278473
"(6, 7)",6.522472135636057
"(20, 22, 39)",6.5214688949199076
"(5, 45, 46)",6.520430699858537
"(4, 32, 48)",6.519543459472523
"(8, 32, 48)",6.519543459472523
"(32, 38, 48)",6.519543459472523
"(32, 47, 48)",6.519543459472523
"(20, 26, 45)",6.517216236867907
"(0, 5, 7)",6.51615870688984
"(21, 43, 45)",6.5158856719889116
"(5, 44, 48)",6.515721430053348
"(18, 24, 45)",6.513255996742228
"(1, 39, 45)",6.511056679555079
"(7, 9, 49)",6.507680668791027
"(5, 6, 15)",6.506755695218521
"(7, 19, 22)",6.505236759375766
"(1, 15, 34)",6.50284638400007
"(7, 17, 21)",6.5022071539762125
"(4, 8, 11)",6.501949765604704
"(4, 11, 38)",6.501949765604704
"(4, 11, 47)",6.501949765604704
"(8, 11, 38)",6.501949765604704
"(8, 11, 47)",6.501949765604704
"(11, 38, 47)",6.501949765604704
"(7, 23, 49)",6.501689019151924
"(13, 39, 42)",6.500741237335014
"(13, 15, 16)",6.500556367870659
"(20, 30, 45)",6.499471427596473
"(20, 25, 46)",6.498323712340419
"(25, 32, 34)",6.497765035963821
"(26, 31, 36)",6.49764270361095
"(20, 34, 48)",6.497504881069751
"(20, 42, 44)",6.497094941605385
"(0, 4, 25)",6.4963846422576665
"(0, 8, 25)",6.4963846422576665
"(0, 25, 38)",6.4963846422576665
"(0, 25, 47)",6.4963846422576665
"(5, 14, 48)",6.496102213028411
"(1, 21)",6.49471237665141
"(15, 18, 43)",6.491327329755496
"(4, 7, 12)",6.490620139617178
"(7, 8, 12)",6.490620139617178
"(7, 12, 38)",6.490620139617178
"(7, 12, 47)",6.490620139617178
"(18, 34, 44)",6.490272037199558
"(5, 9, 13)",6.4841481014953795
"(4, 32, 43)",6.482049289275178
"(8, 32, 43)",6.482049289275178
"(32, 38, 43)",6.482049289275178
"(32, 43, 47)",6.482049289275178
"(13, 14, 32)",6.481628437370448
"(3, 13, 25)",6.480851685743902
"(6, 7, 21)",6.480334424906903
"(4, 16, 34)",6.480302710194515
"(8, 16, 34)",6.480302710194515
"(16, 34, 38)",6.480302710194515
"(16, 34, 47)",6.480302710194515
"(30, 31, 36)",6.479897894339516
"(15, 19, 20)",6.478345631649895
"(5, 43, 44)",6.478227259856003
"(5, 13, 23)",6.478156451856277
"(14, 20, 42)",6.477475724580449
"(22, 25, 39)",6.476493174605906
"(7, 32, 42)",6.4757153153427325
"(4, 22, 24)",6.474495799348987
"(8, 22, 24)",6.474495799348987
"(22, 24, 38)",6.474495799348987
"(4, 8, 35)",6.474400764187796
"(4, 35, 38)",6.474400764187796
"(4, 35, 47)",6.474400764187796
"(8, 35, 38)",6.474400764187796
"(8, 35, 47)",6.474400764187796
"(35, 38, 47)",6.474400764187796
"(13, 19, 36)",6.473935186594513
"(25, 26, 45)",6.472240516553906
"(14, 18, 34)",6.470652820174621
"(39, 45)",6.469902144405506
"(7, 18, 46)",6.4694510873135025
"(13, 15, 17)",6.468918773421795
"(7, 39, 41)",6.466896321618957
"(20, 32, 36)",6.465141400146373
"(5, 41, 42)",6.463021022587014
"(1, 7, 24)",6.461750661098213
"(13, 45, 46)",6.460721048992502
"(20, 34, 43)",6.460010710872406
"(5, 14, 43)",6.458608042831067
"(15, 34)",6.457586701072993
"(0, 7, 13)",6.456449056023804
"(1, 18, 42)",6.456201767978102
"(13, 44, 48)",6.456011779187312
"(34, 42, 45)",6.456009659825905
"(25, 30, 45)",6.454495707282471
"(25, 34, 48)",6.4525291607557484
"(25, 42, 44)",6.452119221291383
"(4, 17, 34)",6.448665115745651
"(8, 17, 34)",6.448665115745651
"(17, 34, 38)",6.448665115745651
"(17, 34, 47)",6.448665115745651
"(11, 16, 37)",6.447422195138518
"(6, 13, 15)",6.447046044352485
"(21, 39, 45)",6.445287764086535
"(15, 21, 34)",6.437077468531527
"(4, 43, 48)",6.436813414067107
"(8, 43, 48)",6.436813414067107
"(38, 43, 48)",6.436813414067107
"(43, 47, 48)",6.436813414067107
"(13, 14, 48)",6.436392562162377
"(22, 44, 45)",6.4352442155283605
"(15, 19, 25)",6.433369911335894
"(14, 25, 42)",6.432500004266448
"(7, 42, 48)",6.430479440134661
"(4, 6, 34)",6.4267923866763415
"(6, 8, 34)",6.4267923866763415
"(6, 34, 38)",6.4267923866763415
"(6, 34, 47)",6.4267923866763415
"(1, 15, 36)",6.425247027868621
"(1, 5, 19)",6.424352388123118
"(20, 22, 41)",6.424039029305872
"(5, 15, 24)",6.422403015941288
"(15, 18, 39)",6.420729421853119
"(25, 32, 36)",6.420165679832372
"(4, 8, 28)",6.420162268835954
"(4, 28, 38)",6.420162268835954
"(4, 28, 47)",6.420162268835954
"(8, 28, 38)",6.420162268835954
"(8, 28, 47)",6.420162268835954
"(28, 38, 47)",6.420162268835954
"(20, 36, 48)",6.419905524938302
"(13, 43, 44)",6.418517608989967
"(4, 19, 44)",6.416598872091313
"(8, 19, 44)",6.416598872091313
"(19, 38, 44)",6.416598872091313
"(19, 44, 47)",6.416598872091313
"(11, 17, 37)",6.415784600689655
"(14, 22, 45)",6.415624998503423
"(25, 34, 43)",6.415034990558404
"(1, 41, 45)",6.413626813941043
"(18, 36, 44)",6.412672681068109
"(4, 32, 39)",6.411451381372801
"(8, 32, 39)",6.411451381372801
"(32, 38, 39)",6.411451381372801
"(32, 39, 47)",6.411451381372801
"(4, 40, 45)",6.4100108018713104
"(8, 40, 45)",6.4100108018713104
"(38, 40, 45)",6.4100108018713104
"(40, 45, 47)",6.4100108018713104
"(7, 20, 40)",6.407677878985366
"(5, 39, 44)",6.407629351953627
"(13, 41, 42)",6.403311371720979
"(4, 16, 36)",6.402703354063066
"(8, 16, 36)",6.402703354063066
"(16, 36, 38)",6.402703354063066
"(16, 36, 47)",6.402703354063066
"(13, 14, 43)",6.398898391965032
"(5, 33, 45)",6.397983495491286
"(4, 14, 19)",6.396979655066377
"(8, 14, 19)",6.396979655066377
"(14, 19, 38)",6.396979655066377
"(14, 19, 47)",6.396979655066377
"(21,)",6.396059003448595
"(7, 21, 24)",6.39598174562967
"(7, 24)",6.395943116720208
"(41, 46, 48)",6.3955548466448295
"(6, 11, 37)",6.393911871620345
"(14, 18, 36)",6.393053464043172
"(7, 42, 43)",6.392985269937316
"(18, 21, 42)",6.390432852509559
"(20, 34, 39)",6.38941280297003
"(5, 14, 39)",6.38801013492869
"(18, 42)",6.38761977704004
"(15, 32, 45)",6.386973461539837
"(20, 36, 43)",6.382411354740957
"(22, 25, 41)",6.379063308991871
"(36, 42, 45)",6.378410303694456
"(4, 15, 26)",6.377716566407878
"(8, 15, 26)",6.377716566407878
"(15, 26, 38)",6.377716566407878
"(15, 26, 47)",6.377716566407878
"(20, 25, 33)",6.375876507973168
"(25, 36, 48)",6.3749298046242995
"(7, 19, 34)",6.373180667425888
"(5, 18, 26)",6.372895735639171
"(4, 17, 36)",6.371065759614202
"(8, 17, 36)",6.371065759614202
"(17, 36, 38)",6.371065759614202
"(17, 36, 47)",6.371065759614202
"(1, 28, 40)",6.370548558380313
"(4, 39, 48)",6.36621550616473
"(8, 39, 48)",6.36621550616473
"(38, 39, 48)",6.36621550616473
"(39, 47, 48)",6.36621550616473
"(12, 30, 39)",6.366125208738551
"(1, 13, 19)",6.364642737257084
"(4, 5, 10)",6.363285549420784
"(5, 10, 38)",6.363285549420784
"(5, 10, 47)",6.363285549420784
"(7, 25, 40)",6.362702158671364
"(13, 15, 24)",6.362693365075254
"(4, 15, 30)",6.359971757136444
"(8, 15, 30)",6.359971757136444
"(15, 30, 38)",6.359971757136444
"(15, 30, 47)",6.359971757136444
"(15, 21, 36)",6.359478112400078
"(5, 19, 21)",6.358583472654575
"(1, 20, 32)",6.3558489508089435
"(5, 18, 30)",6.355150926367736
"(3, 4, 45)",6.349806453643774
"(3, 8, 45)",6.349806453643774
"(3, 38, 45)",6.349806453643774
"(3, 45, 47)",6.349806453643774
"(4, 6, 36)",6.3491930305448925
"(6, 8, 36)",6.3491930305448925
"(6, 36, 38)",6.3491930305448925
"(6, 36, 47)",6.3491930305448925
"(13, 39, 44)",6.347919701087592
"(21, 41, 45)",6.347857898472499
"(3, 7, 20)",6.34747353075783
"(7, 18, 33)",6.347003882946252
"(25, 34, 39)",6.344437082656028
"(32, 44, 46)",6.34388196440717
"(5, 22, 32)",6.343392433377888
"(16, 18, 20)",6.342583317483705
"(4, 24, 34)",6.342439707399109
"(8, 24, 34)",6.342439707399109
"(24, 34, 38)",6.342439707399109
"(24, 34, 47)",6.342439707399109
"(15, 45, 48)",6.3417375863317655
"(15, 36)",6.341187666875818
"(5, 19)",6.339845707257566
"(13, 33, 45)",6.338273844625251
"(25, 36, 43)",6.337435634426955
"(4, 9, 20)",6.330995881877134
"(8, 9, 20)",6.330995881877134
"(9, 20, 38)",6.330995881877134
"(9, 20, 47)",6.330995881877134
"(1, 9, 46)",6.330439120393906
"(4, 39, 43)",6.328721335967385
"(8, 39, 43)",6.328721335967385
"(38, 39, 43)",6.328721335967385
"(39, 43, 47)",6.328721335967385
"(13, 14, 39)",6.328300484062655
"(4, 20, 23)",6.325004232238031
"(8, 20, 23)",6.325004232238031
"(20, 23, 38)",6.325004232238031
"(20, 23, 47)",6.325004232238031
"(14, 20, 44)",6.324654188333026
"(1, 23, 46)",6.324447470754803
"(41, 45)",6.323757345984452
"(15, 18, 41)",6.323299556239084
"(7, 39, 42)",6.32238736203494
"(7, 15, 16)",6.322202492570584
"(1, 9, 33)",6.319320463146998
"(4, 32, 41)",6.314021515758766
"(8, 32, 41)",6.314021515758766
"(32, 38, 41)",6.314021515758766
"(32, 41, 47)",6.314021515758766
"(1, 23, 33)",6.313328813507896
"(13, 18, 26)",6.313186084773136
"(20, 36, 39)",6.311813446838581
"(17, 18, 20)",6.310945723034842
"(1, 25, 32)",6.310873230494941
"(1, 20, 48)",6.310613075600872
"(1, 3, 28)",6.310344210152777
"(5, 41, 44)",6.310199486339592
"(11, 24, 37)",6.309559192343114
"(5, 7, 9)",6.305794226195306
"(15, 43, 45)",6.304243416134421
"(4, 10, 13)",6.303575898554748
"(10, 13, 38)",6.303575898554748
"(10, 13, 47)",6.303575898554748
"(1, 18, 44)",6.303380231730679
"(7, 14, 32)",6.3032745620703725
"(34, 44, 45)",6.303188123578482
"(3, 7, 25)",6.302497810443828
"(5, 7, 23)",6.299802576556203
"(13, 19, 21)",6.29887382178854
"(5, 22, 48)",6.298156558169817
"(16, 18, 25)",6.297607597169704
"(7, 19, 36)",6.295581311294439
"(13, 18, 30)",6.295441275501702
"(1, 4, 16)",6.293410904725636
"(1, 8, 16)",6.293410904725636
"(1, 16, 38)",6.293410904725636
"(1, 16, 47)",6.293410904725636
"(20, 34, 41)",6.291982937355995
"(12, 22, 47)",6.29121423948491
"(5, 14, 41)",6.290580269314654
"(7, 15, 17)",6.290564898121721
"(20, 21, 32)",6.2900800353404
"(6, 18, 20)",6.289072993965532
"(4, 9, 25)",6.286020161563132
"(8, 9, 25)",6.286020161563132
"(9, 25, 38)",6.286020161563132
"(9, 25, 47)",6.286020161563132
"(1, 14, 18)",6.2837610147057426
"(13, 22, 32)",6.283682782511853
"(14, 34, 45)",6.283568906553546
"(7, 45, 46)",6.282367173692427
"(4, 23, 25)",6.28002851192403
"(8, 23, 25)",6.28002851192403
"(23, 25, 38)",6.28002851192403
"(23, 25, 47)",6.28002851192403
"(14, 25, 44)",6.279678468019025
"(20, 22, 42)",6.279530069721855
"(7, 40, 49)",6.278159906731275
"(7, 44, 48)",6.277657903887238
"(1, 20, 43)",6.2731189054035275
"(33, 41, 48)",6.273107642277579
"(18, 22, 34)",6.272707165316027
"(1, 42, 45)",6.269117854357026
"(6, 7, 15)",6.268692169052411
"(25, 36, 39)",6.266837726524579
"(17, 18, 25)",6.265970002720841
"(1, 25, 48)",6.26563735528687
"(4, 24, 36)",6.26484035126766
"(8, 24, 36)",6.26484035126766
"(24, 36, 38)",6.26484035126766
"(24, 36, 47)",6.26484035126766
"(1, 4, 17)",6.261773310276773
"(1, 8, 17)",6.261773310276773
"(1, 17, 38)",6.261773310276773
"(1, 17, 47)",6.261773310276773
"(5, 22, 43)",6.260662387972472
"(7, 14, 48)",6.258038686862301
"(5, 13, 40)",6.254627339435628
"(13, 41, 44)",6.250489835473556
"(13, 19)",6.250281230958513
"(1, 15, 21)",6.250185663062648
"(25, 34, 41)",6.247007217041992
"(7, 9, 13)",6.24608457532927
"(21, 25, 32)",6.245104315026397
"(20, 21, 48)",6.244844160132328
"(6, 18, 25)",6.244097273651531
"(7, 43, 44)",6.240163733689894
"(7, 13, 23)",6.240092925690168
"(1, 4, 6)",6.239900581207463
"(1, 6, 8)",6.239900581207463
"(1, 6, 38)",6.239900581207463
"(1, 6, 47)",6.239900581207463
"(13, 22, 48)",6.238446907303782
"(18, 19, 45)",6.2377941976010245
"(18, 21, 44)",6.237611316262136
"(20, 32)",6.237090551286302
"(22, 25, 42)",6.234554349407853
"(15, 39, 45)",6.233645508232044
"(4, 41, 43)",6.23129147035335
"(8, 41, 43)",6.23129147035335
"(38, 41, 43)",6.23129147035335
"(41, 43, 47)",6.23129147035335
"(13, 14, 41)",6.23087061844862
"(1, 25, 43)",6.228143185089525
"(4, 16, 21)",6.2276419892570924
"(8, 16, 21)",6.2276419892570924
"(16, 21, 38)",6.2276419892570924
"(16, 21, 47)",6.2276419892570924
"(36, 44, 45)",6.225588767447033
"(7, 41, 42)",6.224957496420904
"(32, 33, 44)",6.221434760039919
"(7, 14, 43)",6.2205445166649564
"(14, 18, 21)",6.217992099237199
"(3, 7, 49)",6.217955558503739
"(20, 36, 41)",6.214383581224546
"(5, 20, 46)",6.211895017804609
"(5, 32, 34)",6.2113363414280105
"(0, 4, 5)",6.209955947721856
"(0, 5, 8)",6.209955947721856
"(0, 5, 38)",6.209955947721856
"(0, 5, 47)",6.209955947721856
"(20, 21, 43)",6.2073499899349835
"(14, 36, 45)",6.205969550422097
"(18, 20, 24)",6.2047203146883
"(21, 42, 45)",6.203348938888483
"(1, 20, 39)",6.202520997501152
"(13, 22, 43)",6.200952737106437
"(21, 25, 48)",6.199868439818326
"(4, 19, 22)",6.199034000207783
"(8, 19, 22)",6.199034000207783
"(19, 22, 38)",6.199034000207783
"(4, 17, 21)",6.196004394808229
"(8, 17, 21)",6.196004394808229
"(17, 21, 38)",6.196004394808229
"(17, 21, 47)",6.196004394808229
"(18, 22, 36)",6.195107809184578
"(3, 5, 13)",6.194422991208092
"(8, 10, 46)",6.192131934996144
"(5, 22, 39)",6.190064480070096
"(1, 7, 19)",6.186288861957009
"(5, 26, 45)",6.1858118220180955
"(4, 8, 12)",6.184417380449195
"(4, 12, 38)",6.184417380449195
"(4, 12, 47)",6.184417380449195
"(8, 12, 38)",6.184417380449195
"(8, 12, 47)",6.184417380449195
"(12, 38, 47)",6.184417380449195
"(7, 15, 24)",6.184339489775178
"(15, 18, 42)",6.178790596655067
"(1, 15)",6.177248992869674
"(4, 6, 21)",6.174131665738919
"(6, 8, 21)",6.174131665738919
"(6, 21, 38)",6.174131665738919
"(6, 21, 47)",6.174131665738919
"(10, 14, 30)",6.169939783047572
"(25, 32)",6.169626970815299
"(7, 39, 44)",6.169565825787517
"(4, 32, 42)",6.169512556174749
"(8, 32, 42)",6.169512556174749
"(32, 38, 42)",6.169512556174749
"(32, 42, 47)",6.169512556174749
"(25, 36, 41)",6.169407860910543
"(20, 48)",6.169236738474195
"(5, 30, 45)",6.168067012746661
"(5, 25, 46)",6.166919297490606
"(5, 34, 48)",6.166100466219939
"(5, 42, 44)",6.165690526755574
"(20, 25, 26)",6.163704834499978
"(4, 18, 46)",6.163248328145519
"(8, 18, 46)",6.163248328145519
"(18, 38, 46)",6.163248328145519
"(18, 46, 47)",6.163248328145519
"(21, 25, 43)",6.162374269620981
"(4, 39, 41)",6.160693562450974
"(8, 39, 41)",6.160693562450974
"(38, 39, 41)",6.160693562450974
"(39, 41, 47)",6.160693562450974
"(7, 33, 45)",6.159919969325177
"(18, 24, 25)",6.159744594374299
"(18, 44)",6.158387472668906
"(1, 25, 39)",6.157545277187149
"(1, 4, 24)",6.15554790193023
"(1, 8, 24)",6.15554790193023
"(1, 24, 38)",6.15554790193023
"(1, 24, 47)",6.15554790193023
"(16, 20, 45)",6.15549940386263
"(13, 20, 46)",6.152185366938573
"(13, 32, 34)",6.151626690561976
"(0, 4, 13)",6.150246296855821
"(0, 8, 13)",6.150246296855821
"(0, 13, 38)",6.150246296855821
"(0, 13, 47)",6.150246296855821
"(7, 14, 39)",6.149946608762581
"(20, 34, 42)",6.147473977771977
"(5, 15, 19)",6.146941216800084
"(5, 14, 42)",6.146071309730638
"(20, 25, 30)",6.145960025228543
"(4, 16)",6.143433482161341
"(8, 16)",6.143433482161341
"(16, 38)",6.143433482161341
"(16, 47)",6.143433482161341
"(20, 21, 39)",6.136752082032608
"(15, 41, 45)",6.136215642618009
"(16, 31, 36)",6.135925870605673
"(7, 18, 26)",6.134832209473061
"(5, 32, 36)",6.1337369852965615
"(13, 22, 39)",6.130354829204061
"(14, 18)",6.128958647131501
"(5, 34, 43)",6.128606296022594
"(20, 22, 44)",6.1267085334744324
"(13, 26, 45)",6.12610217115206
"(4, 7, 10)",6.125222023254675
"(7, 10, 38)",6.125222023254675
"(7, 10, 47)",6.125222023254675
"(4, 42, 48)",6.124276680966678
"(8, 42, 48)",6.124276680966678
"(38, 42, 48)",6.124276680966678
"(42, 47, 48)",6.124276680966678
"(17, 20, 45)",6.123861809413767
"(7, 19, 21)",6.120519946488466
"(7, 18, 30)",6.117087400201627
"(1, 44, 45)",6.116296318109603
"(20, 43)",6.112995483178178
"(16, 25, 45)",6.110523683548629
"(13, 30, 45)",6.108357361880626
"(13, 25, 46)",6.107209646624572
"(14, 20, 22)",6.107089316449496
"(42, 45)",6.106993906608427
"(13, 34, 48)",6.106390815353905
"(13, 42, 44)",6.105980875889539
"(7, 22, 32)",6.105328907211779
"(1, 20, 41)",6.105091131887116
"(17, 31, 36)",6.10428827615681
"(25, 34, 42)",6.102498257457976
"(6, 20, 45)",6.101989080344457
"(25, 48)",6.101773158003192
"(4, 20, 40)",6.101475119817382
"(8, 20, 40)",6.101475119817382
"(20, 38, 40)",6.101475119817382
"(20, 40, 47)",6.101475119817382
"(1, 40, 46)",6.100918358334154
"(1, 14, 45)",6.096677101084667
"(4, 17)",6.095977090488047
"(8, 17)",6.095977090488047
"(17, 38)",6.095977090488047
"(17, 47)",6.095977090488047
"(5, 22, 41)",6.092634614456061
"(21, 25, 39)",6.091776361718606
"(1, 33, 40)",6.089799701087248
"(4, 21, 24)",6.0897789864616865
"(8, 21, 24)",6.0897789864616865
"(21, 24, 38)",6.0897789864616865
"(21, 24, 47)",6.0897789864616865
"(5, 20, 33)",6.089447813437358
"(5, 36, 48)",6.08850111008849
"(13, 15, 19)",6.087231565934049
"(4, 42, 43)",6.086782510769333
"(8, 42, 43)",6.086782510769333
"(38, 42, 43)",6.086782510769333
"(42, 43, 47)",6.086782510769333
"(13, 14, 42)",6.086361658864602
"(1, 18, 22)",6.085815359847148
"(22, 34, 45)",6.085623251694951
"(6, 31, 36)",6.0824155470875
"(22, 25, 44)",6.08173281316043
"(17, 25, 45)",6.078886089099766
"(15, 21)",6.078595619666858
"(15, 20, 32)",6.078437779485909
"(5, 7, 40)",6.0762734641355545
"(13, 32, 36)",6.074027334430527
"(7, 41, 44)",6.0721359601734815
"(20, 36, 42)",6.069874621640528
"(8, 10, 33)",6.069684730628894
"(13, 34, 43)",6.06889664515656
"(4, 19, 34)",6.066977908257905
"(8, 19, 34)",6.066977908257905
"(19, 34, 38)",6.066977908257905
"(19, 34, 47)",6.066977908257905
"(4, 6)",6.063167996884082
"(6, 8)",6.063167996884082
"(6, 38)",6.063167996884082
"(6, 47)",6.063167996884082
"(18, 34, 36)",6.0630517172347
"(14, 22, 25)",6.062113596135494
"(26, 41, 48)",6.0609359688043885
"(1, 25, 41)",6.060115411573113
"(7, 22, 48)",6.060093032003707
"(5, 34, 39)",6.058008388120218
"(6, 25, 45)",6.057013360030456
"(4, 25, 40)",6.056499399503381
"(8, 25, 40)",6.056499399503381
"(25, 38, 40)",6.056499399503381
"(25, 40, 47)",6.056499399503381
"(7, 14, 41)",6.052516743148545
"(5, 36, 43)",6.0510069398911455
"(21, 44, 45)",6.05052740264106
"(25, 43)",6.045531902707175
"(5, 25, 33)",6.044472093123357
"(30, 41, 48)",6.043191159532954
"(3, 4, 20)",6.041270771589846
"(3, 8, 20)",6.041270771589846
"(3, 20, 38)",6.041270771589846
"(3, 20, 47)",6.041270771589846
"(4, 18, 33)",6.0408011237782695
"(8, 18, 33)",6.0408011237782695
"(18, 33, 38)",6.0408011237782695
"(18, 33, 47)",6.0408011237782695
"(1, 3, 46)",6.040714010106618
"(20, 21, 41)",6.039322216418572
"(11, 19, 37)",6.034097393201909
"(15, 25, 32)",6.033462059171907
"(15, 20, 48)",6.0332019042778375
"(13, 22, 41)",6.032924963590025
"(14, 21, 45)",6.0309081856161235
"(13, 20, 33)",6.029738162571324
"(1, 3, 33)",6.029595352859711
"(13, 36, 48)",6.028791459222456
"(15, 18, 44)",6.025969060407644
"(25, 36, 42)",6.024898901326527
"(1, 5, 32)",6.024444535959132
"(7, 22, 43)",6.022598861806363
"(18, 21, 22)",6.020046444378605
"(20, 24, 45)",6.017636401067225
"(0, 14, 30)",6.016610181348645
"(7, 13, 40)",6.016563813269519
"(4, 39, 42)",6.016184602866957
"(8, 39, 42)",6.016184602866957
"(38, 39, 42)",6.016184602866957
"(39, 42, 47)",6.016184602866957
"(3, 5, 7)",6.016069115908018
"(4, 15, 16)",6.015999733402602
"(8, 15, 16)",6.015999733402602
"(15, 16, 38)",6.015999733402602
"(15, 16, 47)",6.015999733402602
"(5, 16, 18)",6.011178902633894
"(26, 32, 44)",6.009263086566729
"(22, 36, 45)",6.008023895563502
"(20, 39)",6.007098621324614
"(14, 15, 18)",6.006349843382708
"(10, 30, 39)",6.000727092376048
"(4, 5, 9)",5.999591467027322
"(5, 8, 9)",5.999591467027322
"(5, 9, 38)",5.999591467027322
"(5, 9, 47)",5.999591467027322
"(13, 34, 39)",5.998298737254183
"(24, 31, 36)",5.998062867810268
"(4, 14, 32)",5.99707180290239
"(8, 14, 32)",5.99707180290239
"(14, 32, 38)",5.99707180290239
"(14, 32, 47)",5.99707180290239
"(3, 4, 25)",5.996295051275845
"(3, 8, 25)",5.996295051275845
"(3, 25, 38)",5.996295051275845
"(3, 25, 47)",5.996295051275845
"(15, 20, 43)",5.995707734080493
"(20, 34, 44)",5.994652441524554
"(21, 25, 41)",5.99434649610457
"(4, 5, 23)",5.99359981738822
"(5, 8, 23)",5.99359981738822
"(5, 23, 38)",5.99359981738822
"(5, 23, 47)",5.99359981738822
"(5, 14, 44)",5.993249773483215
"(15, 42, 45)",5.991706683033991
"(30, 32, 44)",5.991518277295294
"(13, 36, 43)",5.991297289025111
"(4, 19, 36)",5.989378552126456
"(8, 19, 36)",5.989378552126456
"(19, 36, 38)",5.989378552126456
"(19, 36, 47)",5.989378552126456
"(15, 25, 48)",5.988226183963835
"(13, 25, 33)",5.984762442257321
"(4, 15, 17)",5.984362138953738
"(8, 15, 17)",5.984362138953738
"(15, 17, 38)",5.984362138953738
"(15, 17, 47)",5.984362138953738
"(7, 19)",5.9827504180084015
"(5, 36, 39)",5.980409031988769
"(5, 17, 18)",5.979541308185031
"(1, 5, 48)",5.979208660751061
"(4, 45, 46)",5.976164414524444
"(8, 45, 46)",5.976164414524444
"(38, 45, 46)",5.976164414524444
"(45, 46, 47)",5.976164414524444
"(14, 20, 34)",5.975033224499618
"(7, 20, 46)",5.973831491638499
"(7, 32, 34)",5.9732728152619
"(24, 25, 45)",5.972660680753223
"(0, 4, 7)",5.971892421555747
"(0, 7, 8)",5.971892421555747
"(0, 7, 38)",5.971892421555747
"(0, 7, 47)",5.971892421555747
"(4, 44, 48)",5.971455144719255
"(8, 44, 48)",5.971455144719255
"(38, 44, 48)",5.971455144719255
"(44, 47, 48)",5.971455144719255
"(1, 13, 32)",5.964734885093097
"(4, 6, 15)",5.962489409884428
"(6, 8, 15)",5.962489409884428
"(6, 15, 38)",5.962489409884428
"(6, 15, 47)",5.962489409884428
"(1, 20, 42)",5.9605821723030985
"(5, 34, 41)",5.960578522506182
"(5, 21, 32)",5.958675620490588
"(5, 6, 18)",5.957668579115721
"(3, 7, 13)",5.956359465041983
"(1, 18, 34)",5.95375926789727
"(7, 22, 39)",5.952000953903987
"(4, 14, 48)",5.951835927694319
"(8, 14, 48)",5.951835927694319
"(14, 38, 48)",5.951835927694319
"(14, 47, 48)",5.951835927694319
"(13, 16, 18)",5.951469251767859
"(15, 25, 43)",5.9507320137664905
"(25, 34, 44)",5.949676721210553
"(5, 22, 42)",5.948125654872044
"(7, 26, 45)",5.947748295851986
"(1, 5, 43)",5.941714490553716
"(4, 9, 13)",5.939881816161287
"(8, 9, 13)",5.939881816161287
"(9, 13, 38)",5.939881816161287
"(9, 13, 47)",5.939881816161287
"(25, 39)",5.939635040853611
"(4, 24)",5.936638977968233
"(8, 24)",5.936638977968233
"(24, 38)",5.936638977968233
"(24, 47)",5.936638977968233
"(4, 43, 44)",5.93396097452191
"(8, 43, 44)",5.93396097452191
"(38, 43, 44)",5.93396097452191
"(43, 44, 47)",5.93396097452191
"(4, 13, 23)",5.933890166522184
"(8, 13, 23)",5.933890166522184
"(13, 23, 38)",5.933890166522184
"(13, 23, 47)",5.933890166522184
"(13, 14, 44)",5.933540122617179
"(14, 25, 34)",5.930057504185616
"(7, 30, 45)",5.930003486580552
"(18, 19, 20)",5.9292585155470965
"(7, 25, 46)",5.928855771324497
"(7, 34, 48)",5.928036940053829
"(7, 42, 44)",5.927627000589464
"(10, 22, 47)",5.925816123122407
"(15, 20, 39)",5.925109826178117
"(13, 36, 39)",5.920699381122734
"(13, 17, 18)",5.919831657318996
"(1, 13, 48)",5.919499009885025
"(4, 41, 42)",5.918754737252922
"(8, 41, 42)",5.918754737252922
"(38, 41, 42)",5.918754737252922
"(41, 42, 47)",5.918754737252922
"(20, 36, 44)",5.917053085393105
"(1, 25, 42)",5.915606451989096
"(4, 14, 43)",5.914341757496974
"(8, 14, 43)",5.914341757496974
"(14, 38, 43)",5.914341757496974
"(14, 43, 47)",5.914341757496974
"(5, 21, 48)",5.913439745282517
"(7, 15, 19)",5.908877690633974
"(7, 14, 42)",5.908007783564528
"(13, 34, 41)",5.900868871640148
"(13, 21, 32)",5.8989659696245536
"(1, 22, 45)",5.898731446226073
"(6, 13, 18)",5.897958928249686
"(14, 20, 36)",5.897433868368169
"(7, 32, 36)",5.895673459130451
"(20, 21, 42)",5.894813256834555
"(7, 34, 43)",5.890542769856484
"(13, 22, 42)",5.888416004006008
"(18, 21, 34)",5.8879903524287265
"(18, 19, 25)",5.884282795233095
"(5, 36, 41)",5.882979166374733
"(1, 13, 43)",5.8820048396876805
"(15, 25, 39)",5.880134105864114
"(1, 4, 19)",5.880086102789026
"(1, 8, 19)",5.880086102789026
"(1, 19, 38)",5.880086102789026
"(1, 19, 47)",5.880086102789026
"(4, 15, 24)",5.878136730607196
"(8, 15, 24)",5.878136730607196
"(15, 24, 38)",5.878136730607196
"(15, 24, 47)",5.878136730607196
"(44, 45)",5.8777616022372925
"(5, 20, 26)",5.8772761399641675
"(1, 18, 36)",5.876159911765821
"(34, 36, 45)",5.875967803613625
"(5, 21, 43)",5.875945575085172
"(5, 18, 24)",5.873315899838489
"(25, 36, 44)",5.872077365079104
"(1, 5, 39)",5.871116582651339
"(4, 39, 44)",5.863363066619534
"(8, 39, 44)",5.863363066619534
"(38, 39, 44)",5.863363066619534
"(39, 44, 47)",5.863363066619534
"(20, 41)",5.860953822903561
"(5, 20, 30)",5.859531330692733
"(8, 10, 26)",5.857513057155703
"(7, 22, 41)",5.854571088289951
"(13, 21, 48)",5.853730094416482
"(4, 33, 45)",5.8537172101571935
"(8, 33, 45)",5.8537172101571935
"(33, 38, 45)",5.8537172101571935
"(33, 45, 47)",5.8537172101571935
"(14, 25, 36)",5.852458148054167
"(7, 20, 33)",5.851384287271249
"(7, 36, 48)",5.85043758392238
"(21, 25, 42)",5.849837536520553
"(14, 45)",5.848332776699888
"(0, 30, 39)",5.84739749067712
"(7, 46, 49)",5.844313519384409
"(4, 14, 39)",5.843743849594597
"(8, 14, 39)",5.843743849594597
"(14, 38, 39)",5.843743849594597
"(14, 39, 47)",5.843743849594597
"(8, 10, 30)",5.839768247884269
"(15, 44, 45)",5.838885146786568
"(18, 32, 45)",5.837886345437036
"(21, 22, 45)",5.832962530757529
"(5, 25, 26)",5.832300419650165
"(18, 22)",5.83204016484361
"(4, 18, 26)",5.828629450305078
"(8, 18, 26)",5.828629450305078
"(18, 26, 38)",5.828629450305078
"(18, 26, 47)",5.828629450305078
"(15, 20, 41)",5.827679960564081
"(5, 16, 45)",5.824094989012819
"(13, 36, 41)",5.823269515508699
"(5, 13, 46)",5.820780952088762
"(7, 34, 39)",5.8199448619541085
"(14, 15, 45)",5.819265929761633
"(4, 10, 38)",5.819019264086691
"(4, 10, 47)",5.819019264086691
"(10, 38, 47)",5.819019264086691
"(13, 20, 26)",5.817566489098132
"(13, 21, 43)",5.8162359242191375
"(5, 34, 42)",5.8160695629221655
"(5, 25, 30)",5.814555610378731
"(4, 19, 21)",5.814317187320483
"(8, 19, 21)",5.814317187320483
"(19, 21, 38)",5.814317187320483
"(19, 21, 47)",5.814317187320483
"(13, 18, 24)",5.813606248972453
"(7, 36, 43)",5.812943413725035
"(1, 13, 39)",5.811406931785305
"(4, 18, 30)",5.810884641033644
"(8, 18, 30)",5.810884641033644
"(18, 30, 38)",5.810884641033644
"(18, 30, 47)",5.810884641033644
"(18, 21, 36)",5.8103909962972775
"(15, 18, 22)",5.808404188524113
"(1, 20, 44)",5.807760636055676
"(7, 25, 33)",5.806408566957247
"(9, 14, 30)",5.80624570065411
"(5, 21, 39)",5.8053476671827955
"(16, 20, 25)",5.801988001494701
"(14, 23, 30)",5.800254051015008
"(13, 20, 30)",5.799821679826698
"(4, 22, 32)",5.799126148043795
"(8, 22, 32)",5.799126148043795
"(22, 32, 38)",5.799126148043795
"(5, 22, 44)",5.795304118624621
"(25, 41)",5.793490242432558
"(18, 45, 48)",5.792650470228966
"(5, 17, 45)",5.7924573945639555
"(1, 14, 20)",5.788141419030739
"(1, 7, 32)",5.786381009793022
"(15, 25, 41)",5.782704240250078
"(20, 22, 34)",5.777087569641024
"(5, 14, 22)",5.775684901599684
"(1, 5, 41)",5.773686717037304
"(7, 16, 18)",5.773115376467786
"(13, 25, 26)",5.772590768784131
"(0, 22, 47)",5.772486521423479
"(5, 6, 45)",5.7705846654946455
"(17, 20, 25)",5.770350407045838
"(4, 5, 40)",5.770070704967571
"(5, 8, 40)",5.770070704967571
"(5, 38, 40)",5.770070704967571
"(5, 40, 47)",5.770070704967571
"(1, 34, 45)",5.766675354276195
"(4, 41, 44)",5.765933201005499
"(8, 41, 44)",5.765933201005499
"(38, 41, 44)",5.765933201005499
"(41, 44, 47)",5.765933201005499
"(13, 16, 45)",5.764385338146783
"(1, 25, 44)",5.7627849157416735
"(4, 7, 9)",5.761527940861213
"(7, 8, 9)",5.761527940861213
"(7, 9, 38)",5.761527940861213
"(7, 9, 47)",5.761527940861213
"(15,)",5.761132235885122
"(13, 34, 42)",5.75635991205613
"(4, 7, 23)",5.755536291222111
"(7, 8, 23)",5.755536291222111
"(7, 23, 38)",5.755536291222111
"(7, 23, 47)",5.755536291222111
"(7, 14, 44)",5.755186247317106
"(18, 43, 45)",5.75515630003162
"(13, 25, 30)",5.754845959512696
"(4, 22, 48)",5.753890272835724
"(8, 22, 48)",5.753890272835724
"(22, 38, 48)",5.753890272835724
"(6, 20, 25)",5.748477677976528
"(5, 15, 32)",5.747033364636097
"(4, 14, 41)",5.746313983980562
"(8, 14, 41)",5.746313983980562
"(14, 38, 41)",5.746313983980562
"(14, 41, 47)",5.746313983980562
"(13, 21, 39)",5.745638016316761
"(1, 14, 25)",5.743165698716738
"(7, 36, 39)",5.74234550582266
"(19, 20, 45)",5.7421746019260205
"(20, 21, 44)",5.741991720587132
"(7, 17, 18)",5.741477782018922
"(1, 7, 48)",5.741145134584951
"(5, 32)",5.739983929011585
"(5, 36, 42)",5.7384702067907165
"(13, 22, 44)",5.7355944677585855
"(13, 17, 45)",5.73274774369792
"(22, 25, 34)",5.732111849327022
"(19, 31, 36)",5.722601068669064
"(7, 34, 41)",5.722514996340073
"(14, 20, 21)",5.7223725035621955
"(7, 33, 49)",5.7218663150171585
"(7, 21, 32)",5.720612094324478
"(6, 7, 18)",5.719605052949612
"(4, 22, 43)",5.716396102638379
"(8, 22, 43)",5.716396102638379
"(22, 38, 43)",5.716396102638379
"(13, 14, 22)",5.715975250733649
"(1, 13, 41)",5.713977066171269
"(6, 13, 45)",5.71087501462861
"(4, 13, 40)",5.7103610541015355
"(8, 13, 40)",5.7103610541015355
"(13, 38, 40)",5.7103610541015355
"(13, 40, 47)",5.7103610541015355
"(7, 22, 42)",5.710062128705934
"(3, 4, 5)",5.709866356740035
"(3, 5, 8)",5.709866356740035
"(3, 5, 38)",5.709866356740035
"(3, 5, 47)",5.709866356740035
"(5, 21, 41)",5.70791780156876
"(1, 7, 43)",5.703650964387606
"(5, 15, 48)",5.701797489428026
"(1, 18, 21)",5.701098546959848
"(21, 34, 45)",5.700906438807651
"(20, 22, 36)",5.699488213509575
"(16, 41, 48)",5.699219135799112
"(5, 13, 33)",5.698333747721511
"(19, 25, 45)",5.697198881612019
"(21, 25, 44)",5.6970160002731305
"(1, 36, 45)",5.689075998144746
"(13, 15, 32)",5.687323713770062
"(5, 24, 45)",5.686231986217413
"(18, 39, 45)",5.684558392129245
"(15, 20, 42)",5.683171000980064
"(13, 36, 42)",5.678760555924681
"(14, 21, 25)",5.677396783248194
"(15, 18, 34)",5.676348096574236
"(7, 21, 48)",5.675376219116407
"(5, 48)",5.672130116199478
"(4, 20, 46)",5.667628732470516
"(8, 20, 46)",5.667628732470516
"(20, 38, 46)",5.667628732470516
"(20, 46, 47)",5.667628732470516
"(17, 41, 48)",5.667581541350248
"(4, 32, 34)",5.667070056093918
"(8, 32, 34)",5.667070056093918
"(32, 34, 38)",5.667070056093918
"(32, 34, 47)",5.667070056093918
"(0, 4, 8)",5.665689662387764
"(0, 4, 38)",5.665689662387764
"(0, 4, 47)",5.665689662387764
"(0, 8, 38)",5.665689662387764
"(0, 8, 47)",5.665689662387764
"(0, 38, 47)",5.665689662387764
"(5, 15, 43)",5.664303319230681
"(20, 24, 25)",5.664124998699296
"(5, 34, 44)",5.663248026674743
"(22, 25, 36)",5.654512493195573
"(13, 32)",5.650419452712532
"(3, 4, 13)",5.650156705873999
"(3, 8, 13)",5.650156705873999
"(3, 13, 38)",5.650156705873999
"(3, 13, 47)",5.650156705873999
"(13, 21, 41)",5.648208150702725
"(16, 32, 44)",5.647546253561452
"(4, 22, 39)",5.645798194736003
"(8, 22, 39)",5.645798194736003
"(22, 38, 39)",5.645798194736003
"(6, 41, 48)",5.6457088122809385
"(7, 36, 41)",5.644915640208624
"(20, 42)",5.644190383527535
"(5, 14, 34)",5.643628809649806
"(5, 7, 46)",5.642427076788688
"(13, 15, 48)",5.642087838561991
"(4, 26, 45)",5.641545536684003
"(8, 26, 45)",5.641545536684003
"(26, 38, 45)",5.641545536684003
"(26, 45, 47)",5.641545536684003
"(7, 20, 26)",5.639212613798058
"(15, 25, 42)",5.638195280666062
"(7, 21, 43)",5.637882048919062
"(9, 30, 39)",5.637033009982586
"(7, 18, 24)",5.63525237367238
"(11, 32, 37)",5.634189541037922
"(18, 34)",5.633956026918793
"(1, 7, 39)",5.633053056485229
"(23, 30, 39)",5.631041360343484
"(1, 5, 42)",5.629177757453286
"(13, 24, 45)",5.626522335351378
"(4, 30, 45)",5.6238007274125685
"(8, 30, 45)",5.6238007274125685
"(30, 38, 45)",5.6238007274125685
"(30, 45, 47)",5.6238007274125685
"(21, 36, 45)",5.623307082676202
"(4, 25, 46)",5.622653012156515
"(8, 25, 46)",5.622653012156515
"(25, 38, 46)",5.622653012156515
"(25, 46, 47)",5.622653012156515
"(4, 34, 48)",5.6218341808858465
"(8, 34, 48)",5.6218341808858465
"(34, 38, 48)",5.6218341808858465
"(34, 47, 48)",5.6218341808858465
"(7, 20, 30)",5.621467804526624
"(4, 42, 44)",5.621424241421481
"(8, 42, 44)",5.621424241421481
"(38, 42, 44)",5.621424241421481
"(42, 44, 47)",5.621424241421481
"(15, 22, 45)",5.621320274903038
"(17, 32, 44)",5.615908659112589
"(5, 43)",5.6158888609034605
"(13, 15, 43)",5.604593668364646
"(13, 34, 44)",5.603538375808707
"(4, 15, 19)",5.602674931465991
"(8, 15, 19)",5.602674931465991
"(15, 19, 38)",5.602674931465991
"(15, 19, 47)",5.602674931465991
"(1, 26, 28)",5.602083293193005
"(4, 14, 42)",5.601805024396545
"(8, 14, 42)",5.601805024396545
"(14, 38, 42)",5.601805024396545
"(14, 42, 47)",5.601805024396545
"(15, 18, 36)",5.598748740442787
"(5, 18, 19)",5.597854100697285
"(1, 33, 46)",5.59574480620072
"(7, 25, 26)",5.594236893484056
"(6, 32, 44)",5.594035930043279
"(5, 15, 39)",5.593705411328305
"(1, 20, 22)",5.590195764172146
"(4, 32, 36)",5.589470699962469
"(8, 32, 36)",5.589470699962469
"(32, 36, 38)",5.589470699962469
"(32, 36, 47)",5.589470699962469
"(11, 37, 48)",5.588953665829851
"(18, 41, 45)",5.587128526515209
"(7, 16, 45)",5.58603146284671
"(5, 36, 44)",5.585648670543294
"(4, 34, 43)",5.584340010688502
"(8, 34, 43)",5.584340010688502
"(34, 38, 43)",5.584340010688502
"(34, 43, 47)",5.584340010688502
"(1, 28, 30)",5.584338483921571
"(13, 14, 34)",5.583919158783772
"(7, 13, 46)",5.582717425922652
"(13, 48)",5.582565639900425
"(7, 34, 42)",5.578006036756056
"(25, 42)",5.576726803056532
"(14, 30, 40)",5.576724938594359
"(7, 25, 30)",5.576492084212622
"(1, 13, 42)",5.5694681065872516
"(20, 34, 36)",5.567432121559697
"(7, 21, 39)",5.567284141016686
"(5, 14, 36)",5.566029453518357
"(5, 21, 42)",5.563408841984743
"(9, 22, 47)",5.562122040728945
"(24, 41, 48)",5.561356133003707
"(7, 22, 44)",5.557240592458511
"(22, 23, 47)",5.556130391089843
"(7, 17, 45)",5.554393868397846
"(11, 37, 43)",5.551459495632506
"(22, 45)",5.551414294411996
"(4, 22, 41)",5.548368329121968
"(8, 22, 41)",5.548368329121968
"(22, 38, 41)",5.548368329121968
"(1, 22, 25)",5.545220043858143
"(4, 20, 33)",5.5451815281032655
"(8, 20, 33)",5.5451815281032655
"(20, 33, 38)",5.5451815281032655
"(20, 33, 47)",5.5451815281032655
"(4, 36, 48)",5.5442348247543976
"(8, 36, 48)",5.5442348247543976
"(36, 38, 48)",5.5442348247543976
"(36, 47, 48)",5.5442348247543976
"(13, 18, 19)",5.5381444498312495
"(7, 14, 22)",5.537621375433575
"(1, 7, 41)",5.535623190871194
"(13, 15, 39)",5.53399576046227
"(6, 7, 45)",5.532521139328536
"(4, 7, 40)",5.532007178801462
"(7, 8, 40)",5.532007178801462
"(7, 38, 40)",5.532007178801462
"(7, 40, 47)",5.532007178801462
"(15, 20, 44)",5.530349464732641
"(18, 20, 32)",5.529350663383109
"(13, 43)",5.526324384604408
"(13, 36, 44)",5.525939019677258
"(20, 21, 22)",5.524426848703602
"(4, 19)",5.523446279256427
"(8, 19)",5.523446279256427
"(19, 38)",5.523446279256427
"(19, 47)",5.523446279256427
"(25, 34, 36)",5.5224564012456945
"(5, 7, 33)",5.5199798724214375
"(18, 36)",5.5175569927216195
"(3, 14, 30)",5.516520590366823
"(5, 16, 20)",5.515559306958891
"(1, 21, 45)",5.514014633338773
"(4, 34, 39)",5.513742102786125
"(8, 34, 39)",5.513742102786125
"(34, 38, 39)",5.513742102786125
"(34, 39, 47)",5.513742102786125
"(14, 15, 20)",5.510730247707705
"(5, 39)",5.5099919990498964
"(7, 26, 49)",5.509694641543968
"(24, 32, 44)",5.509683250766047
"(7, 15, 32)",5.508969838469987
"(4, 36, 43)",5.506740654557053
"(8, 36, 43)",5.506740654557053
"(36, 38, 43)",5.506740654557053
"(36, 43, 47)",5.506740654557053
"(13, 14, 36)",5.506319802652323
"(13, 21, 42)",5.503699191118708
"(7, 36, 42)",5.500406680624607
"(4, 25, 33)",5.500205807789264
"(8, 25, 33)",5.500205807789264
"(25, 33, 38)",5.500205807789264
"(25, 33, 47)",5.500205807789264
"(5, 15, 41)",5.496275545714269
"(8, 10, 16)",5.495796224150427
"(7, 30, 49)",5.4919498322725335
"(1, 15, 18)",5.489456291105357
"(15, 34, 45)",5.4892641829531605
"(5, 13, 26)",5.486162074248321
"(15, 25, 44)",5.485373744418639
"(18, 25, 32)",5.484374943069107
"(18, 20, 48)",5.484114788175038
"(5, 17, 20)",5.4839217125100275
"(11, 37, 39)",5.48086158773013
"(1, 4, 32)",5.480178250625039
"(1, 8, 32)",5.480178250625039
"(1, 32, 38)",5.480178250625039
"(1, 32, 47)",5.480178250625039
"(21, 22, 25)",5.4794511283895995
"(1, 5, 44)",5.476356221205863
"(3, 4, 7)",5.4718028305739255
"(3, 7, 8)",5.4718028305739255
"(3, 7, 38)",5.4718028305739255
"(3, 7, 47)",5.4718028305739255
"(5, 16, 25)",5.4705835866448895
"(7, 21, 41)",5.469854275402651
"(5, 13, 30)",5.468417264976886
"(4, 16, 18)",5.466912617299801
"(8, 16, 18)",5.466912617299801
"(16, 18, 38)",5.466912617299801
"(16, 18, 47)",5.466912617299801
"(14, 15, 25)",5.465754527393703
"(8, 10, 17)",5.464158629701563
"(7, 15, 48)",5.463733963261916
"(5, 6, 20)",5.4620489834407175
"(7, 13, 33)",5.460270221555402
"(1, 20, 34)",5.458139672222267
"(1, 5, 14)",5.456737004180928
"(13, 16, 20)",5.455849656092855
"(4, 8, 9)",5.4553251816932296
"(4, 9, 38)",5.4553251816932296
"(4, 9, 47)",5.4553251816932296
"(8, 9, 38)",5.4553251816932296
"(8, 9, 47)",5.4553251816932296
"(9, 38, 47)",5.4553251816932296
"(4, 8, 23)",5.449333532054127
"(4, 23, 38)",5.449333532054127
"(4, 23, 47)",5.449333532054127
"(8, 23, 38)",5.449333532054127
"(8, 23, 47)",5.449333532054127
"(23, 38, 47)",5.449333532054127
"(4, 14, 44)",5.448983488149122
"(8, 14, 44)",5.448983488149122
"(14, 38, 44)",5.448983488149122
"(14, 44, 47)",5.448983488149122
"(7, 24, 45)",5.448168460051304
"(18, 20, 43)",5.446620617977693
"(5, 22, 34)",5.445683154791212
"(18, 42, 45)",5.442619566931192
"(6, 8, 10)",5.442285900632253
"(18, 25, 48)",5.439139067861036
"(5, 17, 25)",5.438945992196026
"(13, 15, 41)",5.4365658948482345
"(4, 36, 39)",5.436142746654676
"(8, 36, 39)",5.436142746654676
"(36, 38, 39)",5.436142746654676
"(36, 39, 47)",5.436142746654676
"(4, 17, 18)",5.435275022850938
"(8, 17, 18)",5.435275022850938
"(17, 18, 38)",5.435275022850938
"(17, 18, 47)",5.435275022850938
"(1, 4, 48)",5.434942375416968
"(1, 8, 48)",5.434942375416968
"(1, 38, 48)",5.434942375416968
"(1, 47, 48)",5.434942375416968
"(7, 15, 43)",5.426239793064571
"(7, 34, 44)",5.425184500508633
"(13, 17, 20)",5.424212061643992
"(15, 18, 21)",5.423687375636813
"(13, 39)",5.420427522750844
"(5, 6, 25)",5.417073263126716
"(1, 13, 44)",5.416646570339829
"(4, 34, 41)",5.4163122371720895
"(8, 34, 41)",5.4163122371720895
"(34, 38, 41)",5.4163122371720895
"(34, 41, 47)",5.4163122371720895
"(20, 44)",5.414958079156401
"(4, 21, 32)",5.4144093351564955
"(8, 21, 32)",5.4144093351564955
"(21, 32, 38)",5.4144093351564955
"(21, 32, 47)",5.4144093351564955
"(4, 6, 18)",5.413402293781628
"(6, 8, 18)",5.413402293781628
"(6, 18, 38)",5.413402293781628
"(6, 18, 47)",5.413402293781628
"(1, 25, 34)",5.413163951908265
"(15, 36, 45)",5.411664826821712
"(13, 16, 25)",5.410873935778854
"(5, 19, 45)",5.410770187076209
"(5, 21, 44)",5.41058730573732
"(30, 39, 40)",5.407512247922836
"(7, 14, 34)",5.405565283483696
"(4, 22, 42)",5.403859369537951
"(8, 22, 42)",5.403859369537951
"(22, 38, 42)",5.403859369537951
"(6, 13, 20)",5.402339332574682
"(18, 25, 43)",5.401644897663691
"(1, 4, 43)",5.397448205219623
"(1, 8, 43)",5.397448205219623
"(1, 38, 43)",5.397448205219623
"(1, 43, 47)",5.397448205219623
"(1, 13, 14)",5.3970273533148925
"(20, 21, 34)",5.392370756753723
"(1, 7, 42)",5.391114231287177
"(5, 14, 21)",5.390968088712384
"(19, 20, 25)",5.388663199558091
"(13, 22, 34)",5.385973503925177
"(14, 20)",5.385529253618996
"(11, 37, 41)",5.383431722116095
"(7, 32)",5.38288863976242
"(1, 20, 36)",5.380540316090818
"(13, 17, 25)",5.379236341329991
"(5, 20, 24)",5.377696304163486
"(18, 20, 39)",5.376022710075317
"(4, 21, 48)",5.369173459948424
"(8, 21, 48)",5.369173459948424
"(21, 38, 48)",5.369173459948424
"(21, 47, 48)",5.369173459948424
"(5, 22, 36)",5.368083798659763
"(5, 41)",5.363847200628843
"(7, 18, 19)",5.359790574531175
"(8, 10, 24)",5.357933221355021
"(6, 13, 25)",5.357363612260681
"(7, 15, 39)",5.3556418851621945
"(1, 18)",5.3536183187154744
"(34, 45)",5.35333015648718
"(5, 15, 42)",5.3517665861302515
"(13, 19, 45)",5.3510605362101735
"(13, 21, 44)",5.350877654871285
"(7, 36, 44)",5.3475851443771845
"(25, 44)",5.347494498685398
"(21, 25, 34)",5.347395036439721
"(3, 30, 39)",5.3473078996952985
"(20, 32, 45)",5.342266749762033
"(4, 36, 41)",5.338712881040641
"(8, 36, 41)",5.338712881040641
"(36, 38, 41)",5.338712881040641
"(36, 41, 47)",5.338712881040641
"(4, 5, 46)",5.3362243176207045
"(5, 8, 46)",5.3362243176207045
"(5, 38, 46)",5.3362243176207045
"(5, 46, 47)",5.3362243176207045
"(1, 25, 36)",5.335564595776816
"(4, 20, 26)",5.333009854630075
"(8, 20, 26)",5.333009854630075
"(20, 26, 38)",5.333009854630075
"(20, 26, 47)",5.333009854630075
"(5, 24, 25)",5.3327205838494836
"(22, 40, 47)",5.332601278669194
"(1, 26, 46)",5.332453093146847
"(4, 21, 43)",5.331679289751079
"(8, 21, 43)",5.331679289751079
"(21, 38, 43)",5.331679289751079
"(21, 43, 47)",5.331679289751079
"(13, 14, 21)",5.3312584378463495
"(18, 25, 39)",5.331046989761315
"(4, 18, 24)",5.329049614504396
"(8, 18, 24)",5.329049614504396
"(18, 24, 38)",5.329049614504396
"(18, 24, 47)",5.329049614504396
"(7, 14, 36)",5.327965927352247
"(1, 4, 39)",5.326850297317247
"(1, 8, 39)",5.326850297317247
"(1, 38, 39)",5.326850297317247
"(1, 39, 47)",5.326850297317247
"(7, 21, 42)",5.325345315818634
"(31, 32, 36)",5.322693216505076
"(1, 26, 33)",5.3213344358999395
"(14, 25)",5.318065673147993
"(13, 20, 24)",5.31798665329745
"(4, 20, 30)",5.3152650453586405
"(8, 20, 30)",5.3152650453586405
"(20, 30, 38)",5.3152650453586405
"(20, 30, 47)",5.3152650453586405
"(7, 48)",5.315034826950313
"(20, 21, 36)",5.314771400622274
"(1, 30, 46)",5.3147082838754125
"(15, 20, 22)",5.312784592849111
"(13, 22, 36)",5.308374147793728
"(5, 7, 26)",5.307808198948247
"(1, 30, 33)",5.303589626628505
"(1, 15, 45)",5.302372377484281
"(25, 32, 45)",5.297291029448032
"(20, 45, 48)",5.297030874553963
"(13, 15, 42)",5.292056935264217
"(5, 7, 30)",5.2900633896768126
"(18, 44, 45)",5.2897980306837695
"(4, 25, 26)",5.2880341343160735
"(8, 25, 26)",5.2880341343160735
"(25, 26, 38)",5.2880341343160735
"(25, 26, 47)",5.2880341343160735
"(19, 41, 48)",5.285894333862503
"(4, 16, 45)",5.279828703678726
"(8, 16, 45)",5.279828703678726
"(16, 38, 45)",5.279828703678726
"(16, 45, 47)",5.279828703678726
"(18, 20, 41)",5.278592844461281
"(7, 16, 20)",5.277495780792782
"(31, 36, 48)",5.277457341297005
"(4, 13, 46)",5.276514666754669
"(8, 13, 46)",5.276514666754669
"(13, 38, 46)",5.276514666754669
"(13, 46, 47)",5.276514666754669
"(13, 41)",5.27428272432979
"(13, 24, 25)",5.273010932983449
"(3, 22, 47)",5.272396930441658
"(4, 34, 42)",5.271803277588073
"(8, 34, 42)",5.271803277588073
"(34, 38, 42)",5.271803277588073
"(34, 42, 47)",5.271803277588073
"(4, 25, 30)",5.270289325044639
"(8, 25, 30)",5.270289325044639
"(25, 30, 38)",5.270289325044639
"(25, 30, 47)",5.270289325044639
"(14, 18, 45)",5.270178813658832
"(21, 25, 36)",5.269795680308272
"(15, 22, 25)",5.267808872535109
"(4, 21, 39)",5.261081381848703
"(8, 21, 39)",5.261081381848703
"(21, 38, 39)",5.261081381848703
"(21, 39, 47)",5.261081381848703
"(20, 43, 45)",5.259536704356617
"(7, 43)",5.258793571654296
"(1, 5, 22)",5.258791349322333
"(7, 15, 41)",5.258212019548159
"(18, 21)",5.2549649455126595
"(25, 45, 48)",5.252055154239961
"(4, 22, 44)",5.251037833290528
"(8, 22, 44)",5.251037833290528
"(22, 38, 44)",5.251037833290528
"(4, 17, 45)",5.248191109229863
"(8, 17, 45)",5.248191109229863
"(17, 38, 45)",5.248191109229863
"(17, 45, 47)",5.248191109229863
"(7, 13, 26)",5.248098548082211
"(7, 17, 20)",5.245858186343918
"(1, 16, 28)",5.240366460187729
"(31, 36, 43)",5.23996317109966
"(11, 37, 42)",5.238922762532077
"(1, 7, 44)",5.238292695039754
"(36, 45)",5.236931122290006
"(15, 21, 45)",5.236603462015738
"(5, 34, 36)",5.236027706709885
"(19, 32, 44)",5.234221451624842
"(18, 25, 41)",5.23361712414728
"(7, 16, 25)",5.23252006047878
"(4, 14, 22)",5.231418616265591
"(8, 14, 22)",5.231418616265591
"(14, 22, 38)",5.231418616265591
"(7, 13, 30)",5.230353738810777
"(1, 4, 41)",5.229420431703211
"(1, 8, 41)",5.229420431703211
"(1, 38, 41)",5.229420431703211
"(1, 41, 47)",5.229420431703211
"(4, 6, 45)",5.226318380160553
"(6, 8, 45)",5.226318380160553
"(6, 38, 45)",5.226318380160553
"(6, 45, 47)",5.226318380160553
"(4, 8, 40)",5.225804419633478
"(4, 38, 40)",5.225804419633478
"(4, 40, 47)",5.225804419633478
"(8, 38, 40)",5.225804419633478
"(8, 40, 47)",5.225804419633478
"(38, 40, 47)",5.225804419633478
"(6, 7, 20)",5.223985457274608
"(1, 7, 14)",5.218673478014818
"(25, 43, 45)",5.214560984042616
"(4, 5, 33)",5.213777113253454
"(5, 8, 33)",5.213777113253454
"(5, 33, 38)",5.213777113253454
"(5, 33, 47)",5.213777113253454
"(1, 17, 28)",5.208728865738865
"(7, 22, 34)",5.207619628625102
"(1, 20, 21)",5.205478951284845
"(4, 15, 32)",5.202767079302005
"(8, 15, 32)",5.202767079302005
"(15, 32, 38)",5.202767079302005
"(15, 32, 47)",5.202767079302005
"(7, 17, 25)",5.200882466029917
"(1, 13, 22)",5.199081698456299
"(5, 15, 44)",5.198945049882829
"(5, 18, 32)",5.197946248533297
"(4, 36, 42)",5.194203921456624
"(8, 36, 42)",5.194203921456624
"(36, 38, 42)",5.194203921456624
"(36, 42, 47)",5.194203921456624
"(5, 21, 22)",5.193022433853789
"(20, 39, 45)",5.1889387964542415
"(1, 6, 28)",5.186856136669555
"(15, 20, 34)",5.1807285008992325
"(5, 14, 15)",5.179325832857893
"(6, 7, 25)",5.179009736960607
"(13, 34, 36)",5.176318055843851
"(7, 19, 45)",5.1727066609101
"(7, 21, 44)",5.172523779571211
"(31, 36, 39)",5.169365263197284
"(3, 4, 8)",5.165600071405942
"(3, 4, 38)",5.165600071405942
"(3, 4, 47)",5.165600071405942
"(3, 8, 38)",5.165600071405942
"(3, 8, 47)",5.165600071405942
"(3, 38, 47)",5.165600071405942
"(4, 21, 41)",5.163651516234667
"(8, 21, 41)",5.163651516234667
"(21, 38, 41)",5.163651516234667
"(21, 41, 47)",5.163651516234667
"(1, 21, 25)",5.160503230970844
"(4, 15, 48)",5.157531204093933
"(8, 15, 48)",5.157531204093933
"(15, 38, 48)",5.157531204093933
"(15, 47, 48)",5.157531204093933
"(4, 13, 33)",5.1540674623874185
"(8, 13, 33)",5.1540674623874185
"(13, 33, 38)",5.1540674623874185
"(13, 33, 47)",5.1540674623874185
"(7, 14, 21)",5.152904562546274
"(7, 39)",5.152896709800732
"(5, 18, 48)",5.152710373325226
"(7, 16, 49)",5.147977808538691
"(5, 42)",5.1470837612528175
"(25, 39, 45)",5.143963076140239
"(14, 30, 46)",5.142878551247493
"(4, 24, 45)",5.141965700883321
"(8, 24, 45)",5.141965700883321
"(24, 38, 45)",5.141965700883321
"(24, 45, 47)",5.141965700883321
"(7, 20, 24)",5.139632777997376
"(13, 15, 44)",5.139235399016794
"(13, 18, 32)",5.138236597667262
"(15, 25, 34)",5.13575278058523
"(18, 20, 42)",5.134083884877264
"(13, 21, 22)",5.133312782987755
"(7, 22, 36)",5.130020272493653
"(1, 5, 34)",5.126735257372456
"(5, 13, 16)",5.124445241243044
"(4, 15, 43)",5.120037033896589
"(8, 15, 43)",5.120037033896589
"(15, 38, 43)",5.120037033896589
"(15, 43, 47)",5.120037033896589
"(13, 14, 15)",5.119616181991858
"(4, 34, 44)",5.11898174134065
"(8, 34, 44)",5.11898174134065
"(34, 38, 44)",5.11898174134065
"(34, 44, 47)",5.11898174134065
"(7, 17, 49)",5.116340214089828
"(5, 18, 43)",5.115216203127881
"(7, 15, 42)",5.113703059964142
"(15, 20, 36)",5.103129144767784
"(1, 24, 28)",5.102503457392323
"(5, 19, 20)",5.102234505022281
"(4, 14, 34)",5.099362524315714
"(8, 14, 34)",5.099362524315714
"(14, 34, 38)",5.099362524315714
"(14, 34, 47)",5.099362524315714
"(4, 7, 46)",5.098160791454595
"(7, 8, 46)",5.098160791454595
"(7, 38, 46)",5.098160791454595
"(7, 46, 47)",5.098160791454595
"(7, 24, 25)",5.094657057683374
"(6, 7, 49)",5.094467485020518
"(13, 18, 48)",5.093000722459191
"(5, 13, 17)",5.0928076467941805
"(20, 41, 45)",5.091508930840206
"(18, 25, 42)",5.089108164563262
"(20, 22)",5.088610771331105
"(11, 37, 44)",5.086101226284654
"(1, 4, 42)",5.0849114721191935
"(1, 8, 42)",5.0849114721191935
"(1, 38, 42)",5.0849114721191935
"(1, 42, 47)",5.0849114721191935
"(8, 10, 19)",5.082471422213817
"(1, 45)",5.072992448283862
"(18, 22, 45)",5.0722331588002385
"(31, 36, 41)",5.071935397583249
"(5, 6, 13)",5.070934917724871
"(1, 13, 34)",5.06702560650642
"(11, 14, 37)",5.066482009259718
"(5, 21, 34)",5.060966341903912
"(15, 25, 36)",5.058153424453781
"(13, 42)",5.057519284953765
"(5, 19, 25)",5.05725878470828
"(13, 18, 43)",5.055506552261846
"(4, 18, 19)",5.053587815363192
"(8, 18, 19)",5.053587815363192
"(18, 19, 38)",5.053587815363192
"(18, 19, 47)",5.053587815363192
"(4, 15, 39)",5.049439125994212
"(8, 15, 39)",5.049439125994212
"(15, 38, 39)",5.049439125994212
"(15, 39, 47)",5.049439125994212
"(1, 5, 36)",5.049135901241007
"(25, 41, 45)",5.046533210526204
"(5, 18, 39)",5.044618295225505
"(13, 19, 20)",5.0425248541562455
"(4, 36, 44)",5.041382385209201
"(8, 36, 44)",5.041382385209201
"(36, 38, 44)",5.041382385209201
"(36, 44, 47)",5.041382385209201
"(4, 14, 36)",5.021763168184265
"(8, 14, 36)",5.021763168184265
"(14, 36, 38)",5.021763168184265
"(14, 36, 47)",5.021763168184265
"(22, 25)",5.021147190860102
"(1, 7, 22)",5.020727823156223
"(14, 30, 33)",5.020431346880242
"(4, 21, 42)",5.0191425566506505
"(8, 21, 42)",5.0191425566506505
"(21, 38, 42)",5.0191425566506505
"(21, 42, 47)",5.0191425566506505
"(5, 32, 45)",5.010862334912222
"(7, 24, 49)",5.010114805743285
"(7, 41)",5.006751911379679
"(4, 5, 26)",5.001605439780263
"(5, 8, 26)",5.001605439780263
"(5, 26, 38)",5.001605439780263
"(5, 26, 47)",5.001605439780263
"(13, 21, 34)",5.001256691037877
"(7, 34, 36)",4.997964180543775
"(13, 19, 25)",4.997549133842244
"(1, 15, 20)",4.993836695430353
"(1, 13, 36)",4.989426250374971
"(20, 25, 32)",4.988755347394104
"(5, 13, 24)",4.986582238447639
"(13, 18, 39)",4.98490864435947
"(4, 5, 30)",4.983860630508829
"(5, 8, 30)",4.983860630508829
"(5, 30, 38)",4.983860630508829
"(5, 30, 47)",4.983860630508829
"(5, 21, 36)",4.983366985772463
"(5, 15, 22)",4.9813801779992986
"(18, 20, 44)",4.9812623486298415
"(4, 7, 33)",4.975713587087345
"(7, 8, 33)",4.975713587087345
"(7, 33, 38)",4.975713587087345
"(7, 33, 47)",4.975713587087345
"(21, 45)",4.974339075081046
"(30, 39, 46)",4.973665860575969
"(4, 16, 20)",4.971293021624798
"(8, 16, 20)",4.971293021624798
"(16, 20, 38)",4.971293021624798
"(16, 20, 47)",4.971293021624798
"(1, 16, 46)",4.97073626014157
"(5, 45, 48)",4.965626459704151
"(14, 18, 20)",4.961643131604904
"(7, 15, 44)",4.960881523716719
"(7, 18, 32)",4.959882722367188
"(1, 16, 33)",4.959617602894663
"(7, 21, 22)",4.95495890768768
"(4, 15, 41)",4.952009260380176
"(8, 15, 41)",4.952009260380176
"(15, 38, 41)",4.952009260380176
"(15, 41, 47)",4.952009260380176
"(13, 32, 45)",4.951152684046187
"(1, 15, 25)",4.948860975116352
"(5, 18, 41)",4.94718842961147
"(20, 42, 45)",4.946999971256188
"(5, 7, 16)",4.94609136594297
"(20, 25, 48)",4.943519472186033
"(4, 13, 26)",4.941895788914228
"(8, 13, 26)",4.941895788914228
"(13, 26, 38)",4.941895788914228
"(13, 26, 47)",4.941895788914228
"(7, 14, 15)",4.941262306691783
"(18, 34, 45)",4.940177066850361
"(4, 17, 20)",4.939655427175935
"(8, 17, 20)",4.939655427175935
"(17, 20, 38)",4.939655427175935
"(17, 20, 47)",4.939655427175935
"(1, 17, 46)",4.939098665692707
"(15, 18)",4.937501561730922
"(18, 25, 44)",4.936286628315839
"(1, 4, 44)",4.932089935871771
"(1, 8, 44)",4.932089935871771
"(1, 38, 44)",4.932089935871771
"(1, 44, 47)",4.932089935871771
"(5, 43, 45)",4.928132289506806
"(15, 20, 21)",4.92806777996181
"(1, 17, 33)",4.927980008445799
"(31, 36, 42)",4.927426437999232
"(4, 16, 25)",4.926317301310797
"(8, 16, 25)",4.926317301310797
"(16, 25, 38)",4.926317301310797
"(16, 25, 47)",4.926317301310797
"(4, 13, 30)",4.924150979642794
"(8, 13, 30)",4.924150979642794
"(13, 30, 38)",4.924150979642794
"(13, 30, 47)",4.924150979642794
"(13, 21, 36)",4.923657334906428
"(4, 32)",4.9235845010104455
"(8, 32)",4.9235845010104455
"(32, 38)",4.9235845010104455
"(32, 47)",4.9235845010104455
"(13, 15, 22)",4.921670527133264
"(5, 44)",4.917851456881683
"(4, 6, 20)",4.917782698106625
"(6, 8, 20)",4.917782698106625
"(6, 20, 38)",4.917782698106625
"(6, 20, 47)",4.917782698106625
"(1, 6, 46)",4.917225936623397
"(14, 18, 25)",4.916667411290903
"(7, 18, 48)",4.9146468471591165
"(5, 7, 17)",4.914453771494107
"(1, 4, 14)",4.912470718846835
"(1, 8, 14)",4.912470718846835
"(1, 14, 38)",4.912470718846835
"(1, 14, 47)",4.912470718846835
"(1, 6, 33)",4.9061072793764895
"(20, 25, 43)",4.906025301988688
"(13, 45, 48)",4.905916808838116
"(25, 42, 45)",4.902024250942187
"(4, 22, 34)",4.901416869457119
"(8, 22, 34)",4.901416869457119
"(22, 34, 38)",4.901416869457119
"(22, 46, 47)",4.898754891322327
"(4, 17, 25)",4.894679706861933
"(8, 17, 25)",4.894679706861933
"(17, 25, 38)",4.894679706861933
"(17, 25, 47)",4.894679706861933
"(5, 6, 7)",4.892581042424797
"(20, 34)",4.890526633406288
"(1, 7, 34)",4.888671731206346
"(5, 14)",4.8884226313442785
"(13, 18, 41)",4.887478778745434
"(7, 13, 16)",4.886381715076935
"(32, 41, 48)",4.885986481698515
"(15, 21, 25)",4.883092059647809
"(7, 18, 43)",4.877152676961772
"(1, 5, 21)",4.8740745364350335
"(4, 6, 25)",4.8728069777926235
"(6, 8, 25)",4.8728069777926235
"(6, 25, 38)",4.8728069777926235
"(6, 25, 47)",4.8728069777926235
"(11, 22, 37)",4.868536354401124
"(13, 43, 45)",4.868422638640771
"(4, 19, 45)",4.866503901742116
"(8, 19, 45)",4.866503901742116
"(19, 38, 45)",4.866503901742116
"(19, 45, 47)",4.866503901742116
"(4, 21, 44)",4.866321020403228
"(8, 21, 44)",4.866321020403228
"(21, 38, 44)",4.866321020403228
"(21, 44, 47)",4.866321020403228
"(7, 19, 20)",4.864170978856172
"(18, 36, 45)",4.862577710718912
"(5, 39, 45)",4.85753438160443
"(4, 48)",4.855730688198339
"(8, 48)",4.855730688198339
"(38, 48)",4.855730688198339
"(47, 48)",4.855730688198339
"(7, 13, 17)",4.854744120628071
"(30, 33, 39)",4.851218656208718
"(5, 15, 34)",4.849324086049421
"(4, 14, 21)",4.846701803378291
"(8, 14, 21)",4.846701803378291
"(14, 21, 38)",4.846701803378291
"(14, 21, 47)",4.846701803378291
"(20, 25, 39)",4.835427394086311
"(4, 20, 24)",4.833430018829393
"(8, 20, 24)",4.833430018829393
"(20, 24, 38)",4.833430018829393
"(20, 24, 47)",4.833430018829393
"(1, 24, 46)",4.832873257346165
"(6, 7, 13)",4.832871391558761
"(13, 44)",4.8282869805826305
"(1, 19, 28)",4.827041658251119
"(4, 22, 36)",4.82381751332567
"(8, 22, 36)",4.82381751332567
"(22, 36, 38)",4.82381751332567
"(25, 34)",4.823063052935285
"(7, 21, 34)",4.822902815737802
"(1, 24, 33)",4.821754600099258
"(7, 19, 25)",4.81919525854217
"(1, 13, 21)",4.814364885568998
"(1, 7, 36)",4.811072375074897
"(14, 26, 30)",4.8082596734070515
"(5, 7, 24)",4.808228363147564
"(4, 15, 42)",4.807500300796159
"(8, 15, 42)",4.807500300796159
"(15, 38, 42)",4.807500300796159
"(15, 42, 47)",4.807500300796159
"(7, 18, 39)",4.806554769059396
"(41, 43, 48)",4.803256436293099
"(5, 18, 42)",4.802679470027453
"(4, 43)",4.799489432902321
"(8, 43)",4.799489432902321
"(38, 43)",4.799489432902321
"(43, 47)",4.799489432902321
"(13, 14)",4.798858155045226
"(13, 39, 45)",4.7978247307383945
"(20, 44, 45)",4.7941784350087655
"(4, 8, 46)",4.791958032286612
"(4, 38, 46)",4.791958032286612
"(4, 46, 47)",4.791958032286612
"(8, 38, 46)",4.791958032286612
"(8, 46, 47)",4.791958032286612
"(38, 46, 47)",4.791958032286612
"(7, 42)",4.789988472003653
"(13, 15, 34)",4.789614435183386
"(32, 44, 48)",4.789077724252785
"(4, 24, 25)",4.788454298515391
"(8, 24, 25)",4.788454298515391
"(24, 25, 38)",4.788454298515391
"(24, 25, 47)",4.788454298515391
"(22, 33, 47)",4.776307686955077
"(31, 36, 44)",4.774604901751809
"(14, 20, 45)",4.774559217983829
"(20, 36)",4.774127599209114
"(7, 32, 45)",4.772798808746113
"(5, 15, 36)",4.771724729917972
"(18, 20, 22)",4.7636974767463105
"(4, 7, 26)",4.763541913614154
"(7, 8, 26)",4.763541913614154
"(7, 26, 38)",4.763541913614154
"(7, 26, 47)",4.763541913614154
"(5, 41, 45)",4.7601045159903945
"(14, 31, 36)",4.754985684726872
"(1, 18, 45)",4.753285261381482
"(32, 43, 44)",4.75158355405544
"(25, 44, 45)",4.749202714694764
"(7, 13, 24)",4.748518712281529
"(4, 7, 30)",4.74579710434272
"(7, 8, 30)",4.74579710434272
"(7, 30, 38)",4.74579710434272
"(7, 30, 47)",4.74579710434272
"(7, 21, 36)",4.745303459606353
"(7, 15, 22)",4.743316651833188
"(13, 18, 42)",4.742969819161417
"(20, 25, 41)",4.737997528472276
"(11, 34, 37)",4.736480262451246
"(7, 19, 49)",4.734653006602081
"(39, 41, 48)",4.732658528390723
"(14, 25, 45)",4.729583497669828
"(7, 45, 48)",4.727562933538041
"(18, 22, 25)",4.718721756432309
"(1, 4, 22)",4.714525063988241
"(1, 8, 22)",4.714525063988241
"(1, 22, 38)",4.714525063988241
"(13, 15, 36)",4.712015079051937
"(5, 13, 19)",4.711120439306434
"(7, 18, 41)",4.70912490344536
"(25, 36)",4.7066640187381115
"(5, 20, 32)",4.702326652858294
"(13, 41, 45)",4.700394865124359
"(4, 39)",4.693592571048757
"(8, 39)",4.693592571048757
"(38, 39)",4.693592571048757
"(39, 47)",4.693592571048757
"(4, 34, 36)",4.6917614213757926
"(8, 34, 36)",4.6917614213757926
"(34, 36, 38)",4.6917614213757926
"(34, 36, 47)",4.6917614213757926
"(7, 43, 45)",4.690068763340697
"(18, 21, 45)",4.687516345912939
"(8, 10, 32)",4.68256357004983
"(32, 39, 44)",4.680985646153063
"(4, 8, 33)",4.669510827919361
"(4, 33, 38)",4.669510827919361
"(4, 33, 47)",4.669510827919361
"(8, 33, 38)",4.669510827919361
"(8, 33, 47)",4.669510827919361
"(33, 38, 47)",4.669510827919361
"(1, 5, 15)",4.662432280580542
"(11, 36, 37)",4.658880906319797
"(5, 25, 32)",4.657350932544292
"(5, 20, 48)",4.657090777650223
"(15, 45)",4.65687569129931
"(4, 15, 44)",4.654678764548736
"(8, 15, 44)",4.654678764548736
"(15, 38, 44)",4.654678764548736
"(15, 44, 47)",4.654678764548736
"(4, 18, 32)",4.653679963199204
"(8, 18, 32)",4.653679963199204
"(18, 32, 38)",4.653679963199204
"(18, 32, 47)",4.653679963199204
"(5, 18, 44)",4.64985793378003
"(4, 21, 22)",4.648756148519697
"(8, 21, 22)",4.648756148519697
"(21, 22, 38)",4.648756148519697
"(13, 20, 32)",4.642617001992258
"(4, 5, 16)",4.639888606774987
"(5, 8, 16)",4.639888606774987
"(5, 16, 38)",4.639888606774987
"(5, 16, 47)",4.639888606774987
"(26, 30, 39)",4.639046982735527
"(8, 10, 48)",4.637327694841758
"(1, 7, 21)",4.636011010268923
"(4, 14, 15)",4.635059547523801
"(8, 14, 15)",4.635059547523801
"(14, 15, 38)",4.635059547523801
"(14, 15, 47)",4.635059547523801
"(18, 20, 34)",4.631641384796433
"(5, 14, 18)",4.630238716755093
"(5, 20, 43)",4.619596607452878
"(7, 39, 45)",4.61947085543832
"(5, 42, 45)",4.615595556406377
"(5, 25, 48)",4.61211505733622
"(7, 15, 34)",4.611260559883311
"(1, 20)",4.610188925202969
"(4, 18, 48)",4.608444087991133
"(8, 18, 48)",4.608444087991133
"(18, 38, 48)",4.608444087991133
"(18, 47, 48)",4.608444087991133
"(4, 5, 17)",4.608251012326123
"(5, 8, 17)",4.608251012326123
"(5, 17, 38)",4.608251012326123
"(5, 17, 47)",4.608251012326123
"(1, 13, 15)",4.602722629714506
"(8, 10, 43)",4.5998335246444135
"(13, 25, 32)",4.597641281678257
"(13, 20, 48)",4.597381126784187
"(5, 15, 21)",4.596663365111999
"(20, 25, 42)",4.593488568888259
"(5, 22)",4.591504149056387
"(13, 18, 44)",4.590148282913995
"(18, 25, 34)",4.586665664482431
"(4, 5, 6)",4.586378283256813
"(5, 6, 8)",4.586378283256813
"(5, 6, 38)",4.586378283256813
"(5, 6, 47)",4.586378283256813
"(32, 41, 44)",4.583555780539028
"(1, 4, 34)",4.582468972038363
"(1, 8, 34)",4.582468972038363
"(1, 34, 38)",4.582468972038363
"(1, 34, 47)",4.582468972038363
"(4, 13, 16)",4.580178955908951
"(8, 13, 16)",4.580178955908951
"(13, 16, 38)",4.580178955908951
"(13, 16, 47)",4.580178955908951
"(20, 22, 45)",4.576613563125235
"(5, 25, 43)",4.574620887138876
"(4, 18, 43)",4.570949917793788
"(8, 18, 43)",4.570949917793788
"(18, 38, 43)",4.570949917793788
"(18, 43, 47)",4.570949917793788
"(13, 14, 18)",4.570529065889058
"(7, 18, 42)",4.564615943861343
"(22, 26, 47)",4.564136013481886
"(7, 44)",4.560756167632519
"(13, 20, 43)",4.559886956586842
"(4, 19, 20)",4.557968219688188
"(8, 19, 20)",4.557968219688188
"(19, 20, 38)",4.557968219688188
"(19, 20, 47)",4.557968219688188
"(1, 19, 46)",4.557411458204961
"(22, 31, 36)",4.557040029868278
"(13, 42, 45)",4.555885905540342
"(18, 20, 36)",4.554042028664984
"(13, 25, 48)",4.552405406470186
"(1, 11, 37)",4.549588456982367
"(5, 20, 39)",4.548998699550502
"(4, 13, 17)",4.548541361460088
"(8, 13, 17)",4.548541361460088
"(13, 17, 38)",4.548541361460088
"(13, 17, 47)",4.548541361460088
"(4, 41)",4.547447772627704
"(8, 41)",4.547447772627704
"(38, 41)",4.547447772627704
"(41, 47)",4.547447772627704
"(22, 30, 47)",4.546391204210452
"(1, 19, 33)",4.546292800958053
"(1, 25)",4.542725344731966
"(13, 15, 21)",4.536953714245963
"(7, 15, 36)",4.533661203751862
"(5, 7, 19)",4.53276656400636
"(22, 25, 45)",4.531637842811233
"(7, 14)",4.531327342095114
"(8, 10, 39)",4.529235616742037
"(4, 6, 13)",4.526668632390778
"(6, 8, 13)",4.526668632390778
"(6, 13, 38)",4.526668632390778
"(6, 13, 47)",4.526668632390778
"(7, 41, 45)",4.522040989824284
"(4, 21, 34)",4.516700056569819
"(8, 21, 34)",4.516700056569819
"(21, 34, 38)",4.516700056569819
"(21, 34, 47)",4.516700056569819
"(13, 25, 43)",4.514911236272841
"(4, 19, 25)",4.512992499374187
"(8, 19, 25)",4.512992499374187
"(19, 25, 38)",4.512992499374187
"(19, 25, 47)",4.512992499374187
"(20, 21)",4.511535552000154
"(18, 25, 36)",4.509066308350982
"(1, 4, 36)",4.504869615906914
"(1, 8, 36)",4.504869615906914
"(1, 36, 38)",4.504869615906914
"(1, 36, 47)",4.504869615906914
"(5, 25, 39)",4.5040229792365
"(4, 5, 24)",4.502025603979581
"(5, 8, 24)",4.502025603979581
"(5, 24, 38)",4.502025603979581
"(5, 24, 47)",4.502025603979581
"(13, 22)",4.501939672757334
"(4, 18, 39)",4.5003520098914125
"(8, 18, 39)",4.5003520098914125
"(18, 38, 39)",4.5003520098914125
"(18, 39, 47)",4.5003520098914125
"(41, 42, 48)",4.490719703192671
"(13, 20, 39)",4.4892890486844665
"(11, 21, 37)",4.483819541513824
"(15, 18, 45)",4.475874090058447
"(7, 13, 19)",4.473056913140325
"(4, 32, 45)",4.466596049578129
"(8, 32, 45)",4.466596049578129
"(32, 38, 45)",4.466596049578129
"(32, 45, 47)",4.466596049578129
"(7, 20, 32)",4.464263126692185
"(5, 44, 45)",4.462774020158954
"(4, 8, 26)",4.457339154446171
"(4, 26, 38)",4.457339154446171
"(4, 26, 47)",4.457339154446171
"(8, 26, 38)",4.457339154446171
"(8, 26, 47)",4.457339154446171
"(26, 38, 47)",4.457339154446171
"(5, 20, 41)",4.4515688339364665
"(14, 16, 30)",4.446542840401775
"(1, 18, 20)",4.444749579327554
"(20, 34, 45)",4.444557471175357
"(13, 25, 39)",4.444313328370464
"(21, 25)",4.4440719715291515
"(5, 14, 45)",4.443154803134018
"(4, 13, 24)",4.442315953113546
"(8, 13, 24)",4.442315953113546
"(13, 24, 38)",4.442315953113546
"(13, 24, 47)",4.442315953113546
"(20, 25, 44)",4.440667032640836
"(4, 8, 30)",4.439594345174736
"(4, 30, 38)",4.439594345174736
"(4, 30, 47)",4.439594345174736
"(8, 30, 38)",4.439594345174736
"(8, 30, 47)",4.439594345174736
"(30, 38, 47)",4.439594345174736
"(4, 21, 36)",4.43910070043837
"(8, 21, 36)",4.43910070043837
"(21, 36, 38)",4.43910070043837
"(21, 36, 47)",4.43910070043837
"(32, 42, 44)",4.43904682095501
"(4, 15, 22)",4.437113892665206
"(8, 15, 22)",4.437113892665206
"(15, 22, 38)",4.437113892665206
"(5, 18, 22)",4.432293061896499
"(8, 10, 41)",4.431805751128001
"(1, 28, 32)",4.427133806087132
"(31, 34, 36)",4.4249839379184
"(1, 7, 15)",4.424368754414433
"(4, 45, 48)",4.421360174370058
"(8, 45, 48)",4.421360174370058
"(38, 45, 48)",4.421360174370058
"(45, 47, 48)",4.421360174370058
"(14, 20, 25)",4.4210478156159
"(7, 25, 32)",4.419287406378182
"(7, 20, 48)",4.419027251484113
"(14, 17, 30)",4.4149052459529115
"(7, 18, 44)",4.41179440761392
"(5, 25, 41)",4.406593113622464
"(13, 44, 45)",4.4030643692929194
"(4, 18, 41)",4.402922144277377
"(8, 18, 41)",4.402922144277377
"(18, 38, 41)",4.402922144277377
"(18, 41, 47)",4.402922144277377
"(4, 7, 16)",4.4018250806088774
"(7, 8, 16)",4.4018250806088774
"(7, 16, 38)",4.4018250806088774
"(7, 16, 47)",4.4018250806088774
"(1, 18, 25)",4.3997738590135524
"(25, 34, 45)",4.399581750861356
"(5, 34)",4.39342001113157
"(6, 14, 30)",4.3930325168836015
"(7, 14, 18)",4.392175190588984
"(13, 20, 41)",4.391859183070431
"(4, 43, 45)",4.383866004172713
"(8, 43, 45)",4.383866004172713
"(38, 43, 45)",4.383866004172713
"(43, 45, 47)",4.383866004172713
"(13, 14, 45)",4.383445152267983
"(1, 28, 48)",4.38189793087906
"(7, 20, 43)",4.3815330812867685
"(18, 20, 21)",4.378980663859011
"(7, 42, 45)",4.377532030240268
"(7, 25, 48)",4.374051531170111
"(13, 18, 22)",4.3725834110304636
"(4, 7, 17)",4.370187486160014
"(7, 8, 17)",4.370187486160014
"(7, 17, 38)",4.370187486160014
"(7, 17, 47)",4.370187486160014
"(20, 36, 45)",4.366958115043908
"(7, 15, 21)",4.358599838945889
"(4, 6, 7)",4.348314757090704
"(6, 7, 8)",4.348314757090704
"(6, 7, 38)",4.348314757090704
"(6, 7, 47)",4.348314757090704
"(13, 25, 41)",4.346883462756429
"(1, 28, 43)",4.344403760681716
"(41, 44, 48)",4.337898166945248
"(7, 25, 43)",4.336557360972766
"(7, 32, 49)",4.334745154438094
"(18, 21, 25)",4.3340049435450085
"(4, 42)",4.3306843332516785
"(8, 42)",4.3306843332516785
"(38, 42)",4.3306843332516785
"(42, 47)",4.3306843332516785
"(1, 4, 21)",4.329808251100941
"(1, 8, 21)",4.329808251100941
"(1, 21, 38)",4.329808251100941
"(1, 21, 47)",4.329808251100941
"(25, 36, 45)",4.321982394729907
"(14, 41, 48)",4.318278949920311
"(4, 39, 45)",4.313268096270337
"(8, 39, 45)",4.313268096270337
"(38, 39, 45)",4.313268096270337
"(39, 45, 47)",4.313268096270337
"(5, 13, 32)",4.311212587142447
"(7, 20, 39)",4.310935173384392
"(14, 24, 30)",4.308679837606369
"(5, 20, 42)",4.307059874352449
"(4, 15, 34)",4.305057800715328
"(8, 15, 34)",4.305057800715328
"(15, 34, 38)",4.305057800715328
"(15, 34, 47)",4.305057800715328
"(13, 34)",4.303855534832517
"(5, 18, 34)",4.300236969946621
"(7, 48, 49)",4.289509279230023
"(8, 10, 42)",4.287296791543985
"(16, 30, 39)",4.2773301497302505
"(5, 36)",4.277020976934397
"(1, 28, 39)",4.273805852779339
"(11, 15, 37)",4.272177285659332
"(14, 32, 44)",4.266606067682652
"(5, 13, 48)",4.265976711934376
"(7, 25, 39)",4.265959453070391
"(4, 7, 24)",4.2639620778134715
"(7, 8, 24)",4.2639620778134715
"(7, 24, 38)",4.2639620778134715
"(7, 24, 47)",4.2639620778134715
"(5, 25, 42)",4.2620841540384475
"(4, 18, 42)",4.25841318469336
"(8, 18, 42)",4.25841318469336
"(18, 38, 42)",4.25841318469336
"(18, 42, 47)",4.25841318469336
"(1, 20, 45)",4.257665665706479
"(7, 43, 49)",4.252015109032678
"(13, 20, 42)",4.247350223486414
"(17, 30, 39)",4.245692555281387
"(5, 22, 45)",4.245209148275424
"(13, 18, 34)",4.240527319080586
"(1, 31, 36)",4.2380921324495215
"(7, 22)",4.234408859807223
"(5, 13, 43)",4.228482541737031
"(4, 15, 36)",4.227458444583879
"(8, 15, 36)",4.227458444583879
"(15, 36, 38)",4.227458444583879
"(15, 36, 47)",4.227458444583879
"(4, 5, 19)",4.226563804838377
"(5, 8, 19)",4.226563804838377
"(5, 19, 38)",4.226563804838377
"(5, 19, 47)",4.226563804838377
"(7, 44, 45)",4.224710493992845
"(6, 30, 39)",4.223819826212077
"(20, 22, 25)",4.223102160757306
"(5, 18, 36)",4.222637613815172
"(4, 41, 45)",4.215838230656302
"(8, 41, 45)",4.215838230656302
"(38, 41, 45)",4.215838230656302
"(41, 45, 47)",4.215838230656302
"(7, 20, 41)",4.213505307770356
"(1, 25, 45)",4.212689945392476
"(7, 14, 45)",4.2050912769679085
"(16, 22, 47)",4.20241918047661
"(13, 25, 42)",4.202374503172412
"(7, 18, 22)",4.19422953573039
"(15, 20)",4.194072168218417
"(20, 21, 45)",4.191896750237935
"(13, 36)",4.187456500635344
"(13, 22, 45)",4.185499497409388
"(7, 39, 49)",4.1814172011303015
"(1, 28, 41)",4.1763759871653034
"(21, 31, 36)",4.172323216980978
"(17, 22, 47)",4.170781586027746
"(7, 25, 41)",4.168529587456355
"(15, 18, 20)",4.167338408004519
"(4, 13, 19)",4.166854153972341
"(8, 13, 19)",4.166854153972341
"(13, 19, 38)",4.166854153972341
"(13, 19, 47)",4.166854153972341
"(13, 18, 36)",4.162927962949137
"(4, 20, 32)",4.158060367524201
"(8, 20, 32)",4.158060367524201
"(20, 32, 38)",4.158060367524201
"(20, 32, 47)",4.158060367524201
"(5, 13, 39)",4.157884633834655
"(1, 32, 46)",4.157503606040974
"(5, 20, 44)",4.154238338105026
"(6, 22, 47)",4.148908856958436
"(21, 25, 45)",4.146921029923933
"(1, 32, 33)",4.146384948794067
"(24, 30, 39)",4.139467146934845
"(5, 14, 20)",4.13461912108009
"(8, 10, 44)",4.134475255296562
"(5, 7, 32)",4.132858711842373
"(15, 25)",4.126608587747414
"(15, 18, 25)",4.122362687690518
"(22, 41, 48)",4.120333295061717
"(1, 4, 15)",4.118165995246449
"(1, 8, 15)",4.118165995246449
"(1, 15, 38)",4.118165995246449
"(1, 15, 47)",4.118165995246449
"(8, 10, 14)",4.1148560382716255
"(18,)",4.113870887576724
"(1, 5, 18)",4.113345164477742
"(5, 34, 45)",4.113153056325546
"(4, 25, 32)",4.1130846472102
"(8, 25, 32)",4.1130846472102
"(25, 32, 38)",4.1130846472102
"(25, 32, 47)",4.1130846472102
"(1, 5)",4.113082302928252
"(4, 20, 48)",4.11282449231613
"(8, 20, 48)",4.11282449231613
"(20, 38, 48)",4.11282449231613
"(20, 47, 48)",4.11282449231613
"(1, 46, 48)",4.112267730832903
"(5, 25, 44)",4.109262617791025
"(4, 18, 44)",4.105591648445937
"(8, 18, 44)",4.105591648445937
"(18, 38, 44)",4.105591648445937
"(18, 44, 47)",4.105591648445937
"(4, 44)",4.101452028880544
"(8, 44)",4.101452028880544
"(38, 44)",4.101452028880544
"(44, 47)",4.101452028880544
"(1, 33, 48)",4.1011490735859955
"(4, 8, 16)",4.095622321440894
"(4, 16, 38)",4.095622321440894
"(4, 16, 47)",4.095622321440894
"(8, 16, 38)",4.095622321440894
"(8, 16, 47)",4.095622321440894
"(16, 38, 47)",4.095622321440894
"(13, 20, 44)",4.094528687238991
"(20, 25, 34)",4.091046068807428
"(5, 14, 25)",4.0896434007660885
"(5, 7, 48)",4.087622836634302
"(4, 14, 18)",4.085972431421
"(8, 14, 18)",4.085972431421
"(14, 18, 38)",4.085972431421
"(14, 18, 47)",4.085972431421
"(7, 41, 49)",4.083987335516266
"(4, 20, 43)",4.075330322118785
"(8, 20, 43)",4.075330322118785
"(20, 38, 43)",4.075330322118785
"(20, 43, 47)",4.075330322118785
"(13, 14, 20)",4.074909470214055
"(1, 43, 46)",4.074773560635558
"(7, 13, 32)",4.073149060976338
"(4, 14)",4.072023203343139
"(8, 14)",4.072023203343139
"(14, 38)",4.072023203343139
"(14, 47)",4.072023203343139
"(4, 42, 45)",4.071329271072284
"(8, 42, 45)",4.071329271072284
"(38, 42, 45)",4.071329271072284
"(42, 45, 47)",4.071329271072284
"(7, 20, 42)",4.06899634818634
"(22, 32, 44)",4.068660412824057
"(4, 25, 48)",4.067848772002129
"(8, 25, 48)",4.067848772002129
"(25, 38, 48)",4.067848772002129
"(25, 47, 48)",4.067848772002129
"(22, 24, 47)",4.0645561776812045
"(4, 8, 17)",4.063984726992031
"(4, 17, 38)",4.063984726992031
"(4, 17, 47)",4.063984726992031
"(8, 17, 38)",4.063984726992031
"(8, 17, 47)",4.063984726992031
"(17, 38, 47)",4.063984726992031
"(1, 33, 43)",4.063654903388651
"(7, 18, 34)",4.0621734437805115
"(5, 13, 41)",4.06045476822062
"(1, 13, 18)",4.053635513611708
"(13, 34, 45)",4.053443405459511
"(4, 15, 21)",4.052397079777906
"(8, 15, 21)",4.052397079777906
"(15, 21, 38)",4.052397079777906
"(15, 21, 47)",4.052397079777906
"(5, 7, 43)",4.050128666436957
"(13, 25, 44)",4.049552966924989
"(5, 18, 21)",4.047576249009198
"(4, 6, 8)",4.042111997922721
"(4, 6, 38)",4.042111997922721
"(4, 6, 47)",4.042111997922721
"(6, 8, 38)",4.042111997922721
"(6, 8, 47)",4.042111997922721
"(6, 38, 47)",4.042111997922721
"(7, 34)",4.036324721882406
"(5, 36, 45)",4.035553700194097
"(14, 19, 30)",4.033218038465165
"(1, 28, 42)",4.031867027581287
"(4, 25, 43)",4.030354601804784
"(8, 25, 43)",4.030354601804784
"(25, 38, 43)",4.030354601804784
"(25, 43, 47)",4.030354601804784
"(13, 14, 25)",4.029933749900053
"(7, 13, 48)",4.027913185768266
"(7, 25, 42)",4.024020627872337
"(1, 13)",4.023517826629199
"(5, 21)",4.014428929725437
"(20, 25, 36)",4.013446712675979
"(7, 22, 45)",4.007145622109314
"(4, 20, 39)",4.004732414216409
"(8, 20, 39)",4.004732414216409
"(20, 38, 39)",4.004732414216409
"(20, 39, 47)",4.004732414216409
"(1, 39, 46)",4.004175652733181
"(1, 33, 39)",3.993056995486274
"(7, 13, 43)",3.9904190155709216
"(4, 7, 19)",3.988500278672267
"(7, 8, 19)",3.988500278672267
"(7, 19, 38)",3.988500278672267
"(7, 19, 47)",3.988500278672267
"(34, 41, 48)",3.988277203111839
"(13, 18, 21)",3.987866598143164
"(7, 18, 36)",3.9845740876490625
"(15, 20, 45)",3.980254494383444
"(5, 7, 39)",3.9795307585345805
"(13, 36, 45)",3.975844049328062
"(15, 31, 36)",3.960680961126487
"(4, 25, 39)",3.959756693902407
"(8, 25, 39)",3.959756693902407
"(25, 38, 39)",3.959756693902407
"(25, 39, 47)",3.959756693902407
"(4, 8, 24)",3.9577593186454885
"(4, 24, 38)",3.9577593186454885
"(4, 24, 47)",3.9577593186454885
"(8, 24, 38)",3.9577593186454885
"(8, 24, 47)",3.9577593186454885
"(24, 38, 47)",3.9577593186454885
"(7, 42, 49)",3.939478375932249
"(5, 20, 22)",3.936673466221496
"(32, 34, 44)",3.936604320874179
"(15, 25, 45)",3.9352787740694417
"(1, 5, 45)",3.926261250856667
"(13, 21)",3.924864453426384
"(7, 36)",3.9199256876852324
"(7, 13, 39)",3.9198211076685454
"(4, 44, 45)",3.9185077348248614
"(8, 44, 45)",3.9185077348248614
"(38, 44, 45)",3.9185077348248614
"(44, 45, 47)",3.9185077348248614
"(8, 10, 22)",3.9169103834130308
"(7, 20, 44)",3.916174811938917
"(5, 13, 42)",3.915945808636602
"(36, 41, 48)",3.91067784698039
"(4, 20, 41)",3.907302548602374
"(8, 20, 41)",3.907302548602374
"(20, 38, 41)",3.907302548602374
"(20, 41, 47)",3.907302548602374
"(1, 41, 46)",3.906745787119146
"(1, 20, 25)",3.904154263338549
"(4, 14, 45)",3.898888517799925
"(8, 14, 45)",3.898888517799925
"(14, 38, 45)",3.898888517799925
"(14, 45, 47)",3.898888517799925
"(7, 14, 20)",3.8965555949139805
"(1, 33, 41)",3.8956271298722385
"(5, 22, 25)",3.8916977459074937
"(4, 18, 22)",3.8880267765624064
"(8, 18, 22)",3.8880267765624064
"(18, 22, 38)",3.8880267765624064
"(5, 7, 41)",3.882100892920545
"(1, 28, 44)",3.879045491333864
"(13, 20, 22)",3.8769638153554604
"(1, 7, 18)",3.8752816383116326
"(7, 34, 45)",3.8750895301594364
"(7, 25, 44)",3.8711990916249146
"(1, 13, 45)",3.8665515999906317
"(19, 30, 39)",3.864005347793641
"(4, 25, 41)",3.8623268282883716
"(8, 25, 41)",3.8623268282883716
"(25, 38, 41)",3.8623268282883716
"(25, 41, 47)",3.8623268282883716
"(5, 21, 45)",3.8604923353881233
"(1, 14, 28)",3.8594262743089276
"(32, 36, 44)",3.8590049647427302
"(7, 14, 25)",3.8515798745999783
"(20, 21, 25)",3.838385347870005
"(5, 15, 18)",3.8359339931547076
"(18, 45)",3.8332450171451105
"(13, 22, 25)",3.8319880950414587
"(4, 5, 32)",3.8266559526743897
"(5, 8, 32)",3.8266559526743897
"(5, 32, 38)",3.8266559526743897
"(5, 32, 47)",3.8266559526743897
"(7, 13, 41)",3.82239124205451
"(7, 18, 21)",3.809512722843089
"(5, 20, 34)",3.8046173742716176
"(1, 41, 48)",3.80138539764296
"(13, 21, 45)",3.8007826845220887
"(7, 36, 45)",3.7974901740279874
"(19, 22, 47)",3.7890943785400006
"(7, 44, 49)",3.7866568396848264
"(8, 10, 34)",3.7848542914631533
"(4, 5, 48)",3.7814200774663185
"(5, 8, 48)",3.7814200774663185
"(5, 38, 48)",3.7814200774663185
"(5, 47, 48)",3.7814200774663185
"(13, 15, 18)",3.7762243422886725
"(4, 22)",3.775104721055248
"(8, 22)",3.775104721055248
"(22, 38)",3.775104721055248
"(7, 14, 49)",3.76703762265989
"(4, 13, 32)",3.7669463018083547
"(8, 13, 32)",3.7669463018083547
"(13, 32, 38)",3.7669463018083547
"(13, 32, 47)",3.7669463018083547
"(5, 13, 44)",3.763124272389179
"(4, 20, 42)",3.762793589018356
"(8, 20, 42)",3.762793589018356
"(20, 38, 42)",3.762793589018356
"(20, 42, 47)",3.762793589018356
"(1, 42, 46)",3.762236827535129
"(5, 25, 34)",3.759641653957616
"(1, 7)",3.755987013679088
"(4, 18, 34)",3.7559706846125285
"(8, 18, 34)",3.7559706846125285
"(18, 34, 38)",3.7559706846125285
"(18, 34, 47)",3.7559706846125285
"(1, 33, 42)",3.7511181702882213
"(1, 32, 44)",3.7497125154053004
"(13, 20, 34)",3.7449077234055825
"(4, 5, 43)",3.7439259072689737
"(5, 8, 43)",3.7439259072689737
"(5, 38, 43)",3.7439259072689737
"(5, 43, 47)",3.7439259072689737
"(5, 13, 14)",3.743505055364243
"(5, 7, 42)",3.7375919333365277
"(21, 41, 48)",3.7356164821744167
"(5, 20, 36)",3.7270180181401686
"(11, 18, 37)",3.7230901695565324
"(4, 13, 48)",3.7217104266002834
"(8, 13, 48)",3.7217104266002834
"(13, 38, 48)",3.7217104266002834
"(13, 47, 48)",3.7217104266002834
"(4, 25, 42)",3.7178178687043544
"(8, 25, 42)",3.7178178687043544
"(25, 38, 42)",3.7178178687043544
"(25, 42, 47)",3.7178178687043544
"(8, 10, 36)",3.7072549353317044
"(4, 22, 45)",3.7009428629413312
"(8, 22, 45)",3.7009428629413312
"(22, 38, 45)",3.7009428629413312
"(13, 25, 34)",3.6999320030915808
"(7, 20, 22)",3.6986099400553862
"(5, 15)",3.6969655459437
"(1, 7, 45)",3.688197724690557
"(4, 13, 43)",3.6842162564029386
"(8, 13, 43)",3.6842162564029386
"(13, 38, 43)",3.6842162564029386
"(13, 43, 47)",3.6842162564029386
"(21, 32, 44)",3.683943599936757
"(4, 8, 19)",3.682297519504284
"(4, 19, 38)",3.682297519504284
"(4, 19, 47)",3.682297519504284
"(8, 19, 38)",3.682297519504284
"(8, 19, 47)",3.682297519504284
"(19, 38, 47)",3.682297519504284
"(5, 25, 36)",3.682042297826167
"(4, 18, 36)",3.6783713284810795
"(8, 18, 36)",3.6783713284810795
"(18, 36, 38)",3.6783713284810795
"(18, 36, 47)",3.6783713284810795
"(7, 13, 42)",3.6778822824704926
"(4, 5, 39)",3.6733279993665975
"(5, 8, 39)",3.6733279993665975
"(5, 38, 39)",3.6733279993665975
"(5, 39, 47)",3.6733279993665975
"(13, 20, 36)",3.6673083672741336
"(1, 22, 28)",3.661480619450333
"(7, 21)",3.6573336404762724
"(7, 22, 25)",3.653634219741384
"(5, 15, 45)",3.6488500795336325
"(14, 30, 32)",3.633310186301178
"(15, 20, 25)",3.626743092015514
"(7, 21, 45)",3.622428809222014
"(13, 25, 36)",3.622332646960132
"(1, 5, 20)",3.617725568802739
"(4, 13, 39)",3.6136183485005624
"(8, 13, 39)",3.6136183485005624
"(13, 38, 39)",3.6136183485005624
"(13, 39, 47)",3.6136183485005624
"(4, 20, 44)",3.6099720527709334
"(8, 20, 44)",3.6099720527709334
"(20, 38, 44)",3.6099720527709334
"(20, 44, 47)",3.6099720527709334
"(1, 44, 46)",3.609415291287706
"(13, 15)",3.6074010696446472
"(1, 33, 44)",3.5982966340407985
"(1, 8, 10)",3.597962485994274
"(7, 15, 18)",3.597870466988598
"(4, 14, 20)",3.590352835745997
"(8, 14, 20)",3.590352835745997
"(14, 20, 38)",3.590352835745997
"(14, 20, 47)",3.590352835745997
"(1, 14, 46)",3.58979607426277
"(13, 15, 45)",3.589140428667597
"(4, 7, 32)",3.58859242650828
"(7, 8, 32)",3.58859242650828
"(7, 32, 38)",3.58859242650828
"(7, 32, 47)",3.58859242650828
"(14, 30, 48)",3.5880743110931066
"(5, 7, 44)",3.584770397089105
"(1, 14, 33)",3.578677417015862
"(4, 34)",3.577020583130431
"(8, 34)",3.577020583130431
"(34, 38)",3.577020583130431
"(34, 47)",3.577020583130431
"(4, 5, 41)",3.575898133752562
"(5, 8, 41)",3.575898133752562
"(5, 38, 41)",3.575898133752562
"(5, 41, 47)",3.575898133752562
"(1, 5, 25)",3.572749848488737
"(7, 22, 49)",3.5690919678012953
"(1, 4, 18)",3.5690788791436496
"(1, 8, 18)",3.5690788791436496
"(1, 18, 38)",3.5690788791436496
"(1, 18, 47)",3.5690788791436496
"(4, 34, 45)",3.568886770991453
"(8, 34, 45)",3.568886770991453
"(34, 38, 45)",3.568886770991453
"(34, 45, 47)",3.568886770991453
"(7, 20, 34)",3.5665538481055084
"(5, 7, 14)",3.5651511800641686
"(4, 25, 44)",3.5649963324569316
"(8, 25, 44)",3.5649963324569316
"(25, 38, 44)",3.5649963324569316
"(25, 44, 47)",3.5649963324569316
"(1, 13, 20)",3.5580159179367037
"(45,)",3.5526191467134973
"(5, 20, 21)",3.5519566533341953
"(14, 30, 43)",3.550580140895762
"(5, 13, 22)",3.545559400505649
"(4, 14, 25)",3.5453771154319953
"(8, 14, 25)",3.5453771154319953
"(14, 25, 38)",3.5453771154319953
"(14, 25, 47)",3.5453771154319953
"(4, 7, 48)",3.5433565513002088
"(7, 8, 48)",3.5433565513002088
"(7, 38, 48)",3.5433565513002088
"(7, 47, 48)",3.5433565513002088
"(11, 37, 45)",3.5360062559354573
"(8, 10, 21)",3.532193570525731
"(1, 28, 34)",3.5294245275004554
"(7, 13, 44)",3.52506074622307
"(15, 41, 48)",3.5239742263199254
"(11, 37)",3.5236936303526263
"(7, 25, 34)",3.521578127791506
"(4, 13, 41)",3.516188482886527
"(8, 13, 41)",3.516188482886527
"(13, 38, 41)",3.516188482886527
"(13, 41, 47)",3.516188482886527
"(1, 13, 25)",3.513040197622702
"(5, 21, 25)",3.5069809330201935
"(4, 7, 43)",3.505862381102864
"(7, 8, 43)",3.505862381102864
"(7, 38, 43)",3.505862381102864
"(7, 43, 47)",3.505862381102864
"(7, 13, 14)",3.5054415291981336
"(4, 18, 21)",3.503309963675106
"(8, 18, 21)",3.503309963675106
"(18, 21, 38)",3.503309963675106
"(18, 21, 47)",3.503309963675106
"(13, 20, 21)",3.49224700246816
"(4, 36, 45)",3.491287414860004
"(8, 36, 45)",3.491287414860004
"(36, 38, 45)",3.491287414860004
"(36, 45, 47)",3.491287414860004
"(7, 20, 36)",3.4889544919740594
"(15, 32, 44)",3.4723013440822657
"(30, 32, 39)",3.464097495629654
"(4, 36)",3.4606215489332577
"(8, 36)",3.4606215489332577
"(36, 38)",3.4606215489332577
"(36, 47)",3.4606215489332577
"(1, 28, 36)",3.4518251713690065
"(13, 21, 25)",3.4472712821541585
"(7, 25, 36)",3.443978771660057
"(7, 34, 49)",3.437035875851418
"(4, 7, 39)",3.435264473200488
"(7, 8, 39)",3.435264473200488
"(7, 38, 39)",3.435264473200488
"(7, 39, 47)",3.435264473200488
"(4, 5, 42)",3.4313891741685447
"(5, 8, 42)",3.4313891741685447
"(5, 38, 42)",3.4313891741685447
"(5, 42, 47)",3.4313891741685447
"(18, 20, 45)",3.4311673782806444
"(30, 39, 48)",3.4188616204215827
"(5, 13, 34)",3.4135033085557707
"(18, 31, 36)",3.4115938450236873
"(7, 15, 45)",3.4107865533675223
"(4, 20, 22)",3.3924071808874032
"(8, 20, 22)",3.3924071808874032
"(20, 22, 38)",3.3924071808874032
"(1, 22, 46)",3.3918504194041756
"(22, 32, 47)",3.3891865263760135
"(18, 25, 45)",3.3861916579666422
"(14, 30, 41)",3.38255236737935
"(1, 4, 45)",3.3819949655225745
"(1, 8, 45)",3.3819949655225745
"(1, 38, 45)",3.3819949655225745
"(1, 45, 47)",3.3819949655225745
"(30, 39, 43)",3.381367450224238
"(1, 22, 33)",3.380731762157268
"(1, 7, 20)",3.379662042636629
"(4, 13, 42)",3.3716795233025096
"(8, 13, 42)",3.3716795233025096
"(13, 38, 42)",3.3716795233025096
"(13, 42, 47)",3.3716795233025096
"(18, 20)",3.3704414940642184
"(5, 7, 22)",3.3672055252055744
"(7, 36, 49)",3.359436519719969
"(4, 22, 25)",3.347431460573401
"(8, 22, 25)",3.347431460573401
"(22, 25, 38)",3.347431460573401
"(22, 47, 48)",3.343950651167942
"(5, 15, 20)",3.3403143974797045
"(7, 15)",3.3398702566945357
"(4, 7, 41)",3.3378346075864522
"(7, 8, 41)",3.3378346075864522
"(7, 38, 41)",3.3378346075864522
"(7, 41, 47)",3.3378346075864522
"(5, 13, 36)",3.3359039524243217
"(1, 7, 25)",3.3346863223226273
"(8, 10, 15)",3.3205513146712398
"(4, 21, 45)",3.3162260500540306
"(8, 21, 45)",3.3162260500540306
"(21, 38, 45)",3.3162260500540306
"(21, 45, 47)",3.3162260500540306
"(7, 20, 21)",3.313893127168086
"(7, 13, 22)",3.3074958743395393
"(22, 43, 47)",3.3064564809705974
"(18, 25)",3.3029779135932156
"(1, 4)",3.296682874927113
"(1, 8)",3.296682874927113
"(1, 38)",3.296682874927113
"(1, 47)",3.296682874927113
"(5, 15, 25)",3.2953386771657023
"(4, 15, 18)",3.291667707820615
"(8, 15, 18)",3.291667707820615
"(15, 18, 38)",3.291667707820615
"(15, 18, 47)",3.291667707820615
"(4, 8, 32)",3.282389667340297
"(4, 32, 38)",3.282389667340297
"(4, 32, 47)",3.282389667340297
"(8, 32, 38)",3.282389667340297
"(8, 32, 47)",3.282389667340297
"(32, 38, 47)",3.282389667340297
"(13, 15, 20)",3.280604746613669
"(4, 5, 44)",3.278567637921122
"(5, 8, 44)",3.278567637921122
"(5, 38, 44)",3.278567637921122
"(5, 44, 47)",3.278567637921122
"(1, 21, 28)",3.276763806563033
"(7, 21, 25)",3.268917406854084
"(4, 20, 34)",3.260351088937525
"(8, 20, 34)",3.260351088937525
"(20, 34, 38)",3.260351088937525
"(20, 34, 47)",3.260351088937525
"(1, 34, 46)",3.2597943274542978
"(4, 5, 14)",3.2589484208961856
"(5, 8, 14)",3.2589484208961856
"(5, 14, 38)",3.2589484208961856
"(5, 14, 47)",3.2589484208961856
"(1, 7, 49)",3.2501440703825386
"(1, 33, 34)",3.24867567020739
"(14, 30, 42)",3.238043407795333
"(4, 8, 48)",3.2371537921322258
"(4, 38, 48)",3.2371537921322258
"(4, 47, 48)",3.2371537921322258
"(8, 38, 48)",3.2371537921322258
"(8, 47, 48)",3.2371537921322258
"(38, 47, 48)",3.2371537921322258
"(22, 39, 47)",3.2358585730682212
"(13, 15, 25)",3.235629026299667
"(5, 7, 34)",3.2351494332556965
"(11, 20, 37)",3.2274705738815292
"(1, 5, 13)",3.2266115030868923
"(31, 36, 45)",3.224509931402612
"(4, 13, 44)",3.218857987055087
"(8, 13, 44)",3.218857987055087
"(13, 38, 44)",3.218857987055087
"(13, 44, 47)",3.218857987055087
"(4, 25, 34)",3.215375368623523
"(8, 25, 34)",3.215375368623523
"(25, 34, 38)",3.215375368623523
"(25, 34, 47)",3.215375368623523
"(30, 39, 41)",3.213339676707826
"(4, 8, 43)",3.199659621934881
"(4, 38, 43)",3.199659621934881
"(4, 43, 47)",3.199659621934881
"(8, 38, 43)",3.199659621934881
"(8, 43, 47)",3.199659621934881
"(38, 43, 47)",3.199659621934881
"(4, 13, 14)",3.1992387700301506
"(8, 13, 14)",3.1992387700301506
"(13, 14, 38)",3.1992387700301506
"(13, 14, 47)",3.1992387700301506
"(4, 21)",3.1980295017242977
"(8, 21)",3.1980295017242977
"(21, 38)",3.1980295017242977
"(21, 47)",3.1980295017242977
"(4, 7, 42)",3.193325648002435
"(7, 8, 42)",3.193325648002435
"(7, 38, 42)",3.193325648002435
"(7, 42, 47)",3.193325648002435
"(7, 21, 49)",3.1843751549139956
"(14, 30, 39)",3.1828647253527977
"(4, 20, 36)",3.182751732806076
"(8, 20, 36)",3.182751732806076
"(20, 36, 38)",3.182751732806076
"(20, 36, 47)",3.182751732806076
"(11, 25, 37)",3.1824948535675275
"(1, 36, 46)",3.182194971322849
"(7, 13, 34)",3.1754397823896614
"(1, 33, 36)",3.171076314075941
"(5, 13, 21)",3.1608425876183484
"(5, 7, 36)",3.1575500771242475
"(22, 41, 47)",3.1384287074541857
"(4, 25, 36)",3.137776012492074
"(8, 25, 36)",3.137776012492074
"(25, 36, 38)",3.137776012492074
"(25, 36, 47)",3.137776012492074
"(4, 8, 39)",3.1290617140325048
"(4, 38, 39)",3.1290617140325048
"(4, 39, 47)",3.1290617140325048
"(8, 38, 39)",3.1290617140325048
"(8, 39, 47)",3.1290617140325048
"(38, 39, 47)",3.1290617140325048
"(4, 15, 45)",3.10458379419954
"(8, 15, 45)",3.10458379419954
"(15, 38, 45)",3.10458379419954
"(15, 45, 47)",3.10458379419954
"(7, 15, 20)",3.1022508713135943
"(5, 18, 45)",3.099762963430833
"(7, 13, 36)",3.0978404262582124
"(20, 45)",3.0898156236326053
"(14, 30, 44)",3.08522187154791
"(18, 20, 25)",3.0776559759127147
"(1, 4, 20)",3.0734592834686465
"(1, 8, 20)",3.0734592834686465
"(1, 20, 38)",3.0734592834686465
"(1, 20, 47)",3.0734592834686465
"(30, 39, 42)",3.068830717123809
"(1, 15, 28)",3.0651215507085414
"(4, 5, 22)",3.0610027660375914
"(5, 8, 22)",3.0610027660375914
"(5, 22, 38)",3.0610027660375914
"(7, 15, 25)",3.0572751509995926
"(31, 36)",3.0561349773751756
"(1, 5, 7)",3.0482576277868176
"(4, 7, 44)",3.0405041117550122
"(7, 8, 44)",3.0405041117550122
"(7, 38, 44)",3.0405041117550122
"(7, 44, 47)",3.0405041117550122
"(13, 18, 45)",3.0400533125647975
"(4, 8, 41)",3.031631848418469
"(4, 38, 41)",3.031631848418469
"(4, 41, 47)",3.031631848418469
"(8, 38, 41)",3.031631848418469
"(8, 41, 47)",3.031631848418469
"(38, 41, 47)",3.031631848418469
"(1, 4, 25)",3.0284835631546443
"(1, 8, 25)",3.0284835631546443
"(1, 25, 38)",3.0284835631546443
"(1, 25, 47)",3.0284835631546443
"(25, 45)",3.0223520431616024
"(4, 7, 14)",3.020884894730076
"(7, 8, 14)",3.020884894730076
"(7, 14, 38)",3.020884894730076
"(7, 14, 47)",3.020884894730076
"(4, 20, 21)",3.0076903680001026
"(8, 20, 21)",3.0076903680001026
"(20, 21, 38)",3.0076903680001026
"(20, 21, 47)",3.0076903680001026
"(1, 21, 46)",3.0071336065168754
"(4, 13, 22)",3.0012931151715563
"(8, 13, 22)",3.0012931151715563
"(13, 22, 38)",3.0012931151715563
"(1, 21, 33)",2.9960149492699677
"(22, 42, 47)",2.9939197478701685
"(1, 7, 13)",2.9885479769207826
"(5, 7, 21)",2.982488712318274
"(18, 41, 48)",2.974887110217126
"(7, 15, 49)",2.972732899059504
"(4, 21, 25)",2.962714647686101
"(8, 21, 25)",2.962714647686101
"(21, 25, 38)",2.962714647686101
"(21, 25, 47)",2.962714647686101
"(5, 13, 15)",2.9492003317638575
"(4, 5, 34)",2.9289466740877135
"(5, 8, 34)",2.9289466740877135
"(5, 34, 38)",2.9289466740877135
"(5, 34, 47)",2.9289466740877135
"(18, 32, 44)",2.923214227979466
"(7, 13, 21)",2.922779061452239
"(30, 39, 44)",2.916009180876386
"(20, 31, 36)",2.9159742493486838
"(5, 11, 37)",2.896066159031718
"(20, 25, 45)",2.890572062291639
"(4, 8, 42)",2.887122888834452
"(4, 38, 42)",2.887122888834452
"(4, 42, 47)",2.887122888834452
"(8, 38, 42)",2.887122888834452
"(8, 42, 47)",2.887122888834452
"(38, 42, 47)",2.887122888834452
"(4, 15)",2.880566117942561
"(8, 15)",2.880566117942561
"(15, 38)",2.880566117942561
"(15, 47)",2.880566117942561
"(5, 18)",2.873334871789501
"(25, 31, 36)",2.870998529034682
"(4, 13, 34)",2.8692370232216784
"(8, 13, 34)",2.8692370232216784
"(13, 34, 38)",2.8692370232216784
"(13, 34, 47)",2.8692370232216784
"(14, 22, 30)",2.867656999664379
"(7, 18, 45)",2.861699437264723
"(4, 5, 36)",2.8513473179562645
"(5, 8, 36)",2.8513473179562645
"(5, 36, 38)",2.8513473179562645
"(5, 36, 47)",2.8513473179562645
"(22, 44, 47)",2.8410982116227457
"(11, 13, 37)",2.8363565081656823
"(4, 7, 22)",2.8229392398714817
"(7, 8, 22)",2.8229392398714817
"(7, 22, 38)",2.8229392398714817
"(14, 22, 47)",2.8214789945978094
"(4, 15, 20)",2.7960481121456118
"(8, 15, 20)",2.7960481121456118
"(15, 20, 38)",2.7960481121456118
"(15, 20, 47)",2.7960481121456118
"(1, 15, 46)",2.795491350662384
"(4, 13, 36)",2.7916376670902294
"(8, 13, 36)",2.7916376670902294
"(13, 36, 38)",2.7916376670902294
"(13, 36, 47)",2.7916376670902294
"(5, 18, 20)",2.791227281376905
"(41, 45, 48)",2.7878031965960504
"(1, 15, 33)",2.7843726934154764
"(13, 18)",2.783770395490448
"(8, 10, 18)",2.7714641985684403
"(5, 7, 15)",2.770846456463783
"(4, 15, 25)",2.7510723918316096
"(8, 15, 25)",2.7510723918316096
"(15, 25, 38)",2.7510723918316096
"(15, 25, 47)",2.7510723918316096
"(5, 18, 25)",2.746251561062903
"(1, 4, 5)",2.7420548686188346
"(1, 5, 8)",2.7420548686188346
"(1, 5, 38)",2.7420548686188346
"(1, 5, 47)",2.7420548686188346
"(32, 44, 45)",2.736130314358391
"(14, 30, 34)",2.7356009077145016
"(4, 8, 44)",2.734301352587029
"(4, 38, 44)",2.734301352587029
"(4, 44, 47)",2.734301352587029
"(8, 38, 44)",2.734301352587029
"(8, 44, 47)",2.734301352587029
"(38, 44, 47)",2.734301352587029
"(13, 18, 20)",2.7315176305108695
"(4, 8, 14)",2.714682135562093
"(4, 14, 38)",2.714682135562093
"(4, 14, 47)",2.714682135562093
"(8, 14, 38)",2.714682135562093
"(8, 14, 47)",2.714682135562093
"(14, 38, 47)",2.714682135562093
"(7, 13, 15)",2.711136805597748
"(22, 30, 39)",2.6984443089928556
"(4, 7, 34)",2.6908831479216038
"(7, 8, 34)",2.6908831479216038
"(7, 34, 38)",2.6908831479216038
"(7, 34, 47)",2.6908831479216038
"(13, 18, 25)",2.6865419101968677
"(1, 4, 13)",2.6823452177527995
"(1, 8, 13)",2.6823452177527995
"(1, 13, 38)",2.6823452177527995
"(1, 13, 47)",2.6823452177527995
"(4, 5, 21)",2.676285953150291
"(5, 8, 21)",2.676285953150291
"(5, 21, 38)",2.676285953150291
"(5, 21, 47)",2.676285953150291
"(7, 11, 37)",2.658002632865608
"(14, 30, 36)",2.6580015515830526
"(20,)",2.6270121005517133
"(4, 13, 21)",2.616576302284256
"(8, 13, 21)",2.616576302284256
"(13, 21, 38)",2.616576302284256
"(13, 21, 47)",2.616576302284256
"(4, 7, 36)",2.613283791790155
"(7, 8, 36)",2.613283791790155
"(7, 36, 38)",2.613283791790155
"(7, 36, 47)",2.613283791790155
"(5, 20, 45)",2.6041433677558294
"(5, 45)",2.5927090013578877
"(5, 31, 36)",2.5845698344988723
"(8, 10, 45)",2.5843802849473647
"(30, 34, 39)",2.5663882170429777
"(20, 25)",2.5595485200807104
"(5, 25, 45)",2.5591676474418277
"(4, 18, 45)",2.5554966780967403
"(8, 18, 45)",2.5554966780967403
"(18, 38, 45)",2.5554966780967403
"(18, 45, 47)",2.5554966780967403
"(7, 18, 20)",2.553163755210795
"(1, 14, 30)",2.5487091022456223
"(13, 20, 45)",2.5444337168897944
"(13, 31, 36)",2.5248601836328373
"(4, 8, 22)",2.5167364807034986
"(4, 22, 38)",2.5167364807034986
"(8, 22, 38)",2.5167364807034986
"(7, 18)",2.5162395825403365
"(1, 18, 28)",2.516034434605742
"(7, 18, 25)",2.508188034896793
"(1, 4, 7)",2.503991342452725
"(1, 7, 8)",2.503991342452725
"(1, 7, 38)",2.503991342452725
"(1, 7, 47)",2.503991342452725
"(13, 45)",2.503144525058835
"(13, 25, 45)",2.499457996575792
"(25,)",2.4920849396097076
"(22, 34, 47)",2.491477247789337
"(30, 36, 39)",2.4887888609115287
"(14, 21, 30)",2.482940186777079
"(20, 41, 48)",2.4792675145421224
"(4, 5, 15)",2.4646436972958
"(5, 8, 15)",2.4646436972958
"(5, 15, 38)",2.4646436972958
"(5, 15, 47)",2.4646436972958
"(4, 7, 21)",2.4382224269841815
"(7, 8, 21)",2.4382224269841815
"(7, 21, 38)",2.4382224269841815
"(7, 21, 47)",2.4382224269841815
"(25, 41, 48)",2.4342917942281206
"(20, 32, 44)",2.427594632304463
"(7, 18, 49)",2.4236457829567044
"(22, 36, 47)",2.4138778916578882
"(4, 13, 15)",2.404934046429765
"(8, 13, 15)",2.404934046429765
"(13, 15, 38)",2.404934046429765
"(13, 15, 47)",2.404934046429765
"(41, 48)",2.4036466468878706
"(5, 13, 18)",2.400113215661058
"(4, 8, 34)",2.3846803887536208
"(4, 34, 38)",2.3846803887536208
"(4, 34, 47)",2.3846803887536208
"(8, 34, 38)",2.3846803887536208
"(8, 34, 47)",2.3846803887536208
"(34, 38, 47)",2.3846803887536208
"(25, 32, 44)",2.382618911990461
"(1, 30, 39)",2.379496411574099
"(7, 20, 45)",2.3660798415897197
"(4, 11, 37)",2.351799873697625
"(8, 11, 37)",2.351799873697625
"(11, 37, 38)",2.351799873697625
"(11, 37, 47)",2.351799873697625
"(7, 31, 36)",2.3465063083327626
"(1, 28, 45)",2.328950520984667
"(32, 44)",2.326212444257251
"(7, 25, 45)",2.321104121275718
"(21, 30, 39)",2.3137274961055554
"(4, 8, 36)",2.307081032622172
"(4, 36, 38)",2.307081032622172
"(4, 36, 47)",2.307081032622172
"(8, 36, 38)",2.307081032622172
"(8, 36, 47)",2.307081032622172
"(36, 38, 47)",2.307081032622172
"(1, 22, 47)",2.3045854423204584
"(8, 10, 20)",2.2758446028934367
"(14, 15, 30)",2.271297930922588
"(5, 20, 25)",2.2506319653878997
"(4, 18, 20)",2.2469609960428123
"(8, 18, 20)",2.2469609960428123
"(18, 20, 38)",2.2469609960428123
"(18, 20, 47)",2.2469609960428123
"(1, 18, 46)",2.2464042345595847
"(21, 22, 47)",2.238816526851915
"(7, 45, 49)",2.2365618693356293
"(7, 45)",2.2356137121087234
"(1, 18, 33)",2.235285577312677
"(8, 10, 25)",2.230868882579435
"(4, 7, 15)",2.22658017112969
"(7, 8, 15)",2.22658017112969
"(7, 15, 38)",2.22658017112969
"(7, 15, 47)",2.22658017112969
"(5, 7, 18)",2.2217593403609834
"(5, 13, 45)",2.2130293020399825
"(4, 18, 25)",2.20198527572881
"(8, 18, 25)",2.20198527572881
"(18, 25, 38)",2.20198527572881
"(18, 25, 47)",2.20198527572881
"(1, 4, 8)",2.197788583284742
"(1, 4, 38)",2.197788583284742
"(1, 4, 47)",2.197788583284742
"(1, 8, 38)",2.197788583284742
"(1, 8, 47)",2.197788583284742
"(1, 38, 47)",2.197788583284742
"(13, 20, 25)",2.190922314521864
"(7, 13, 18)",2.1620496894949484
"(5, 41, 48)",2.1478630996923105
"(4, 8, 21)",2.1320196678161984
"(4, 21, 38)",2.1320196678161984
"(4, 21, 47)",2.1320196678161984
"(8, 21, 38)",2.1320196678161984
"(8, 21, 47)",2.1320196678161984
"(21, 38, 47)",2.1320196678161984
"(5, 20)",2.1299054782769957
"(15, 30, 39)",2.102085240251064
"(8, 10)",2.098604612212867
"(5, 32, 44)",2.096190217454651
"(13, 41, 48)",2.0881534488262754
"(5, 25)",2.062441897805993
"(4, 20, 45)",2.0598770824217367
"(8, 20, 45)",2.0598770824217367
"(20, 38, 45)",2.0598770824217367
"(20, 45, 47)",2.0598770824217367
"(1, 45, 46)",2.0593203209385096
"(4, 18)",2.056935443788362
"(8, 18)",2.056935443788362
"(18, 38)",2.056935443788362
"(18, 47)",2.056935443788362
"(1, 33, 45)",2.048201663691602
"(13, 20)",2.040341001977943
"(4, 31, 36)",2.0403035491647796
"(8, 31, 36)",2.0403035491647796
"(31, 36, 38)",2.0403035491647796
"(31, 36, 47)",2.0403035491647796
"(13, 32, 44)",2.036480566588616
"(5, 7, 45)",2.0346754267399083
"(15, 22, 47)",2.027174270997423
"(1, 20, 28)",2.020414838930739
"(4, 25, 45)",2.014901362107735
"(8, 25, 45)",2.014901362107735
"(25, 38, 45)",2.014901362107735
"(25, 45, 47)",2.014901362107735
"(7, 20, 25)",2.01256843922179
"(1, 25, 28)",1.975439118616737
"(7, 13, 45)",1.974965775873873
"(13, 25)",1.97287742150694
"(5, 8, 10)",1.9444401880436253
"(7, 20, 49)",1.9280261872817013
"(4, 8, 15)",1.9203774119617072
"(4, 15, 38)",1.9203774119617072
"(4, 15, 47)",1.9203774119617072
"(8, 15, 38)",1.9203774119617072
"(8, 15, 47)",1.9203774119617072
"(15, 38, 47)",1.9203774119617072
"(4, 5, 18)",1.9155565811930004
"(5, 8, 18)",1.9155565811930004
"(5, 18, 38)",1.9155565811930004
"(5, 18, 47)",1.9155565811930004
"(7, 41, 48)",1.9097995735262012
"(5, 13, 20)",1.9044936199860545
"(8, 10, 13)",1.88473053717759
"(7, 25, 49)",1.8830504669676995
"(5, 13, 25)",1.8595178996720527
"(7, 32, 44)",1.8581266912885415
"(4, 13, 18)",1.8558469303269651
"(8, 13, 18)",1.8558469303269651
"(13, 18, 38)",1.8558469303269651
"(13, 18, 47)",1.8558469303269651
"(4, 45)",1.7763095733567487
"(8, 45)",1.7763095733567487
"(38, 45)",1.7763095733567487
"(45, 47)",1.7763095733567487
"(7, 20)",1.7728101890278314
"(1, 20, 46)",1.7507846388845814
"(1, 20, 33)",1.7396659816376738
"(4, 5, 45)",1.728472667571925
"(5, 8, 45)",1.728472667571925
"(5, 38, 45)",1.728472667571925
"(5, 45, 47)",1.728472667571925
"(5, 7, 20)",1.7261397446859803
"(14, 18, 30)",1.7222108148197885
"(1, 28)",1.7143151511221326
"(7, 8, 10)",1.7063766618775156
"(4, 20, 25)",1.706365680053807
"(8, 20, 25)",1.706365680053807
"(20, 25, 38)",1.706365680053807
"(20, 25, 47)",1.706365680053807
"(1, 25, 46)",1.7058089185705794
"(7, 25)",1.7053466085568285
"(1, 25, 33)",1.6946902613236718
"(1, 5, 28)",1.6890104240809272
"(5, 7, 25)",1.6811640243719783
"(4, 7, 18)",1.6774930550268907
"(7, 8, 18)",1.6774930550268907
"(7, 18, 38)",1.6774930550268907
"(7, 18, 47)",1.6774930550268907
"(4, 13, 45)",1.6687630167058898
"(8, 13, 45)",1.6687630167058898
"(13, 38, 45)",1.6687630167058898
"(13, 45, 47)",1.6687630167058898
"(7, 13, 20)",1.666430093819945
"(5,)",1.6327988560022781
"(1, 13, 28)",1.6293007732148919
"(7, 13, 25)",1.621454373505943
"(4, 41, 48)",1.603596814358218
"(8, 41, 48)",1.603596814358218
"(38, 41, 48)",1.603596814358218
"(41, 47, 48)",1.603596814358218
"(5, 7, 49)",1.5966217724318899
"(7, 49)",1.5756286085165345
"(18, 30, 39)",1.5529981241482649
"(4, 32, 44)",1.5519239321205585
"(8, 32, 44)",1.5519239321205585
"(32, 38, 44)",1.5519239321205585
"(32, 44, 47)",1.5519239321205585
"(5, 13)",1.5432343797032253
"(7, 13, 49)",1.5369121215658545
"(14, 30, 45)",1.5351269011987132
"(4, 7, 45)",1.4904091414058156
"(7, 8, 45)",1.4904091414058156
"(7, 38, 45)",1.4904091414058156
"(7, 45, 47)",1.4904091414058156
"(18, 22, 47)",1.478087154894624
"(13,)",1.4536699034041725
"(1, 7, 28)",1.4509468979148175
"(4, 5, 20)",1.419936985517997
"(5, 8, 20)",1.419936985517997
"(5, 20, 38)",1.419936985517997
"(5, 20, 47)",1.419936985517997
"(1, 5, 46)",1.4193802240347697
"(1, 5, 33)",1.408261566787862
"(4, 8, 10)",1.4001739027095326
"(8, 10, 38)",1.4001739027095326
"(8, 10, 47)",1.4001739027095326
"(4, 5, 25)",1.374961265203995
"(5, 8, 25)",1.374961265203995
"(5, 25, 38)",1.374961265203995
"(5, 25, 47)",1.374961265203995
"(4, 8, 18)",1.3712902958589077
"(4, 18, 38)",1.3712902958589077
"(4, 18, 47)",1.3712902958589077
"(8, 18, 38)",1.3712902958589077
"(8, 18, 47)",1.3712902958589077
"(18, 38, 47)",1.3712902958589077
"(30, 39, 45)",1.3659142105271895
"(4, 13, 20)",1.3602273346519618
"(8, 13, 20)",1.3602273346519618
"(13, 20, 38)",1.3602273346519618
"(13, 20, 47)",1.3602273346519618
"(1, 13, 46)",1.3596705731687344
"(1, 13, 33)",1.3485519159218269
"(5, 7, 13)",1.3350256789701334
"(4, 13, 25)",1.31525161433796
"(8, 13, 25)",1.31525161433796
"(13, 25, 38)",1.31525161433796
"(13, 25, 47)",1.31525161433796
"(4, 20)",1.3135060502758567
"(8, 20)",1.3135060502758567
"(20, 38)",1.3135060502758567
"(20, 47)",1.3135060502758567
"(1, 46)",1.310379062621419
"(1, 33)",1.2937428041671402
"(22, 45, 47)",1.2910032412735486
"(5, 7)",1.2757035667531138
"(4, 25)",1.2460424698048538
"(8, 25)",1.2460424698048538
"(25, 38)",1.2460424698048538
"(25, 47)",1.2460424698048538
"(14, 20, 30)",1.2265912191447852
"(7, 13)",1.186139090454061
"(4, 8, 45)",1.1842063822378324
"(4, 38, 45)",1.1842063822378324
"(4, 45, 47)",1.1842063822378324
"(8, 38, 45)",1.1842063822378324
"(8, 45, 47)",1.1842063822378324
"(38, 45, 47)",1.1842063822378324
"(4, 7, 20)",1.1818734593518876
"(7, 8, 20)",1.1818734593518876
"(7, 20, 38)",1.1818734593518876
"(7, 20, 47)",1.1818734593518876
"(14, 25, 30)",1.1816154988307832
"(1, 7, 46)",1.18131669786866
"(1, 7, 33)",1.1701980406217525
"(1, 4, 28)",1.1447441387468344
"(1, 8, 28)",1.1447441387468344
"(1, 28, 38)",1.1447441387468344
"(1, 28, 47)",1.1447441387468344
"(4, 7, 25)",1.1368977390378856
"(7, 8, 25)",1.1368977390378856
"(7, 25, 38)",1.1368977390378856
"(7, 25, 47)",1.1368977390378856
"(20, 30, 39)",1.0573785284732615
"(4, 7, 49)",1.0523554870977971
"(7, 8, 49)",1.0523554870977971
"(7, 38, 49)",1.0523554870977971
"(7, 47, 49)",1.0523554870977971
"(4, 5, 13)",1.0288229198021501
"(5, 8, 13)",1.0288229198021501
"(5, 13, 38)",1.0288229198021501
"(5, 13, 47)",1.0288229198021501
"(25, 30, 39)",1.0124028081592598
"(20, 22, 47)",0.9824675592196205
"(22, 25, 47)",0.9374918389056186
"(7,)",0.9186082775039495
"(5, 14, 30)",0.8951868042949735
"(4, 8, 20)",0.8756707001839044
"(4, 20, 38)",0.8756707001839044
"(4, 20, 47)",0.8756707001839044
"(8, 20, 38)",0.8756707001839044
"(8, 20, 47)",0.8756707001839044
"(20, 38, 47)",0.8756707001839044
"(1, 4, 46)",0.875113938700677
"(1, 8, 46)",0.875113938700677
"(1, 38, 46)",0.875113938700677
"(1, 46, 47)",0.875113938700677
"(1, 4, 33)",0.8639952814537692
"(1, 8, 33)",0.8639952814537692
"(1, 33, 38)",0.8639952814537692
"(1, 33, 47)",0.8639952814537692
"(4, 5, 7)",0.8504690445020758
"(5, 7, 8)",0.8504690445020758
"(5, 7, 38)",0.8504690445020758
"(5, 7, 47)",0.8504690445020758
"(13, 14, 30)",0.8354771534289382
"(4, 8, 25)",0.8306949798699025
"(4, 25, 38)",0.8306949798699025
"(4, 25, 47)",0.8306949798699025
"(8, 25, 38)",0.8306949798699025
"(8, 25, 47)",0.8306949798699025
"(25, 38, 47)",0.8306949798699025
"(4, 5)",0.8163994280011391
"(5, 8)",0.8163994280011391
"(5, 38)",0.8163994280011391
"(5, 47)",0.8163994280011391
"(4, 7, 13)",0.7907593936360406
"(7, 8, 13)",0.7907593936360406
"(7, 13, 38)",0.7907593936360406
"(7, 13, 47)",0.7907593936360406
"(4, 13)",0.7268349517020862
"(8, 13)",0.7268349517020862
"(13, 38)",0.7268349517020862
"(13, 47)",0.7268349517020862
"(5, 30, 39)",0.7259741136234499
"(13, 30, 39)",0.6662644627574147
"(7, 14, 30)",0.657123278128864
"(5, 22, 47)",0.6510631443698088
"(13, 22, 47)",0.5913534935037736
"(4, 5, 8)",0.5442662853340927
"(4, 5, 38)",0.5442662853340927
"(4, 5, 47)",0.5442662853340927
"(5, 8, 38)",0.5442662853340927
"(5, 8, 47)",0.5442662853340927
"(5, 38, 47)",0.5442662853340927
"(14, 30)",0.523830790389562
"(7, 30, 39)",0.4879105874573403
"(4, 8, 13)",0.48455663446805747
"(4, 13, 38)",0.48455663446805747
"(4, 13, 47)",0.48455663446805747
"(8, 13, 38)",0.48455663446805747
"(8, 13, 47)",0.48455663446805747
"(13, 38, 47)",0.48455663446805747
"(4, 7)",0.45930413875197473
"(7, 8)",0.45930413875197473
"(7, 38)",0.45930413875197473
"(7, 47)",0.45930413875197473
"(7, 22, 47)",0.41299961820369924
"(4, 14, 30)",0.35092051896088083
"(8, 14, 30)",0.35092051896088083
"(14, 30, 38)",0.35092051896088083
"(14, 30, 47)",0.35092051896088083
"(4, 7, 8)",0.3062027591679831
"(4, 7, 38)",0.3062027591679831
"(4, 7, 47)",0.3062027591679831
"(7, 8, 38)",0.3062027591679831
"(7, 8, 47)",0.3062027591679831
"(7, 38, 47)",0.3062027591679831
"(30, 39)",0.2697930162592425
"(4, 30, 39)",0.18170782828935717
"(8, 30, 39)",0.18170782828935717
"(30, 38, 39)",0.18170782828935717
"(30, 39, 47)",0.18170782828935717
"(22, 47)",0.15929201121879408
"(4, 22, 47)",0.10679685903571616
"(8, 22, 47)",0.10679685903571616
"(22, 38, 47)",0.10679685903571616
"(4,)",0.0
"(8,)",0.0
"(38,)",0.0
"(47,)",0.0
"(4, 8)",0.0
"(4, 38)",0.0
"(4, 47)",0.0
"(8, 38)",0.0
"(8, 47)",0.0
"(38, 47)",0.0
"(4, 8, 38)",0.0
"(4, 8, 47)",0.0
"(4, 38, 47)",0.0
"(8, 38, 47)",0.0
